        Time / ns                e-field (t=0..end(0.00192)) (pb)_Z_0D_19/real
----------------------------------------------------------------------
                       0                               0
               0.0019258                               0
               0.0038516                               0
               0.0057774                               0
               0.0077032                               0
                0.009629                               0
               0.0115548                               0
               0.0134806                               0
               0.0154064                               0
               0.0173322                               0
                0.019258                               0
               0.0211838                               0
               0.0231096                               0
               0.0250354                               0
               0.0269612                               0
                0.028887                               0
               0.0308128                               0
               0.0327386                               0
               0.0346644                               0
               0.0365902                               0
                0.038516                               0
               0.0404418                               0
               0.0423676                               0
               0.0442934                               0
               0.0462192                               0
                0.048145                               0
               0.0500708                  -2.6113406e-25
               0.0519966                   9.9558348e-25
               0.0539224                   3.3164041e-23
               0.0558482                   1.0445274e-22
                0.057774                  -1.2256248e-22
               0.0596998                   -2.584933e-21
               0.0616256                   -1.212209e-20
               0.0635514                  -1.4831855e-19
               0.0654772                  -3.1945488e-19
                0.067403                  -3.1945242e-18
               0.0693288                    1.734161e-18
               0.0712546                   4.3811026e-18
               0.0731804                   5.8414105e-18
               0.0751062                   3.3588158e-17
                0.077032                  -6.7176317e-17
               0.0789578                   6.4255708e-17
               0.0808836                  -2.3646666e-30
               0.0828094                   4.0889909e-16
               0.0847352                   -6.482198e-30
                0.086661                  -7.0097641e-17
               0.0885868                  -7.0097641e-17
               0.0905126                  -8.1779819e-16
               0.0924384                  -2.1579797e-29
               0.0943642                  -6.0246892e-30
                 0.09629                   5.1404566e-16
               0.0982158                   1.6355964e-15
               0.1001416                   8.3104494e-30
               0.1020674                  -2.9908022e-15
               0.1039932                   1.4954015e-15
                0.105919                  -2.9908022e-15
               0.1078448                  -1.4496065e-30
               0.1097706                    2.990803e-15
               0.1116964                  -2.2431245e-15
               0.1136222                  -2.6169542e-14
                0.115548                  -1.9055114e-28
               0.1174738                   2.6169542e-14
               0.1193996                   -4.486249e-15
               0.1213254                   4.7852838e-14
               0.1232512                   4.0375875e-14
                0.125177                   9.5705677e-14
               0.1271028                   2.0201039e-27
               0.1290286                  -1.7944996e-14
               0.1309544                   9.1219424e-14
               0.1328802                    5.951332e-28
                0.134806                    1.615035e-13
               0.1367318                   2.8711704e-13
               0.1386576                   1.1963136e-13
               0.1405834                  -4.1871267e-13
               0.1425092                  -7.1779984e-14
                0.144435                  -7.1779984e-14
               0.1463608                   3.8282268e-13
               0.1482866                  -8.7331531e-13
               0.1502124                  -7.6564536e-13
               0.1521382                   1.5312908e-12
                0.154064                   1.6748507e-12
               0.1559898                   3.6004644e-26
               0.1579156                  -3.3497014e-12
               0.1598414                  -2.8711994e-13
               0.1617672                  -1.7714771e-26
                0.163693                   3.6368213e-12
               0.1656188                   1.1643589e-26
               0.1675446                   -1.958872e-26
               0.1694704                   1.3398806e-11
               0.1713962                  -8.4221241e-12
                0.173322                  -1.3398806e-11
               0.1752478                   2.6797611e-11
               0.1771736                    1.837549e-11
               0.1790994                   -4.593919e-12
               0.1810252                  -1.9906726e-11
                0.182951                   3.3688496e-11
               0.1848768                   4.6704345e-11
               0.1868026                   4.7013186e-25
               0.1887284                    9.187838e-12
               0.1906542                   -4.293548e-25
                 0.19258                   9.8002606e-11
               0.1945058                  -1.8375676e-11
               0.1964316                   1.8375676e-11
               0.1983574                   4.5014602e-25
               0.2002832                  -3.6751352e-11
                0.202209                  -4.1072631e-24
               0.2041348                   3.6751352e-11
               0.2060606                   3.6751352e-11
               0.2079864                   4.2876178e-10
               0.2099122                  -7.3502704e-11
                0.211838                  -6.6151834e-10
               0.2137638                   7.3502704e-11
               0.2156896                   1.4700541e-10
               0.2176154                   1.7150471e-09
               0.2195412                   1.4210363e-09
                0.221467                   2.9401082e-10
               0.2233928                  -1.7150471e-09
               0.2253186                  -1.0780319e-09
               0.2272444                   3.4300942e-09
               0.2291702                  -2.3296281e-23
                0.231096                  -3.4300942e-09
               0.2330218                  -3.1360834e-09
               0.2349476                  -2.5480609e-09
               0.2368734                  -6.2721668e-09
               0.2387992                   1.1760433e-09
                0.240725                    -7.44821e-09
               0.2426508                  -5.0961217e-09
               0.2445766                   1.3720377e-08
               0.2465024                  -1.4308398e-08
               0.2484282                  -2.7440754e-08
                0.250354                   2.0816182e-15
               0.2522798                   2.5088667e-08
               0.2542056                  -2.7440754e-08
               0.2561314                   -2.979284e-08
               0.2580572                  -9.4083461e-09
                0.259983                  -1.2603525e-21
               0.2619088                  -5.0177334e-08
               0.2638346                  -9.4083461e-09
               0.2657604                  -2.4679846e-21
               0.2676862                  -1.9130096e-07
                0.269612                  -1.0035467e-07
               0.2715378                   -1.693487e-07
               0.2734636                   -1.693487e-07
               0.2753894                  -1.1269374e-20
               0.2773152                   1.8816692e-08
                0.279241                  -2.1952603e-07
               0.2811668                  -4.3905206e-07
               0.2830926                  -4.3905206e-07
               0.2850184                  -4.0141867e-07
               0.2869442                   3.7633384e-08
                 0.28887                  -7.5266769e-08
               0.2907958                  -8.7810412e-07
               0.2927216                  -1.6056747e-06
               0.2946474                  -1.1666225e-06
               0.2965732                  -8.7810412e-07
                0.298499                  -1.8314749e-06
               0.3004248                  -2.6343123e-06
               0.3023506                   -2.408512e-06
               0.3042764                  -2.9102823e-06
               0.3062022                  -1.7562082e-06
                0.308128                  -2.7095791e-06
               0.3100538                  -5.1180909e-06
               0.3119796                  -7.0248329e-06
               0.3139054                  -6.7237661e-06
               0.3158312                  -5.1180909e-06
                0.317757                  -7.0248329e-06
               0.3196828                  -1.0537249e-05
               0.3216086                  -1.0236182e-05
               0.3235344                  -1.7863149e-05
               0.3254602                  -2.0773432e-05
                0.327386                  -8.8312372e-06
               0.3293118                  -2.7497197e-05
               0.3312376                  -4.0944731e-05
               0.3331634                  -2.6895064e-05
               0.3350892                  -5.4994394e-05
                0.337015                  -6.9044065e-05
               0.3389408                  -7.5466756e-05
               0.3408666                   -9.473486e-05
               0.3427924                  -9.5939125e-05
               0.3447182                  -0.00010998879
                0.346644                  -0.00015093351
               0.3485698                  -0.00017421578
               0.3504956                  -0.00024566837
               0.3524214                  -0.00022238609
               0.3543472                  -0.00021997758
                0.356273                  -0.00034843155
               0.3581988                  -0.00043995513
               0.3601246                  -0.00049615384
               0.3620504                  -0.00048651965
               0.3639762                  -0.00054271834
                0.365902                  -0.00076269591
               0.3678278                  -0.00087027613
               0.3697536                   -0.0012492156
               0.3716794                   -0.0012588497
               0.3736052                   -0.0014226286
                0.375531                   -0.0017501863
               0.3774568                   -0.0019557127
               0.3793826                   -0.0023121731
               0.3813084                   -0.0026204626
               0.3832342                   -0.0033783414
                 0.38516                   -0.0038471993
               0.3870858                   -0.0041747568
               0.3890116                   -0.0052794614
               0.3909374                   -0.0063263625
               0.3928632                   -0.0068144877
                0.394789                    -0.008066914
               0.3967148                    -0.010070798
               0.3986406                    -0.010931439
               0.4005664                     -0.01269126
               0.4024922                    -0.015234651
                0.404418                    -0.017482597
               0.4063438                    -0.018792827
               0.4082696                    -0.023096038
               0.4101954                    -0.027026732
               0.4121212                    -0.031522624
                0.414047                    -0.034965195
               0.4159728                    -0.039229866
               0.4178986                    -0.046192076
               0.4198244                    -0.054361757
               0.4217502                     -0.06296818
                0.423676                    -0.069853313
               0.4256018                    -0.079590134
               0.4275276                    -0.092538297
               0.4294534                     -0.10677101
               0.4313792                     -0.12100372
                0.433305                     -0.13790826
               0.4352308                      -0.1537852
               0.4371566                     -0.17130631
               0.4390824                     -0.20259772
               0.4410082                     -0.22895651
                0.442934                     -0.25711364
               0.4448598                      -0.2905117
               0.4467856                     -0.33243912
               0.4487114                     -0.37467477
               0.4506372                     -0.41300547
                0.452563                     -0.47651315
               0.4544888                     -0.53878772
               0.4564146                     -0.59510195
               0.4583404                     -0.67628491
               0.4602662                     -0.76311982
                0.462192                     -0.85149622
               0.4641178                     -0.95240986
               0.4660436                       -1.078192
               0.4679694                      -1.1986306
               0.4698952                      -1.3369498
                0.471821                      -1.4980824
               0.4737468                      -1.6688752
               0.4756726                      -1.8497384
               0.4775984                      -2.0797224
               0.4795242                      -2.3127894
                 0.48145                      -2.5583937
               0.4833758                      -2.8321552
               0.4853016                      -3.1388004
               0.4872274                       -3.476686
               0.4891532                      -3.8552663
                0.491079                      -4.2626195
               0.4930048                      -4.7118998
               0.4949306                      -5.2031083
               0.4968564                      -5.7193913
               0.4987822                      -6.2981534
                0.500708                      -6.8876042
               0.5026338                      -7.6003695
               0.5045596                      -8.3562956
               0.5064854                      -9.1303091
               0.5084112                      -10.014484
                0.510337                      -10.929897
               0.5122628                      -11.991238
               0.5141886                      -12.989273
               0.5161144                      -14.252028
               0.5180402                       -15.54849
                0.519966                      -16.866325
               0.5218918                      -18.299255
               0.5238176                      -19.926207
               0.5257434                      -21.637007
               0.5276692                      -23.383984
                0.529595                      -25.291265
               0.5315208                      -27.423809
               0.5334466                      -29.580194
               0.5353724                      -31.979099
               0.5372982                      -34.478302
                0.539224                      -37.025185
               0.5411498                      -39.864746
               0.5430756                      -42.793083
               0.5450014                       -46.02314
               0.5469272                      -49.394592
                0.548853                      -52.789886
               0.5507788                      -56.494301
               0.5527046                      -60.383682
               0.5546304                      -64.564911
               0.5565562                      -68.861237
                0.558482                      -73.251282
               0.5604078                      -77.919205
               0.5623336                       -82.91761
               0.5642594                      -88.098526
               0.5661852                      -93.389587
                0.568111                      -99.001282
               0.5700368                      -104.73795
               0.5719626                      -110.70478
               0.5738884                      -117.11228
               0.5758142                      -123.63489
                 0.57774                      -130.09991
               0.5796658                      -136.91025
               0.5815916                      -144.22368
               0.5835174                      -151.53223
               0.5854432                      -158.96078
                0.587369                      -166.60469
               0.5892948                      -174.47884
               0.5912206                      -182.46805
               0.5931464                      -190.73022
               0.5950722                      -199.11243
                0.596998                      -207.56201
               0.5989238                      -216.15961
               0.6008496                      -224.88708
               0.6027754                      -233.77734
               0.6047012                      -242.54263
                0.606627                      -251.44769
               0.6085528                      -260.56815
               0.6104786                      -269.55377
               0.6124044                      -278.50647
               0.6143302                      -278.50647
                0.616256                      -287.46414
               0.6181818                      -296.46457
               0.6201076                       -305.2496
               0.6220334                      -314.19739
               0.6239592                      -322.96759
                0.625885                      -331.31201
               0.6278108                      -339.75177
               0.6297366                      -348.07642
               0.6316624                      -356.12314
               0.6335882                      -363.78192
                0.635514                       -371.2655
               0.6374398                      -378.53375
               0.6393656                      -385.40411
               0.6412914                      -392.06812
               0.6432172                      -398.34402
                0.645143                      -404.17691
               0.6470688                      -409.58057
               0.6489946                      -414.62009
               0.6509204                      -419.30032
               0.6528462                      -423.45773
                0.654772                      -427.05939
               0.6566978                      -430.30914
               0.6586236                       -432.9884
               0.6605494                      -435.14728
               0.6624752                      -436.80789
                0.664401                       -437.8602
               0.6663268                      -438.33951
               0.6682526                      -438.24823
               0.6701784                      -437.61603
               0.6721042                        -436.521
                 0.67403                      -434.85294
               0.6759558                      -432.41376
               0.6778816                      -429.40527
               0.6798074                      -425.93884
               0.6817332                       -421.8353
                0.683659                      -417.27057
               0.6855848                      -412.13528
               0.6875106                      -406.25232
               0.6894364                      -399.83984
               0.6913622                      -393.14093
                0.693288                      -385.81802
               0.6952138                      -377.86377
               0.6971396                      -369.51236
               0.6990654                      -360.68417
               0.7009912                      -351.32947
                0.702917                      -341.67834
               0.7048428                      -331.56866
               0.7067686                      -320.95389
               0.7086944                      -310.01309
               0.7106202                      -298.75931
                0.712546                      -287.13901
               0.7144718                      -275.20984
               0.7163976                      -263.07495
               0.7183234                      -250.65909
               0.7202492                      -237.93062
                0.722175                      -224.98042
               0.7241008                      -211.92288
               0.7260266                      -198.69223
               0.7279524                      -185.29703
               0.7298782                      -171.73895
                0.731804                      -158.11237
               0.7337298                      -144.54553
               0.7356556                      -130.98604
               0.7375814                      -117.27959
               0.7395072                      -103.46234
                0.741433                      -89.768417
               0.7433588                      -76.269447
               0.7452846                      -62.835304
               0.7472104                      -49.411701
               0.7491362                      -36.086033
                0.751062                      -22.942255
               0.7529878                      -9.9425488
               0.7549136                       2.8782446
               0.7568394                       15.378778
               0.7587652                       27.652048
                0.760691                       39.881748
               0.7626168                       51.878994
               0.7645426                       63.415226
               0.7664684                       74.617012
               0.7683942                        85.61879
                 0.77032                       96.359024
               0.7722458                       106.77686
               0.7741716                       116.76978
               0.7760974                       126.29323
               0.7780232                        135.5173
                0.779949                       144.49727
               0.7818748                       153.04552
               0.7838006                        161.0779
               0.7857264                       168.68002
               0.7876522                       175.92258
                0.789578                       182.75937
               0.7915038                       189.11377
               0.7934296                       195.01202
               0.7953554                       200.43881
               0.7972812                       205.37131
                0.799207                       209.91884
               0.8011328                       213.99889
               0.8030586                       217.46387
               0.8049844                        220.4563
               0.8069102                       223.02632
                0.808836                       225.08662
               0.8107618                       226.68015
               0.8126876                        227.7498
               0.8146134                       228.23268
               0.8165392                       228.24565
                0.818465                       227.81769
               0.8203908                        226.8589
               0.8223166                       225.33296
               0.8242424                       223.30949
               0.8261682                        220.8445
                0.828094                       217.85423
               0.8300198                       214.32095
               0.8319456                       210.31651
               0.8338714                       205.81503
               0.8357972                       200.83244
                0.837723                       195.38539
               0.8396488                       189.41055
               0.8415746                       182.97997
               0.8435004                       176.16008
               0.8454262                       168.85889
                0.847352                       161.07733
               0.8492778                       152.91602
               0.8512036                        144.3748
               0.8531294                       135.36612
               0.8550552                       125.89355
                0.856981                       116.11836
               0.8589068                       106.09772
               0.8608326                        95.69632
               0.8627584                       84.913925
               0.8646842                       73.875206
                 0.86661                       62.558979
               0.8685358                       50.936462
               0.8704616                       39.102573
               0.8723874                       27.114265
               0.8743132                       14.966074
                0.876239                       2.6367049
               0.8781648                      -9.8681488
               0.8800906                      -22.423798
               0.8820164                       -34.97007
               0.8839422                      -47.612877
                0.885868                      -60.287117
               0.8877938                      -72.807877
               0.8897196                      -85.272911
               0.8916454                      -97.804314
               0.8935712                      -110.17805
                0.895497                      -122.21508
               0.8974228                      -134.04376
               0.8993486                      -145.70917
               0.9012744                      -157.07332
               0.9032002                      -168.09474
                0.905126                      -178.79214
               0.9070518                      -189.08675
               0.9089776                      -198.87621
               0.9109034                      -208.19786
               0.9128292                      -217.15546
                0.914755                      -225.61385
               0.9166808                      -233.32693
               0.9186066                      -240.35889
               0.9205324                      -246.91202
               0.9224582                      -252.92764
                0.924384                      -258.17722
               0.9263098                      -262.59821
               0.9282356                      -266.33289
               0.9301614                      -269.39661
               0.9320872                      -271.64584
                0.934013                      -273.07758
               0.9359388                      -273.72876
               0.9378646                      -273.53683
               0.9397904                      -272.53281
               0.9417162                      -270.77863
                0.943642                      -268.16992
               0.9455678                      -264.62875
               0.9474936                      -260.28693
               0.9494194                      -255.22125
               0.9513452                      -249.31802
                0.953271                      -242.55772
               0.9551968                      -235.01276
               0.9571226                      -226.69727
               0.9590484                      -217.68524
               0.9609742                       -207.9933
                  0.9629                        -197.509
               0.9648258                      -186.29529
               0.9667516                      -174.54817
               0.9686774                      -162.30319
               0.9706032                      -149.44025
                0.972529                      -135.89998
               0.9744548                      -121.86453
               0.9763806                      -107.54617
               0.9783064                      -92.885971
               0.9802322                      -77.791008
                0.982158                      -62.369072
               0.9840838                      -46.706417
               0.9860096                      -30.821873
               0.9879354                       -14.84072
               0.9898612                        1.161221
                0.991787                       17.261545
               0.9937128                       33.420979
               0.9956386                       49.468014
               0.9975644                       65.334282
               0.9994902                       81.042908
                1.001416                       96.588821
               1.0033418                       111.86771
               1.0052676                       126.75479
               1.0071934                       141.24609
               1.0091192                       155.34151
                1.011045                       168.96974
               1.0129708                       182.06369
               1.0148966                       194.55771
               1.0168224                       206.47556
               1.0187482                       217.82362
                1.020674                        228.4119
               1.0225998                       238.19536
               1.0245256                       238.19536
               1.0264514                       247.33965
               1.0283772                       255.77121
                1.030303                       263.29483
               1.0322288                       269.94684
               1.0341546                       275.81601
               1.0360804                       280.83093
               1.0380062                       284.89053
                1.039932                       288.04474
               1.0418578                       290.39136
               1.0437836                       291.84021
               1.0457094                       292.25439
               1.0476352                       291.73163
                1.049561                       290.41217
               1.0514868                       288.20926
               1.0534126                       285.01398
               1.0553384                       280.91873
               1.0572642                       276.04346
                 1.05919                       270.35275
               1.0611158                       263.78201
               1.0630416                        256.3847
               1.0649674                       248.23483
               1.0668932                       239.35271
                1.068819                       229.79755
               1.0707448                       219.60912
               1.0726706                         208.717
               1.0745964                       197.15182
               1.0765222                       185.11729
                1.078448                        172.6716
               1.0803738                       159.69531
               1.0822996                       146.21489
               1.0842254                       132.37762
               1.0861512                       118.23789
                1.088077                       103.83288
               1.0900028                        89.22953
               1.0919286                       74.424843
               1.0938544                       59.422958
               1.0957802                       44.354652
                1.097706                       29.344309
               1.0996318                        14.35574
               1.1015576                     -0.63406682
               1.1034834                      -15.519784
               1.1054092                      -30.266502
                1.107335                      -44.836159
               1.1092608                      -59.063824
               1.1111866                      -72.948616
               1.1131124                      -86.615402
               1.1150382                      -99.978172
                1.116964                      -112.87385
               1.1188898                       -125.2863
               1.1208156                       -137.2513
               1.1227414                      -148.72827
               1.1246672                      -159.65083
                1.126593                       -170.0249
               1.1285188                      -179.84625
               1.1304446                      -189.05948
               1.1323704                       -197.6503
               1.1342962                      -205.59581
                1.136222                       -212.8535
               1.1381478                      -219.46483
               1.1400736                      -225.47525
               1.1419994                      -230.80286
               1.1439252                      -235.37729
                1.145851                      -239.28616
               1.1477768                       -242.5477
               1.1497026                      -245.06746
               1.1516284                      -246.93353
               1.1535542                      -248.21184
                 1.15548                      -248.75323
               1.1574058                      -248.56796
               1.1593316                      -247.81122
               1.1612574                      -246.48451
               1.1631832                      -244.49487
                1.165109                      -241.80022
               1.1670348                      -238.52036
               1.1689606                      -234.79105
               1.1708864                      -230.52998
               1.1728122                      -225.66315
                1.174738                      -220.26894
               1.1766638                      -214.39191
               1.1785896                      -208.06064
               1.1805154                      -201.32478
               1.1824412                      -194.15085
                1.184367                      -186.49069
               1.1862928                       -178.4267
               1.1882186                      -170.08162
               1.1901444                      -161.44449
               1.1920702                      -152.44873
                1.193996                      -143.12216
               1.1959218                      -133.54295
               1.1978476                      -123.72815
               1.1997734                      -113.64703
               1.2016992                      -103.37617
                1.203625                      -93.030266
               1.2055508                      -82.520096
               1.2074766                      -71.761688
               1.2094024                      -60.901581
               1.2113282                      -50.021618
                1.213254                      -39.057339
               1.2151798                      -28.030323
               1.2171056                      -16.984295
               1.2190314                      -5.9016585
               1.2209572                       5.1757479
                1.222883                        16.17561
               1.2248088                       27.095299
               1.2267346                       37.965034
               1.2286604                       48.786503
               1.2305862                       59.482651
                1.232512                       69.980011
               1.2344378                       80.347389
               1.2363636                       90.599854
               1.2382894                       100.59451
               1.2402152                       110.33666
                1.242141                       119.92457
               1.2440668                       129.26668
               1.2459926                       138.27231
               1.2479184                       147.00906
               1.2498442                       155.50552
                 1.25177                       163.66718
               1.2536958                       171.41246
               1.2556216                       178.78864
               1.2575474                       185.87331
               1.2594732                       192.59888
                1.261399                       198.82834
               1.2633248                       204.57176
               1.2652506                       209.93677
               1.2671764                       214.90611
               1.2691022                       219.38992
                1.271028                       223.36386
               1.2729538                       226.80392
               1.2748796                       229.71947
               1.2768054                       232.15878
               1.2787312                       234.08376
                1.280657                       235.46619
               1.2825828                       236.30414
               1.2845086                       236.53302
               1.2864344                       236.17987
               1.2883602                       235.31674
                1.290286                       233.89438
               1.2922118                       231.86984
               1.2941376                        229.2393
               1.2960634                        225.9882
               1.2979892                       222.15302
                1.299915                       217.77129
               1.3018408                       212.82864
               1.3037666                       207.28828
               1.3056924                       201.13228
               1.3076182                       194.41875
                1.309544                         187.214
               1.3114698                       179.48123
               1.3133956                       171.14786
               1.3153214                       162.24524
               1.3172472                       152.87329
                1.319173                       143.05746
               1.3210988                       132.79352
               1.3230246                       122.08487
               1.3249504                        110.8658
               1.3268762                       99.182648
                1.328802                       87.218262
               1.3307278                        74.97184
               1.3326536                        62.35788
               1.3345794                       49.425827
               1.3365052                       36.211544
                1.338431                       22.754881
               1.3403568                       9.1741362
               1.3422826                      -4.5190911
               1.3442084                      -18.413681
               1.3461342                      -32.444267
                 1.34806                      -46.407608
               1.3499858                      -60.283264
               1.3519116                      -74.208168
               1.3538374                       -88.11216
               1.3557632                      -101.81564
                1.357689                      -115.32785
               1.3596148                      -128.66835
               1.3615406                        -141.714
               1.3634664                      -154.41847
               1.3653922                      -166.82855
                1.367318                      -178.84332
               1.3692438                      -190.35532
               1.3711696                      -201.45522
               1.3730954                      -212.08322
               1.3750212                      -222.02911
                1.376947                      -231.37624
               1.3788728                      -240.19699
               1.3807986                      -248.29532
               1.3827244                      -255.63727
               1.3846502                      -262.30673
                1.386576                      -268.24234
               1.3885018                      -273.36414
               1.3904276                       -277.6265
               1.3923534                      -281.04553
               1.3942792                      -283.66077
                1.396205                      -285.44049
               1.3981308                      -286.36258
               1.4000566                      -286.34732
               1.4019824                      -285.34119
               1.4039082                      -283.52267
                1.405834                      -280.91223
               1.4077598                        -277.285
               1.4096856                      -272.69501
               1.4116114                      -267.34674
               1.4135372                      -261.20377
                1.415463                      -254.15274
               1.4173888                      -246.20973
               1.4193146                      -237.48097
               1.4212404                      -228.02707
               1.4231662                      -217.84573
                1.425092                      -206.94725
               1.4270178                      -195.31306
               1.4289436                      -182.99475
               1.4308694                      -170.16681
               1.4327952                      -156.85239
                1.434721                      -156.85239
               1.4366468                      -142.95418
               1.4385726                      -128.50558
               1.4404984                      -113.64047
               1.4424242                      -98.510925
                 1.44435                      -83.111305
               1.4462758                      -67.299095
               1.4482016                      -51.202999
               1.4501274                      -35.067173
               1.4520532                      -18.862061
                1.453979                      -2.5674112
               1.4559048                       13.721053
               1.4578306                        29.99914
               1.4597564                       46.195053
               1.4616822                       62.167301
                1.463608                       77.890007
               1.4655338                        93.34021
               1.4674596                        108.4998
               1.4693854                       123.40022
               1.4713112                       137.87567
                1.473237                       151.70647
               1.4751628                       165.03972
               1.4770886                       178.02786
               1.4790144                       190.40607
               1.4809402                       202.00197
                1.482866                       212.96425
               1.4847918                       223.29515
               1.4867176                       232.87219
               1.4886434                       241.68857
               1.4905692                       249.74701
                1.492495                       257.01926
               1.4944208                       263.43231
               1.4963466                       268.94037
               1.4982724                       273.65826
               1.5001982                        277.5957
                1.502124                       280.58063
               1.5040498                       282.63708
               1.5059756                       283.90768
               1.5079014                       284.33966
               1.5098272                       283.81738
                1.511753                       282.37952
               1.5136788                       280.17627
               1.5156046                       277.23608
               1.5175304                       273.38663
               1.5194562                       268.59689
                1.521382                       263.09979
               1.5233078                       256.96729
               1.5252336                       250.03857
               1.5271594                       242.33218
               1.5290852                       233.99889
                1.531011                       225.03906
               1.5329368                       215.46558
               1.5348626                        205.3548
               1.5367884                       194.67352
               1.5387142                       183.44675
                 1.54064                       171.80922
               1.5425658                       159.80579
               1.5444916                       147.43079
               1.5464174                       134.67473
               1.5483432                       121.59138
                1.550269                       108.32959
               1.5521948                       94.874702
               1.5541206                       81.187767
               1.5560464                       67.432541
               1.5579722                       53.626488
                1.559898                       39.719322
               1.5618238                       25.874672
               1.5637496                       12.133494
               1.5656754                      -1.5952332
               1.5676012                      -15.219231
                1.569527                      -28.594528
               1.5714528                      -41.732533
               1.5733786                      -54.713364
               1.5753044                      -67.437172
               1.5772302                      -79.765228
                1.579156                      -91.819344
               1.5810818                      -103.59445
               1.5830076                      -114.84304
               1.5849334                      -125.61225
               1.5868592                      -136.07635
                1.588785                      -146.14932
               1.5907108                      -155.68794
               1.5926366                      -164.62813
               1.5945624                      -173.03384
               1.5964882                      -181.04445
                1.598414                      -188.57434
               1.6003398                      -195.43465
               1.6022656                      -201.67624
               1.6041914                      -207.42882
               1.6061172                       -212.6752
                1.608043                      -217.33902
               1.6099688                      -221.37413
               1.6118946                       -224.8156
               1.6138204                      -227.73215
               1.6157462                      -230.09708
                1.617672                      -231.90176
               1.6195978                       -233.1687
               1.6215236                      -233.79688
               1.6234494                       -233.8222
               1.6253752                      -233.43327
                1.627301                      -232.53622
               1.6292268                      -230.98872
               1.6311526                      -228.94043
               1.6330784                      -226.48149
               1.6350042                      -223.51053
                 1.63693                      -219.98158
               1.6388558                      -215.95673
               1.6407816                      -211.52609
               1.6427074                      -206.70058
               1.6446332                      -201.39905
                1.646559                      -195.61285
               1.6484848                       -189.4502
               1.6504106                      -182.94998
               1.6523364                      -176.03177
               1.6542622                      -168.68968
                1.656188                      -161.02628
               1.6581138                      -153.07227
               1.6600396                      -144.75287
               1.6619654                       -136.0733
               1.6638912                      -127.15657
                1.665817                      -117.98834
               1.6677428                       -108.4796
               1.6696686                      -98.731552
               1.6715944                      -88.799973
               1.6735202                      -78.635651
                1.675446                      -68.304398
               1.6773718                      -57.782234
               1.6792976                        -47.0369
               1.6812234                      -36.218208
               1.6831492                      -25.315582
                1.685075                      -14.260426
               1.6870008                      -3.1664622
               1.6889266                       7.9751034
               1.6908524                       19.232431
               1.6927782                         30.5005
                1.694704                       41.687553
               1.6966298                       52.815735
               1.6985556                       63.934147
               1.7004814                       74.992317
               1.7024072                       85.865738
                1.704333                       96.608406
               1.7062588                       107.32909
               1.7081846                       117.85469
               1.7101104                       128.00394
               1.7120362                       137.93102
                1.713962                       147.75015
               1.7158878                       157.26041
               1.7178136                         166.347
               1.7197394                       175.11903
               1.7216652                       183.60379
                1.723591                       191.72153
               1.7255168                       199.37598
               1.7274426                       206.51598
               1.7293684                       213.24655
               1.7312942                       219.60829
                 1.73322                       225.41949
               1.7351458                       230.62509
               1.7370716                        235.3515
               1.7389974                       239.54849
               1.7409232                       243.07173
                1.742849                       245.97569
               1.7447748                       248.35101
               1.7467006                        250.1066
               1.7486264                       251.15353
               1.7505522                        251.5513
                1.752478                        251.3183
               1.7544038                       250.37509
               1.7563296                       248.73006
               1.7582554                       246.43712
               1.7601812                       243.47662
                1.762107                       239.83414
               1.7640328                       235.48326
               1.7659586                       230.39426
               1.7678844                       224.63947
               1.7698102                       218.23799
                1.771736                       211.11971
               1.7736618                       203.34258
               1.7755876                       194.98349
               1.7775134                       185.98994
               1.7794392                       176.34656
                1.781365                       166.12579
               1.7832908                       155.35689
               1.7852166                       144.02261
               1.7871424                       132.16847
               1.7890682                       119.85486
                1.790994                       107.06369
               1.7929198                       93.850044
               1.7948456                       80.340469
               1.7967714                       66.481812
               1.7986972                       52.174702
                1.800623                       37.570255
               1.8025488                       22.882278
               1.8044746                       8.0761919
               1.8064004                      -6.9636946
               1.8083262                      -22.153811
                1.810252                      -37.354488
               1.8121778                      -52.513084
               1.8141036                      -67.583015
               1.8160294                      -82.568848
               1.8179552                      -97.455765
                1.819881                      -112.09312
               1.8218068                      -126.41351
               1.8237326                      -140.49434
               1.8256584                      -154.31226
               1.8275842                      -167.67403
                 1.82951                      -180.43706
               1.8314358                      -192.72398
               1.8333616                      -204.64299
               1.8352874                      -215.97406
               1.8372132                      -226.53481
                1.839139                      -236.42987
               1.8410648                      -245.74765
               1.8429906                      -245.74765
               1.8449164                      -254.37508
               1.8468422                      -262.11157
                1.848768                      -268.96204
               1.8506938                      -275.11404
               1.8526196                      -280.48288
               1.8545454                      -284.84384
               1.8564712                      -288.28168
                1.858397                      -290.92804
               1.8603228                       -292.6687
               1.8622486                       -293.3941
               1.8641744                      -293.18646
               1.8661002                      -292.13806
                1.868026                      -290.15088
               1.8699518                      -287.15186
               1.8718776                      -283.28021
               1.8738034                      -278.56256
               1.8757292                      -272.87473
                1.877655                      -266.31274
               1.8795808                      -259.01685
               1.8815066                      -250.86493
               1.8834324                      -241.79669
               1.8853582                      -231.99992
                1.887284                      -221.55937
               1.8892098                      -210.41855
               1.8911356                      -198.61943
               1.8930614                      -186.18338
               1.8949872                      -173.11761
                1.896913                      -159.58415
               1.8988388                      -145.63066
               1.9007646                      -131.18082
               1.9026904                      -116.36174
               1.9046162                      -101.26772
                1.906542                      -85.837418
               1.9084678                      -70.160141
               1.9103936                       -54.35997
               1.9123194                      -38.458168
               1.9142452                      -22.487419
                1.916171                      -6.4470148
               1.9180968                        9.586813
               1.9200226                       25.440472
               1.9219484                       41.135483
               1.9238742                       56.727539
                  1.9258                       72.059448
               1.9277258                       87.036522
               1.9296516                       101.68707
               1.9315774                       115.97719
               1.9335032                       129.87561
                1.935429                       143.32207
               1.9373548                       156.19188
               1.9392806                       168.49017
               1.9412064                       180.27739
               1.9431322                       191.46805
                1.945058                        201.9888
               1.9469838                       211.86266
               1.9489096                         221.017
               1.9508354                       229.37961
               1.9527612                       237.08238
                1.954687                       244.13977
               1.9566128                       250.30135
               1.9585386                       255.57024
               1.9604644                       260.17587
               1.9623902                       264.05405
                1.964316                       267.04904
               1.9662418                       269.18195
               1.9681676                       270.49524
               1.9700934                       271.07666
               1.9720192                       270.94012
                1.973945                       269.93088
               1.9758708                       268.07617
               1.9777966                       265.54306
               1.9797224                       262.30237
               1.9816482                       258.28232
                1.983574                       253.54091
               1.9854998                       248.13176
               1.9874256                       242.06378
               1.9893514                       235.37241
               1.9912772                       228.07906
                1.993203                       220.16797
               1.9951288                       211.69928
               1.9970546                       202.76622
               1.9989804                       193.36241
               2.0009062                       183.46742
                2.002832                       173.12459
               2.0047578                       162.41493
               2.0066836                       151.40927
               2.0086094                       140.09665
               2.0105352                       128.46451
                2.012461                       116.57203
               2.0143868                       104.50686
               2.0163126                       92.346924
               2.0182384                       80.027328
               2.0201642                       67.500481
                 2.02209                       54.995579
               2.0240158                        42.58556
               2.0259416                       30.053026
               2.0278674                       17.477953
               2.0297932                         5.10145
                2.031719                      -7.1369219
               2.0336448                       -19.33643
               2.0355706                      -31.394234
               2.0374964                      -43.177979
               2.0394222                      -54.713959
                2.041348                      -66.114616
               2.0432738                      -77.290955
               2.0451996                      -88.074516
               2.0471254                      -98.525452
               2.0490512                      -108.72323
                2.050977                       -118.6105
               2.0529028                      -128.13312
               2.0548286                      -137.23221
               2.0567544                      -145.91461
               2.0586802                      -154.27118
                2.060606                       -162.2547
               2.0625318                      -169.74704
               2.0644576                      -176.75803
               2.0663834                      -183.35764
               2.0683092                      -189.58147
                2.070235                      -195.37164
               2.0721608                      -200.62201
               2.0740866                      -205.34775
               2.0760124                       -209.6301
               2.0779382                      -213.49095
                2.079864                      -216.92195
               2.0817898                       -219.8484
               2.0837156                      -222.19801
               2.0856414                      -224.05148
               2.0875672                      -225.48723
                2.089493                      -226.46674
               2.0914188                      -226.95514
               2.0933446                      -226.90703
               2.0952704                      -226.30939
               2.0971962                      -225.27689
                2.099122                      -223.82614
               2.1010478                      -221.83456
               2.1029736                      -219.34317
               2.1048994                      -216.44493
               2.1068252                       -213.0295
                2.108751                      -209.04018
               2.1106768                       -204.6237
               2.1126026                      -199.82826
               2.1145284                      -194.56314
               2.1164542                      -188.80812
                 2.11838                      -182.57904
               2.1203058                      -175.90903
               2.1222316                      -168.86409
               2.1241574                      -161.38466
               2.1260832                      -153.41158
                2.128009                      -145.09851
               2.1299348                       -136.5101
               2.1318606                      -127.47655
               2.1337864                      -117.97093
               2.1357122                      -108.17003
                2.137638                      -98.124786
               2.1395638                      -87.733528
               2.1414896                      -76.997765
               2.1434154                      -66.040382
               2.1453412                      -54.873024
                2.147267                      -43.413242
               2.1491928                      -31.731155
               2.1511186                      -19.954613
               2.1530444                      -8.0229959
               2.1549702                        4.111681
                2.156896                       16.291126
               2.1588218                       28.449547
               2.1607476                       40.714588
               2.1626734                       53.084892
               2.1645992                       65.393677
                2.166525                        77.55352
               2.1684508                       89.605614
               2.1703766                       101.59415
               2.1723024                       113.46925
               2.1742282                        125.1153
                2.176154                       136.47754
               2.1780798                       147.61789
               2.1800056                       158.54315
               2.1819314                       169.09383
               2.1838572                       179.20544
                2.185783                       188.96613
               2.1877088                       198.33022
               2.1896346                       207.20062
               2.1915604                       215.58383
               2.1934862                       223.45799
                2.195412                       230.78406
               2.1973378                       237.52988
               2.1992636                       243.65926
               2.2011894                       249.18546
               2.2031152                       254.04831
                2.205041                       258.17047
               2.2069668                       261.62997
               2.2088926                       264.44089
               2.2108184                       266.48499
               2.2127442                       267.73785
                 2.21467                       268.23047
               2.2165958                       267.95633
               2.2185216                       266.91034
               2.2204474                       265.08493
               2.2223732                       262.49097
                2.224299                       259.12888
               2.2262248                       254.91708
               2.2281506                        249.8485
               2.2300764                       244.08405
               2.2320022                        237.6626
                2.233928                        230.4352
               2.2358538                       222.37964
               2.2377796                       213.61359
               2.2397054                       204.19073
               2.2416312                       194.08017
                2.243557                         183.283
               2.2454828                       171.91342
               2.2474086                       159.99258
               2.2493344                       147.40207
               2.2512602                       134.25015
                2.253186                       134.25015
               2.2551118                       120.74052
               2.2570376                       106.81141
               2.2589634                       92.390396
               2.2608892                       77.568016
                2.262815                       62.443916
               2.2647408                       47.107811
               2.2666666                       31.576895
               2.2685924                       15.799733
               2.2705182                     -0.14610125
                2.272444                      -16.083418
               2.2743698                       -31.97224
               2.2762956                      -47.892689
               2.2782214                      -63.787052
               2.2801472                      -79.492798
                2.282073                      -94.989296
               2.2839988                      -110.26857
               2.2859246                        -125.183
               2.2878504                      -139.69922
               2.2897762                      -153.92389
                2.291702                      -167.77419
               2.2936278                      -181.01984
               2.2955536                      -193.61885
               2.2974794                      -205.69522
               2.2994052                      -217.24182
                2.301331                      -228.07335
               2.3032568                      -238.09615
               2.3051826                      -247.40376
               2.3071084                      -255.99588
               2.3090342                      -263.73029
                 2.31096                      -270.60065
               2.3128858                      -276.66626
               2.3148116                      -281.85513
               2.3167374                      -286.09085
               2.3186632                      -289.39999
                2.320589                      -291.84891
               2.3225148                      -293.41208
               2.3244406                      -293.96796
               2.3263664                      -293.53278
               2.3282922                      -292.22507
                2.330218                      -290.02295
               2.3321438                      -286.87558
               2.3340696                      -282.83929
               2.3359954                       -277.9621
               2.3379212                      -272.20358
                2.339847                      -265.52435
               2.3417728                      -258.02737
               2.3436986                      -249.82988
               2.3456244                      -240.88321
               2.3475502                       -231.1761
                2.349476                      -220.81548
               2.3514018                      -209.80421
               2.3533276                      -198.12347
               2.3552534                      -185.91331
               2.3571792                      -173.26689
                2.359105                      -160.09146
               2.3610308                      -146.39867
               2.3629566                      -132.39569
               2.3648824                      -118.14079
               2.3668082                      -103.54206
                2.368734                      -88.658852
               2.3706598                      -73.610596
               2.3725856                       -58.43811
               2.3745114                      -43.205715
               2.3764372                      -27.957245
                2.378363                      -12.667775
               2.3802888                       2.6080036
               2.3822146                       17.712378
               2.3841404                       32.590679
               2.3860662                       47.332855
                2.387992                       61.899971
               2.3899178                       76.120506
               2.3918436                       89.991928
               2.3937694                       103.55264
               2.3956952                       116.66785
                2.397621                       129.29199
               2.3995468                       141.53897
               2.4014726                       153.35588
               2.4033984                       164.52902
               2.4053242                       175.04224
                 2.40725                       185.05196
               2.4091758                       194.52451
               2.4111016                       203.31946
               2.4130274                       211.44008
               2.4149532                       218.90207
                2.416879                       225.69608
               2.4188048                       231.80156
               2.4207306                        237.1396
               2.4226564                        241.7785
               2.4245822                       245.81125
                2.426508                       249.11139
               2.4284338                       251.62785
               2.4303596                       253.41458
               2.4322854                       254.47673
               2.4342112                       254.91144
                2.436137                       254.70926
               2.4380628                       253.71234
               2.4399886                        251.9928
               2.4419144                       249.70123
               2.4438402                       246.79865
                2.445766                       243.22142
               2.4476918                       238.99504
               2.4496176                       234.19649
               2.4515434                       228.86491
               2.4534692                       222.99045
                2.455395                        216.6019
               2.4573208                       209.69611
               2.4592466                       202.24704
               2.4611724                       194.37082
               2.4630982                       186.18784
                2.465024                       177.61629
               2.4669498                       168.56902
               2.4688756                        159.1503
               2.4708014                       149.47607
               2.4727272                       139.54503
                2.474653                       129.34309
               2.4765788                       118.89299
               2.4785046                       108.25594
               2.4804304                       97.459648
               2.4823562                       86.457161
                2.484282                       75.336708
               2.4862078                       64.235306
               2.4881336                       53.029625
               2.4900594                       41.646107
               2.4919852                       30.293045
                2.493911                        19.04113
               2.4958368                       7.7844267
               2.4977626                      -3.4564803
               2.4996884                      -14.636353
               2.5016142                      -25.744038
                 2.50354                      -36.692478
               2.5054658                      -47.460999
               2.5073916                      -58.145401
               2.5093174                      -68.726227
               2.5112432                      -79.043953
                2.513169                      -89.076157
               2.5150948                      -98.976593
               2.5170206                      -108.71606
               2.5189464                      -118.09602
               2.5208722                      -127.17053
                2.522798                      -136.04143
               2.5247238                      -144.54858
               2.5266496                      -152.70393
               2.5285754                       -160.6826
               2.5305012                      -168.31075
                2.532427                      -175.41624
               2.5343528                      -182.21317
               2.5362786                      -188.76114
               2.5382044                      -194.79626
               2.5401302                      -200.32062
                2.542056                      -205.57663
               2.5439818                      -210.48276
               2.5459076                      -214.80959
               2.5478334                      -218.61732
               2.5497592                      -222.01834
                2.551685                       -224.9801
               2.5536108                      -227.47958
               2.5555366                      -229.47937
               2.5574624                       -230.9176
               2.5593882                      -231.80177
                2.561314                      -232.18344
               2.5632398                      -232.08362
               2.5651656                      -231.44565
               2.5670914                      -230.22714
               2.5690172                       -228.4675
                2.570943                      -226.15468
               2.5728688                      -223.24753
               2.5747946                      -219.79549
               2.5767204                      -215.84132
               2.5786462                      -211.32516
                2.580572                      -206.17894
               2.5824978                       -200.4704
               2.5844236                      -194.29063
               2.5863494                      -187.56224
               2.5882752                      -180.24005
                2.590201                       -172.4173
               2.5921268                       -164.0834
               2.5940526                      -155.21074
               2.5959784                      -145.89729
               2.5979042                      -136.15523
                 2.59983                      -125.92107
               2.6017558                      -115.23618
               2.6036816                      -104.16245
               2.6056074                      -92.714325
               2.6075332                      -80.923447
                2.609459                      -68.806427
               2.6113848                      -56.349983
               2.6133106                      -43.609421
               2.6152364                      -30.678188
               2.6171622                      -17.561037
                2.619088                      -4.2437186
               2.6210138                       9.2121696
               2.6229396                        22.76844
               2.6248654                       36.407478
               2.6267912                       50.019852
                2.628717                       63.546211
               2.6306428                       77.073433
               2.6325686                       90.572334
               2.6344944                       103.88135
               2.6364202                       116.97636
                2.638346                       129.84508
               2.6402718                       142.38873
               2.6421976                       154.66869
               2.6441234                         166.729
               2.6460492                       178.34586
                2.647975                       189.40042
               2.6499008                       200.02638
               2.6518266                       210.22607
               2.6537524                       219.83592
               2.6556782                       228.82693
                2.657604                       237.28438
               2.6595298                        245.1494
               2.6614556                        245.1494
               2.6633814                        252.2489
               2.6653072                       258.57541
                2.667233                       264.26669
               2.6691588                       269.29309
               2.6710846                       273.44772
               2.6730104                       276.69897
               2.6749362                       279.24228
                2.676862                        281.0719
               2.6787878                       281.94662
               2.6807136                       281.89771
               2.6826394                       281.12357
               2.6845652                       279.49411
                2.686491                       276.86584
               2.6884168                       273.43481
               2.6903426                       269.27686
               2.6922684                       264.19153
               2.6941942                       258.15536
                 2.69612                       251.34964
               2.6980458                       243.82158
               2.6999716                       235.48666
               2.7018974                        226.3418
               2.7038232                       216.45891
                2.705749                       205.87039
               2.7076748                       194.59494
               2.7096006                       182.67465
               2.7115264                       170.14783
               2.7134522                       157.04915
                2.715378                        143.4059
               2.7173038                       129.26428
               2.7192296                       114.69995
               2.7211554                       99.741898
               2.7230812                       84.392052
                2.725007                        68.71315
               2.7269328                       52.816967
               2.7288586                       36.783176
               2.7307844                       20.600851
               2.7327102                       4.2698269
                2.734636                      -12.105824
               2.7365618                      -28.432957
               2.7384876                      -44.673386
               2.7404134                      -60.799282
               2.7423392                      -76.774414
                2.744265                      -92.472412
               2.7461908                       -107.8007
               2.7481166                      -122.84183
               2.7500424                      -137.56812
               2.7519682                      -151.77473
                2.753894                      -165.43486
               2.7558198                       -178.6235
               2.7577456                      -191.23238
               2.7596714                      -203.16458
               2.7615972                      -214.46933
                2.763523                      -225.09421
               2.7654488                        -234.908
               2.7673746                      -243.95164
               2.7693004                      -252.30136
               2.7712262                       -259.8219
                2.773152                      -266.36911
               2.7750778                      -272.05756
               2.7770036                      -277.00052
               2.7789294                      -281.05594
               2.7808552                        -284.138
                2.782781                      -286.32346
               2.7847068                      -287.58102
               2.7866326                      -287.90854
               2.7885584                      -287.42865
               2.7904842                      -286.10052
                 2.79241                      -283.80182
               2.7943358                      -280.57471
               2.7962616                      -276.54486
               2.7981874                      -271.78281
               2.8001132                       -266.2262
                2.802039                      -259.79092
               2.8039648                      -252.54549
               2.8058906                      -244.60562
               2.8078164                      -236.04953
               2.8097422                      -226.90787
                2.811668                      -217.08788
               2.8135938                      -206.56754
               2.8155196                      -195.52942
               2.8174454                      -184.08247
               2.8193712                      -172.17444
                2.821297                      -159.79359
               2.8232228                      -147.03036
               2.8251486                      -133.98544
               2.8270744                       -120.6506
               2.8290002                      -106.98653
                2.830926                      -93.126945
               2.8328518                      -79.221542
               2.8347776                       -65.19883
               2.8367034                      -51.004555
               2.8386292                       -36.78661
                2.840555                       -22.64694
               2.8424808                      -8.5721588
               2.8444066                        5.413981
               2.8463324                       19.280321
               2.8482582                       32.993221
                2.850184                       46.496563
               2.8521098                       59.750523
               2.8540356                       72.659637
               2.8559614                       85.199173
               2.8578872                       97.505608
                2.859813                       109.51914
               2.8617388                       121.02176
               2.8636646                        132.0424
               2.8655904                        142.6834
               2.8675162                       152.86264
                2.869442                       162.48689
               2.8713678                       171.58093
               2.8732936                       180.18057
               2.8752194                       188.24455
               2.8771452                       195.74292
                2.879071                       202.66611
               2.8809968                       208.98074
               2.8829226                       214.71558
               2.8848484                       219.86523
               2.8867742                       224.37067
                  2.8887                       228.28391
               2.8906258                       231.62331
               2.8925516                       234.34543
               2.8944774                       236.44415
               2.8964032                       237.86543
                2.898329                       238.70305
               2.9002548                       239.10822
               2.9021806                       238.89706
               2.9041064                       237.93582
               2.9060322                       236.43237
                2.907958                       234.48112
               2.9098838                       231.96394
               2.9118096                       228.85855
               2.9137354                       225.24199
               2.9156612                       221.10938
                2.917587                       216.46553
               2.9195128                       211.42046
               2.9214386                       205.94785
               2.9233644                       199.93909
               2.9252902                       193.46764
                2.927216                       186.62741
               2.9291418                       179.43907
               2.9310676                       171.90012
               2.9329934                       163.94803
               2.9349192                       155.63766
                2.936845                       147.08394
               2.9387708                       138.20898
               2.9406966                       128.99849
               2.9426224                       119.61423
               2.9445482                       110.03272
                2.946474                       100.12465
               2.9483998                       89.997597
               2.9503256                       79.812157
               2.9522514                       69.491333
               2.9541772                       58.911934
                2.956103                       48.184769
               2.9580288                       37.478081
               2.9599546                       26.712767
               2.9618804                       15.783836
               2.9638062                       4.8161001
                2.965732                       -6.128592
               2.9676578                      -17.100544
               2.9695836                      -28.024189
               2.9715094                      -38.885723
               2.9734352                      -49.752552
                2.975361                      -60.544388
               2.9772868                      -71.203003
               2.9792126                      -81.768692
               2.9811384                        -92.2089
               2.9830642                      -102.45078
                 2.98499                      -112.46564
               2.9869158                      -122.31001
               2.9888416                      -132.05302
               2.9907674                      -141.56519
               2.9926932                      -150.66025
                2.994619                       -159.4333
               2.9965448                      -168.01791
               2.9984706                      -176.27904

