        Time / ns                e-field (t=0..end(0.00192)) (pb)_Z_0D_60/real
----------------------------------------------------------------------
                       0                               0
               0.0019258                               0
               0.0038516                               0
               0.0057774                               0
               0.0077032                               0
                0.009629                               0
               0.0115548                               0
               0.0134806                               0
               0.0154064                               0
               0.0173322                               0
                0.019258                               0
               0.0211838                               0
               0.0231096                               0
               0.0250354                               0
               0.0269612                               0
                0.028887                               0
               0.0308128                               0
               0.0327386                               0
               0.0346644                               0
               0.0365902                               0
                0.038516                               0
               0.0404418                               0
               0.0423676                               0
               0.0442934                               0
               0.0462192                               0
                0.048145                               0
               0.0500708                               0
               0.0519966                               0
               0.0539224                               0
               0.0558482                               0
                0.057774                               0
               0.0596998                               0
               0.0616256                               0
               0.0635514                               0
               0.0654772                               0
                0.067403                               0
               0.0693288                               0
               0.0712546                               0
               0.0731804                               0
               0.0751062                               0
                0.077032                               0
               0.0789578                               0
               0.0808836                               0
               0.0828094                               0
               0.0847352                               0
                0.086661                               0
               0.0885868                               0
               0.0905126                               0
               0.0924384                               0
               0.0943642                               0
                 0.09629                               0
               0.0982158                               0
               0.1001416                               0
               0.1020674                               0
               0.1039932                               0
                0.105919                               0
               0.1078448                               0
               0.1097706                               0
               0.1116964                               0
               0.1136222                               0
                0.115548                               0
               0.1174738                               0
               0.1193996                               0
               0.1213254                               0
               0.1232512                               0
                0.125177                               0
               0.1271028                               0
               0.1290286                               0
               0.1309544                  -1.2655311e-34
               0.1328802                  -1.7817978e-33
                0.134806                  -1.3409463e-33
               0.1367318                   1.8089058e-34
               0.1386576                  -2.5743637e-33
               0.1405834                  -4.7041804e-33
               0.1425092                   5.0121968e-34
                0.144435                   1.1430818e-32
               0.1463608                   9.0272359e-32
               0.1482866                   8.5171826e-31
               0.1502124                   5.6724659e-30
               0.1521382                   2.3731268e-29
                0.154064                  -1.1996538e-28
               0.1559898                  -3.5840832e-27
               0.1579156                  -4.3314568e-26
               0.1598414                  -3.8798299e-25
               0.1617672                  -2.9310241e-24
                0.163693                  -1.9418319e-23
               0.1656188                  -1.1471808e-22
               0.1675446                  -6.1804104e-22
               0.1694704                  -3.0551264e-21
               0.1713962                  -1.3984191e-20
                0.173322                  -5.9574633e-20
               0.1752478                  -2.3764025e-19
               0.1771736                  -8.9098085e-19
               0.1790994                  -3.1491519e-18
               0.1810252                  -1.0530229e-17
                0.182951                  -3.3395693e-17
               0.1848768                  -1.0065701e-16
               0.1868026                  -2.8890303e-16
               0.1887284                  -7.9110548e-16
               0.1906542                  -2.0696517e-15
                 0.19258                  -5.1804234e-15
               0.1945058                  -1.2418904e-14
               0.1964316                  -2.8546328e-14
               0.1983574                  -6.2965929e-14
               0.2002832                  -1.3337676e-13
                0.202209                   -2.715174e-13
               0.2041348                  -5.3147531e-13
               0.2060606                  -5.3147531e-13
               0.2079864                  -1.0007381e-12
               0.2099122                  -1.8133647e-12
                0.211838                  -3.1634543e-12
               0.2137638                  -5.3143778e-12
               0.2156896                  -8.6001926e-12
               0.2176154                  -1.3411845e-11
               0.2195412                  -2.0165808e-11
                0.221467                  -2.9254925e-11
               0.2233928                  -4.0995565e-11
               0.2253186                  -5.5586036e-11
               0.2272444                  -7.3117422e-11
               0.2291702                  -9.3655986e-11
                0.231096                  -1.1743277e-10
               0.2330218                  -1.4513474e-10
               0.2349476                  -1.7823855e-10
               0.2368734                  -2.1932278e-10
               0.2387992                  -2.7225944e-10
                0.240725                  -3.4218836e-10
               0.2426508                   -4.353094e-10
               0.2445766                  -5.5848015e-10
               0.2465024                  -7.1899187e-10
               0.2484282                  -9.2461827e-10
                0.250354                  -1.1842102e-09
               0.2522798                  -1.5088248e-09
               0.2542056                  -1.9134687e-09
               0.2561314                  -2.4186981e-09
               0.2580572                  -3.0521907e-09
                0.259983                  -3.8498373e-09
               0.2619088                  -4.8561373e-09
               0.2638346                   -6.125461e-09
               0.2657604                  -7.7235933e-09
               0.2676862                  -9.7305106e-09
                0.269612                  -1.2245287e-08
               0.2715378                   -1.539256e-08
               0.2734636                  -1.9328855e-08
               0.2753894                  -2.4250971e-08
               0.2773152                   -3.040282e-08
                0.279241                  -3.8085595e-08
               0.2811668                  -4.7669733e-08
               0.2830926                  -5.9610187e-08
               0.2850184                  -7.4464744e-08
               0.2869442                  -9.2922832e-08
                 0.28887                  -1.1583811e-07
               0.2907958                  -1.4425729e-07
               0.2927216                  -1.7947292e-07
               0.2946474                  -2.2307789e-07
               0.2965732                  -2.7701338e-07
                0.298499                  -3.4366053e-07
               0.3004248                  -4.2595499e-07
               0.3023506                  -5.2745287e-07
               0.3042764                  -6.5253113e-07
               0.3062022                  -8.0649551e-07
                0.308128                  -9.9584383e-07
               0.3100538                  -1.2284816e-06
               0.3119796                  -1.5139993e-06
               0.3139054                  -1.8640878e-06
               0.3158312                  -2.2929803e-06
                0.317757                  -2.8178497e-06
               0.3196828                  -3.4595662e-06
               0.3216086                  -4.2433699e-06
               0.3235344                  -5.1998013e-06
               0.3254602                  -6.3657171e-06
                0.327386                  -7.7856821e-06
               0.3293118                  -9.5133864e-06
               0.3312376                   -1.161329e-05
               0.3331634                  -1.4163167e-05
               0.3350892                  -1.7256354e-05
                0.337015                  -2.1005199e-05
               0.3389408                  -2.5544121e-05
               0.3408666                  -3.1034058e-05
               0.3427924                  -3.7667844e-05
               0.3447182                  -4.5676185e-05
                0.346644                  -5.5334487e-05
               0.3485698                  -6.6970897e-05
               0.3504956                  -8.0976679e-05
               0.3524214                   -9.781745e-05
               0.3543472                   -0.0001180485
                0.356273                   -0.0001423276
               0.3581988                  -0.00017143536
               0.3601246                  -0.00020629828
               0.3620504                  -0.00024801734
               0.3639762                  -0.00029788917
                0.365902                  -0.00035743607
               0.3678278                   -0.0004284778
               0.3697536                  -0.00051315344
               0.3716794                  -0.00061397761
               0.3736052                  -0.00073390431
                0.375531                  -0.00087640178
               0.3774568                   -0.0010455798
               0.3793826                    -0.001246214
               0.3813084                   -0.0014839163
               0.3832342                   -0.0017652856
                 0.38516                   -0.0020979678
               0.3870858                   -0.0024909265
               0.3890116                   -0.0029546951
               0.3909374                    -0.003501392
               0.3928632                   -0.0041452926
                0.394789                   -0.0049028629
               0.3967148                   -0.0057933223
               0.3986406                   -0.0068389466
               0.4005664                   -0.0080653876
               0.4024922                   -0.0095027359
                0.404418                    -0.011185435
               0.4063438                    -0.013153397
               0.4082696                     -0.01545267
               0.4101954                     -0.01813611
               0.4121212                    -0.021265283
                0.414047                    -0.024910426
               0.4159728                    -0.029151898
               0.4178986                    -0.034082219
               0.4198244                    -0.039808027
               0.4217502                    -0.046452064
                0.423676                    -0.054150473
               0.4256018                    -0.063064359
               0.4275276                    -0.073375061
               0.4294534                    -0.085286416
               0.4313792                    -0.099037692
                0.433305                     -0.11489369
               0.4352308                     -0.13315886
               0.4371566                     -0.15417719
               0.4390824                     -0.17833894
               0.4410082                     -0.20608455
                0.442934                     -0.23791766
               0.4448598                      -0.2743986
               0.4467856                      -0.3161616
               0.4487114                     -0.36393097
               0.4506372                     -0.41850227
                0.452563                     -0.48078778
               0.4544888                     -0.55179811
               0.4564146                     -0.63268149
               0.4583404                     -0.72470349
               0.4602662                     -0.82930118
                0.462192                     -0.94806474
               0.4641178                      -1.0827518
               0.4660436                      -1.2353501
               0.4679694                      -1.4080975
               0.4698952                      -1.6033971
                0.471821                      -1.8239714
               0.4737468                       -2.072854
               0.4756726                      -2.3533483
               0.4775984                      -2.6691446
               0.4795242                      -3.0242925
                 0.48145                      -3.4233007
               0.4833758                      -3.8711233
               0.4853016                      -4.3731613
               0.4872274                      -4.9353342
               0.4891532                      -5.5641699
                0.491079                      -6.2669368
               0.4930048                      -7.0513897
               0.4949306                      -7.9259424
               0.4968564                      -8.8999891
               0.4987822                        -9.98382
                0.500708                       -11.18821
               0.5026338                      -12.525261
               0.5045596                      -14.007623
               0.5064854                      -15.649664
               0.5084112                      -17.466736
                0.510337                      -19.474411
               0.5122628                      -21.690767
               0.5141886                      -24.134857
               0.5161144                      -26.826342
               0.5180402                        -29.7873
                0.519966                      -33.041477
               0.5218918                      -36.612671
               0.5238176                      -40.528229
               0.5257434                      -44.815491
               0.5276692                      -49.504814
                0.529595                      -54.626308
               0.5315208                      -60.216164
               0.5334466                       -66.30706
               0.5353724                      -72.936638
               0.5372982                      -80.145393
                0.539224                      -87.971664
               0.5411498                      -96.459152
               0.5430756                      -105.65143
               0.5450014                      -115.59603
               0.5469272                      -126.34029
                0.548853                      -137.93185
               0.5507788                      -150.42255
               0.5527046                      -163.86555
               0.5546304                      -178.31334
               0.5565562                      -193.81897
                0.558482                      -210.43811
               0.5604078                      -228.22865
               0.5623336                      -247.24057
               0.5642594                      -267.53369
               0.5661852                      -289.16406
                0.568111                      -312.18689
               0.5700368                      -336.64545
               0.5719626                      -362.59988
               0.5738884                      -390.10556
               0.5758142                      -419.19009
                 0.57774                      -449.90979
               0.5796658                      -482.29688
               0.5815916                      -516.39581
               0.5835174                      -552.22424
               0.5854432                      -589.80493
                0.587369                      -629.15045
               0.5892948                      -670.27136
               0.5912206                      -713.17407
               0.5931464                      -757.83948
               0.5950722                      -804.24036
                0.596998                      -852.33752
               0.5989238                      -902.09296
               0.6008496                      -953.46344
               0.6027754                      -1006.3397
               0.6047012                      -1060.6327
                0.606627                      -1116.2727
               0.6085528                      -1173.0854
               0.6104786                      -1230.9392
               0.6124044                      -1289.6879
               0.6143302                      -1289.6879
                0.616256                      -1349.1224
               0.6181818                      -1409.0402
               0.6201076                      -1469.1925
               0.6220334                      -1529.3202
               0.6239592                      -1589.1788
                0.625885                      -1648.4609
               0.6278108                      -1706.7535
               0.6297366                      -1763.7507
               0.6316624                      -1819.0417
               0.6335882                      -1872.2432
                0.635514                      -1922.9073
               0.6374398                      -1970.5012
               0.6393656                      -2014.5697
               0.6412914                      -2054.5723
               0.6432172                      -2089.9456
                0.645143                      -2120.0925
               0.6470688                      -2144.4673
               0.6489946                      -2162.2854
               0.6509204                      -2172.9719
               0.6528462                      -2175.9316
                0.654772                      -2170.3342
               0.6566978                      -2155.4805
               0.6586236                      -2130.4941
               0.6605494                      -2094.8574
               0.6624752                      -2047.6667
                0.664401                      -1988.1844
               0.6663268                      -1915.5546
               0.6682526                      -1828.9564
               0.6701784                      -1727.5931
               0.6721042                       -1610.767
                 0.67403                      -1477.5829
               0.6759558                      -1327.4263
               0.6778816                      -1159.2104
               0.6798074                      -972.40942
               0.6817332                      -766.29559
                0.683659                      -540.05261
               0.6855848                      -293.12021
               0.6875106                       -24.77536
               0.6894364                        265.5423
               0.6913622                       578.29486
                0.693288                       914.11188
               0.6952138                       1273.5144
               0.6971396                       1656.7383
               0.6990654                       2063.9902
               0.7009912                       2495.7473
                0.702917                       2952.1074
               0.7048428                       3433.2676
               0.7067686                       3939.1885
               0.7086944                       4469.7026
               0.7106202                       5024.7021
                0.712546                       5603.9707
               0.7144718                        6207.272
               0.7163976                       6834.0356
               0.7183234                       7483.6133
               0.7202492                       8155.5225
                0.722175                       8849.1934
               0.7241008                       9563.3965
               0.7260266                       10297.324
               0.7279524                       11049.948
               0.7298782                       11819.945
                0.731804                       12606.365
               0.7337298                       13407.476
               0.7356556                       14221.793
               0.7375814                       15048.105
               0.7395072                       15884.304
                0.741433                        16728.77
               0.7433588                       17579.686
               0.7452846                       18435.031
               0.7472104                       19292.809
               0.7491362                       20150.729
                0.751062                       21006.748
               0.7529878                       21858.553
               0.7549136                       22703.941
               0.7568394                       23540.395
               0.7587652                       24365.529
                0.760691                       25177.023
               0.7626168                       25972.176
               0.7645426                        26748.73
               0.7664684                       27504.109
               0.7683942                       28235.797
                 0.77032                       28941.275
               0.7722458                       29618.098
               0.7741716                       30263.643
               0.7760974                        30875.73
               0.7780232                       31451.949
                0.779949                       31989.908
               0.7818748                       32487.479
               0.7838006                        32942.41
               0.7857264                       33352.535
               0.7876522                       33715.984
                0.789578                       34030.926
               0.7915038                       34295.438
               0.7934296                       34507.996
               0.7953554                       34666.973
               0.7972812                       34771.051
                0.799207                       34818.961
               0.8011328                       34809.652
               0.8030586                       34742.164
               0.8049844                        34615.66
               0.8069102                       34429.672
                0.808836                       34183.668
               0.8107618                       33877.484
               0.8126876                       33510.953
               0.8146134                       33084.191
               0.8165392                       32597.611
                0.818465                       32051.664
               0.8203908                        31446.91
               0.8223166                       30784.166
               0.8242424                       30064.709
               0.8261682                       29289.623
                0.828094                        28460.33
               0.8300198                       27578.359
               0.8319456                       26645.512
               0.8338714                       25663.748
               0.8357972                       24635.158
                0.837723                       23561.922
               0.8396488                       22446.445
               0.8415746                       21291.367
               0.8435004                       20099.311
               0.8454262                       18873.023
                0.847352                       17615.488
               0.8492778                       16329.739
               0.8512036                        15018.91
               0.8531294                       13686.217
               0.8550552                       12334.928
                0.856981                       10968.377
               0.8589068                       9590.0518
               0.8608326                       8203.4131
               0.8627584                       6811.9004
               0.8646842                       5419.0151
                 0.86661                       4028.2773
               0.8685358                       2643.1936
               0.8704616                       1267.2708
               0.8723874                      -96.011879
               0.8743132                      -1443.2751
                0.876239                      -2771.1506
               0.8781648                      -4076.3394
               0.8800906                      -5355.6177
               0.8820164                      -6605.8032
               0.8839422                      -7823.8584
                0.885868                      -9006.8984
               0.8877938                      -10152.057
               0.8897196                      -11256.612
               0.8916454                      -12318.025
               0.8935712                       -13333.87
                0.895497                      -14301.831
               0.8974228                      -15219.785
               0.8993486                      -16085.777
               0.9012744                      -16897.979
               0.9032002                      -17654.699
                0.905126                      -18354.494
               0.9070518                      -18996.096
               0.9089776                      -19578.322
               0.9109034                      -20100.219
               0.9128292                      -20561.043
                0.914755                      -20960.164
               0.9166808                      -21297.141
               0.9186066                      -21571.775
               0.9205324                      -21783.992
               0.9224582                      -21933.803
                0.924384                      -22021.482
               0.9263098                      -22047.523
               0.9282356                      -22012.494
               0.9301614                      -21917.102
               0.9320872                      -21762.221
                0.934013                      -21548.887
               0.9359388                       -21278.27
               0.9378646                      -20951.688
               0.9397904                      -20570.576
               0.9417162                      -20136.473
                0.943642                      -19650.965
               0.9455678                      -19115.859
               0.9474936                      -18533.102
               0.9494194                      -17904.584
               0.9513452                      -17232.307
                0.953271                      -16518.402
               0.9551968                      -15765.065
               0.9571226                      -14974.608
               0.9590484                      -14149.311
               0.9609742                      -13291.434
                  0.9629                      -12403.437
               0.9648258                      -11487.802
               0.9667516                      -10546.972
               0.9686774                      -9583.4443
               0.9706032                      -8599.7129
                0.972529                      -7598.2773
               0.9744548                      -6581.6797
               0.9763806                      -5552.4727
               0.9783064                      -4513.2271
               0.9802322                      -3466.4551
                0.982158                      -2414.5991
               0.9840838                      -1360.1514
               0.9860096                      -305.66785
               0.9879354                       746.38373
               0.9898612                       1793.6729
                0.991787                       2833.8071
               0.9937128                       3864.3389
               0.9956386                       4882.9805
               0.9975644                       5887.4932
               0.9994902                       6875.5942
                1.001416                       7845.1196
               1.0033418                       8793.9268
               1.0052676                       9719.8672
               1.0071934                       10620.973
               1.0091192                       11495.286
                1.011045                       12340.779
               1.0129708                       13155.612
               1.0148966                       13938.073
               1.0168224                       14686.416
               1.0187482                       15398.924
                1.020674                       16073.949
               1.0225998                       16709.988
               1.0245256                       16709.988
               1.0264514                       17305.682
               1.0283772                       17859.637
                1.030303                       18370.482
               1.0322288                       18837.006
               1.0341546                       19258.133
               1.0360804                       19632.814
               1.0380062                       19960.043
                1.039932                       20238.945
               1.0418578                       20468.777
               1.0437836                       20648.867
               1.0457094                       20778.629
               1.0476352                       20857.518
                1.049561                       20885.129
               1.0514868                       20861.307
               1.0534126                       20785.848
               1.0553384                       20658.543
               1.0572642                       20479.512
                 1.05919                       20248.977
               1.0611158                        19967.15
               1.0630416                        19634.41
               1.0649674                       19251.227
               1.0668932                       18818.184
                1.068819                        18336.09
               1.0707448                        17805.83
               1.0726706                       17228.271
               1.0745964                       16604.484
               1.0765222                       15935.764
                1.078448                       15223.417
               1.0803738                       14468.839
               1.0822996                       13673.669
               1.0842254                       12839.577
               1.0861512                       11968.289
                1.088077                       11061.781
               1.0900028                       10122.097
               1.0919286                        9151.292
               1.0938544                       8151.6563
               1.0957802                       7125.5732
                1.097706                       6075.4214
               1.0996318                       5003.7202
               1.1015576                        3913.116
               1.1034834                       2806.3438
               1.1054092                       1686.1768
                1.107335                       555.44775
               1.1092608                      -582.87115
               1.1111866                      -1725.7968
               1.1131124                      -2870.3379
               1.1150382                      -4013.3789
                1.116964                      -5151.7959
               1.1188898                      -6282.4424
               1.1208156                       -7402.127
               1.1227414                      -8507.7119
               1.1246672                      -9595.9766
                1.126593                      -10663.733
               1.1285188                       -11707.93
               1.1304446                      -12725.367
               1.1323704                      -13712.852
               1.1342962                      -14667.451
                1.136222                       -15586.24
               1.1381478                      -16466.266
               1.1400736                      -17304.627
               1.1419994                      -18098.547
               1.1439252                      -18845.504
                1.145851                      -19543.016
               1.1477768                      -20188.563
               1.1497026                      -20779.842
               1.1516284                      -21314.758
               1.1535542                       -21791.35
                 1.15548                      -22207.779
               1.1574058                      -22562.398
               1.1593316                      -22853.766
               1.1612574                      -23080.506
               1.1631832                      -23241.457
                1.165109                      -23335.834
               1.1670348                      -23362.896
               1.1689606                       -23322.08
               1.1708864                      -23213.223
               1.1728122                       -23036.17
                1.174738                      -22790.926
               1.1766638                      -22478.018
               1.1785896                      -22098.088
               1.1805154                      -21651.795
               1.1824412                      -21140.137
                1.184367                      -20564.477
               1.1862928                      -19926.309
               1.1882186                      -19227.188
               1.1901444                      -18468.928
               1.1920702                      -17653.748
                1.193996                      -16783.963
               1.1959218                      -15861.934
               1.1978476                      -14890.377
               1.1997734                      -13872.199
               1.2016992                      -12810.279
                1.203625                      -11707.711
               1.2055508                      -10567.937
               1.2074766                      -9394.4902
               1.2094024                      -8190.8296
               1.2113282                      -6960.5313
                1.213254                      -5707.4463
               1.2151798                       -4435.499
               1.2171056                      -3148.5969
               1.2190314                      -1850.7446
               1.2209572                      -545.94202
                1.222883                       761.79395
               1.2248088                       2068.2703
               1.2267346                        3369.363
               1.2286604                       4661.1299
               1.2305862                       5939.4941
                1.232512                       7200.3779
               1.2344378                       8439.9102
               1.2363636                       9654.1719
               1.2382894                       10839.305
               1.2402152                       11991.749
                1.242141                       13107.926
               1.2440668                       14184.206
               1.2459926                       15217.298
               1.2479184                       16204.172
               1.2498442                       17141.738
                 1.25177                       18027.004
               1.2536958                       18857.395
               1.2556216                       19630.512
               1.2575474                       20343.936
               1.2594732                       20995.523
                1.261399                       21583.484
               1.2633248                       22106.137
               1.2652506                       22561.975
               1.2671764                       22949.793
               1.2691022                       23268.578
                1.271028                       23517.545
               1.2729538                       23696.172
               1.2748796                       23804.109
               1.2768054                       23841.303
               1.2787312                       23807.887
                1.280657                       23704.145
               1.2825828                        23530.77
               1.2845086                       23288.633
               1.2864344                       22978.617
               1.2883602                       22602.014
                1.290286                       22160.381
               1.2922118                       21655.266
               1.2941376                       21088.451
               1.2960634                       20462.066
               1.2979892                       19778.328
                1.299915                        19039.49
               1.3018408                       18248.129
               1.3037666                       17407.061
               1.3056924                       16518.918
               1.3076182                       15586.521
                1.309544                       14613.134
               1.3114698                       13601.941
               1.3133956                       12556.058
               1.3153214                       11478.785
               1.3172472                       10373.543
                1.319173                        9243.792
               1.3210988                       8092.9902
               1.3230246                       6924.6924
               1.3249504                       5742.4629
               1.3268762                       4549.7231
                1.328802                        3349.999
               1.3307278                       2146.9448
               1.3326536                       944.06757
               1.3345794                      -255.26753
               1.3365052                       -1447.741
                1.338431                      -2629.9521
               1.3403568                      -3798.4927
               1.3422826                      -4950.2051
               1.3442084                      -6082.0903
               1.3461342                      -7191.1465
                 1.34806                      -8274.3916
               1.3499858                      -9328.9512
               1.3519116                      -10352.223
               1.3538374                      -11341.724
               1.3557632                       -12294.95
                1.357689                      -13209.583
               1.3596148                      -14083.506
               1.3615406                      -14914.664
               1.3634664                      -15701.207
               1.3653922                      -16441.486
                1.367318                      -17133.879
               1.3692438                      -17776.891
               1.3711696                      -18369.264
               1.3730954                      -18909.963
               1.3750212                      -19398.068
                1.376947                      -19832.723
               1.3788728                      -20213.129
               1.3807986                      -20538.771
               1.3827244                      -20809.451
               1.3846502                      -21024.953
                1.386576                      -21185.035
               1.3885018                      -21289.734
               1.3904276                      -21339.338
               1.3923534                      -21334.182
               1.3942792                      -21274.637
                1.396205                      -21161.234
               1.3981308                      -20994.703
               1.4000566                      -20775.852
               1.4019824                      -20505.574
               1.4039082                      -20184.854
                1.405834                      -19814.785
               1.4077598                      -19396.627
               1.4096856                      -18931.703
               1.4116114                      -18421.299
               1.4135372                      -17866.883
                1.415463                      -17270.061
               1.4173888                      -16632.465
               1.4193146                      -15955.726
               1.4212404                      -15241.547
               1.4231662                      -14491.836
                1.425092                      -13708.496
               1.4270178                      -12893.314
               1.4289436                      -12048.292
               1.4308694                      -11175.533
               1.4327952                       -10277.01
                1.434721                       -10277.01
               1.4366468                      -9354.8496
               1.4385726                      -8411.2432
               1.4404984                      -7448.2773
               1.4424242                      -6468.1538
                 1.44435                      -5473.1494
               1.4462758                      -4465.4873
               1.4482016                      -3447.4307
               1.4501274                      -2421.2727
               1.4520532                      -1389.3101
                1.453979                      -353.84521
               1.4559048                       682.81799
               1.4578306                       1718.3419
               1.4597564                       2750.3672
               1.4616822                       3776.5554
                1.463608                       4794.6313
               1.4655338                        5802.313
               1.4674596                       6797.2202
               1.4693854                       7777.0381
               1.4713112                       8739.5693
                1.473237                       9682.5547
               1.4751628                       10603.721
               1.4770886                       11500.879
               1.4790144                       12371.874
               1.4809402                       13214.599
                1.482866                       14026.961
               1.4847918                       14806.887
               1.4867176                       15552.404
               1.4886434                       16261.594
               1.4905692                       16932.533
                1.492495                       17563.414
               1.4944208                       18152.572
               1.4963466                        18698.34
               1.4982724                       19199.039
               1.5001982                       19653.164
                1.502124                       20059.418
               1.5040498                       20416.463
               1.5059756                       20722.955
               1.5079014                       20977.857
               1.5098272                       21180.246
                1.511753                       21329.127
               1.5136788                       21423.672
               1.5156046                       21463.313
               1.5175304                        21447.58
               1.5194562                       21376.072
                1.521382                        21248.43
               1.5233078                        21064.51
               1.5252336                       20824.434
               1.5271594                       20528.383
               1.5290852                       20176.625
                1.531011                       19769.609
               1.5329368                       19307.906
               1.5348626                       18792.273
               1.5367884                       18223.744
               1.5387142                       17603.402
                 1.54064                       16932.359
               1.5425658                       16211.977
               1.5444916                       15443.863
               1.5464174                         14629.7
               1.5483432                       13771.299
                1.550269                       12870.642
               1.5521948                       11929.862
               1.5541206                       10951.227
               1.5560464                       9937.1172
               1.5579722                       8890.0449
                1.559898                       7812.7188
               1.5618238                       6707.9565
               1.5637496                       5578.6133
               1.5656754                       4427.6367
               1.5676012                       3258.1479
                1.569527                       2073.4177
               1.5714528                       876.72815
               1.5733786                       -328.6651
               1.5753044                      -1539.3793
               1.5772302                      -2751.8477
                1.579156                      -3962.4617
               1.5810818                      -5167.7563
               1.5830076                      -6364.2983
               1.5849334                      -7548.4053
               1.5868592                       -8716.373
                1.588785                      -9864.7734
               1.5907108                      -10990.126
               1.5926366                      -12088.771
               1.5945624                       -13157.25
               1.5964882                      -14192.291
                1.598414                      -15190.516
               1.6003398                       -16148.59
               1.6022656                        -17063.5
               1.6041914                      -17932.313
               1.6061172                      -18751.984
                1.608043                       -19519.65
               1.6099688                      -20232.828
               1.6118946                      -20889.109
               1.6138204                      -21486.125
               1.6157462                      -22021.697
                1.617672                      -22493.893
               1.6195978                      -22901.041
               1.6215236                       -23241.59
               1.6234494                      -23514.148
               1.6253752                      -23717.629
                1.627301                       -23851.15
               1.6292268                      -23914.006
               1.6311526                      -23905.754
               1.6330784                      -23826.176
               1.6350042                      -23675.299
                 1.63693                      -23453.404
               1.6388558                      -23160.959
               1.6407816                      -22798.705
               1.6427074                      -22367.617
               1.6446332                      -21868.877
                1.646559                      -21303.895
               1.6484848                      -20674.328
               1.6504106                       -19982.07
               1.6523364                      -19229.205
               1.6542622                      -18417.916
                1.656188                      -17550.715
               1.6581138                      -16630.422
               1.6600396                      -15659.794
               1.6619654                      -14641.724
               1.6638912                      -13579.492
                1.665817                      -12476.513
               1.6677428                      -11336.184
               1.6696686                      -10162.012
               1.6715944                      -8957.7051
               1.6735202                      -7727.1289
                1.675446                      -6474.1333
               1.6773718                      -5202.6343
               1.6792976                      -3916.6687
               1.6812234                      -2620.2195
               1.6831492                      -1317.2997
                1.685075                      -12.093183
               1.6870008                       1291.2947
               1.6889266                       2588.8994
               1.6908524                       3876.7312
               1.6927782                       5150.8032
                1.694704                        6407.147
               1.6966298                       7641.8682
               1.6985556                       8851.3252
               1.7004814                       10031.898
               1.7024072                       11179.876
                1.704333                       12291.854
               1.7062588                       13364.705
               1.7081846                       14395.199
               1.7101104                       15380.224
               1.7120362                       16317.035
                1.713962                       17203.053
               1.7158878                       18035.715
               1.7178136                       18812.684
               1.7197394                        19531.92
               1.7216652                       20191.535
                1.723591                       20789.799
               1.7255168                       21325.223
               1.7274426                        21796.48
               1.7293684                       22202.531
               1.7312942                       22542.561
                 1.73322                       22815.848
               1.7351458                       23021.959
               1.7370716                        23160.76
               1.7389974                        23232.18
               1.7409232                       23236.383
                1.742849                       23173.854
               1.7447748                       23045.234
               1.7467006                       22851.256
               1.7486264                       22592.871
               1.7505522                       22271.326
                1.752478                       21888.074
               1.7544038                       21444.639
               1.7563296                       20942.637
               1.7582554                       20383.945
               1.7601812                       19770.658
                1.762107                       19104.943
               1.7640328                       18389.049
               1.7659586                       17625.418
               1.7678844                       16816.602
               1.7698102                       15965.228
                1.771736                       15074.013
               1.7736618                       14145.825
               1.7755876                       13183.589
               1.7775134                       12190.175
               1.7794392                       11168.582
                1.781365                       10122.005
               1.7832908                       9053.5322
               1.7852166                       7966.1445
               1.7871424                       6862.9858
               1.7890682                       5747.2905
                1.790994                       4622.2183
               1.7929198                       3490.8271
               1.7948456                       2356.1304
               1.7967714                       1221.2383
               1.7986972                       89.295097
                1.800623                      -1036.7874
               1.8025488                      -2154.2131
               1.8044746                      -3260.0488
               1.8064004                      -4351.4307
               1.8083262                      -5425.7061
                1.810252                      -6480.2466
               1.8121778                      -7512.5107
               1.8141036                      -8520.0801
               1.8160294                      -9500.5352
               1.8179552                      -10451.575
                1.819881                       -11371.13
               1.8218068                      -12257.192
               1.8237326                      -13107.733
               1.8256584                      -13920.875
               1.8275842                      -14695.012
                 1.82951                      -15428.574
               1.8314358                       -16119.95
               1.8333616                      -16767.758
               1.8352874                      -17370.879
               1.8372132                      -17928.143
                1.839139                      -18438.416
               1.8410648                      -18900.816
               1.8429906                      -18900.816
               1.8449164                      -19314.637
               1.8468422                      -19679.164
                1.848768                      -19993.807
               1.8506938                      -20258.111
               1.8526196                      -20471.715
               1.8545454                      -20634.385
               1.8564712                      -20745.973
                1.858397                      -20806.477
               1.8603228                      -20816.006
               1.8622486                      -20774.664
               1.8641744                      -20682.701
               1.8661002                      -20540.539
                1.868026                      -20348.631
               1.8699518                      -20107.504
               1.8718776                      -19817.865
               1.8738034                      -19480.438
               1.8757292                      -19095.975
                1.877655                      -18665.414
               1.8795808                       -18189.85
               1.8815066                      -17670.293
               1.8834324                      -17107.863
               1.8853582                      -16503.896
                1.887284                      -15859.658
               1.8892098                      -15176.494
               1.8911356                          -14456
               1.8930614                      -13699.756
               1.8949872                      -12909.276
                1.896913                      -12086.235
               1.8988388                      -11232.491
               1.9007646                      -10349.926
               1.9026904                      -9440.3779
               1.9046162                      -8505.7617
                1.906542                      -7548.1797
               1.9084678                      -6569.8159
               1.9103936                      -5572.7451
               1.9123194                      -4559.0732
               1.9142452                      -3531.2031
                1.916171                       -2491.542
               1.9180968                      -1442.2939
               1.9200226                      -385.85037
               1.9219484                       675.19922
               1.9238742                       1738.4093
                  1.9258                       2801.3508
               1.9277258                       3861.3833
               1.9296516                        4915.856
               1.9315774                       5962.2793
               1.9335032                       6998.1025
                1.935429                       8020.6167
               1.9373548                       9027.1748
               1.9392806                       10015.222
               1.9412064                       10982.205
               1.9431322                       11925.504
                1.945058                       12842.448
               1.9469838                       13730.583
               1.9489096                       14587.536
               1.9508354                       15410.761
               1.9527612                       16197.778
                1.954687                       16946.322
               1.9566128                        17654.18
               1.9585386                       18319.184
               1.9604644                        18939.18
               1.9623902                       19512.053
                1.964316                       20035.961
               1.9662418                       20509.184
               1.9681676                       20929.959
               1.9700934                       21296.672
               1.9720192                       21607.904
                1.973945                       21862.352
               1.9758708                       22058.795
               1.9777966                       22196.215
               1.9797224                       22273.846
               1.9816482                       22290.943
                1.983574                       22246.777
               1.9854998                       22141.031
               1.9874256                       21973.703
               1.9893514                       21744.625
               1.9912772                       21453.797
                1.993203                       21101.697
               1.9951288                       20688.922
               1.9970546                       20215.988
               1.9989804                       19683.742
               2.0009062                       19093.443
                2.002832                       18446.363
               2.0047578                       17743.783
               2.0066836                        16987.32
               2.0086094                       16178.867
               2.0105352                       15320.413
                2.012461                       14414.078
               2.0143868                       13462.189
               2.0163126                        12467.23
               2.0182384                       11431.855
               2.0201642                       10358.902
                 2.02209                       9251.2588
               2.0240158                       8111.9526
               2.0259416                       6944.2925
               2.0278674                       5751.6016
               2.0297932                       4537.2222
                2.031719                        3304.709
               2.0336448                        2057.718
               2.0355706                       799.92859
               2.0374964                      -464.93399
               2.0394222                      -1733.0651
                2.041348                      -3000.5833
               2.0432738                      -4263.6421
               2.0451996                       -5518.354
               2.0471254                      -6760.8242
               2.0490512                      -7987.2607
                2.050977                      -9193.7637
               2.0529028                      -10376.469
               2.0548286                       -11531.73
               2.0567544                      -12655.864
               2.0586802                      -13745.222
                2.060606                      -14796.331
               2.0625318                       -15805.81
               2.0644576                       -16770.42
               2.0663834                      -17686.994
               2.0683092                       -18552.49
                2.070235                       -19364.15
               2.0721608                      -20119.313
               2.0740866                      -20815.416
               2.0760124                      -21450.193
               2.0779382                      -22021.576
                2.079864                      -22527.666
               2.0817898                      -22966.742
               2.0837156                      -23337.285
               2.0856414                      -23638.125
               2.0875672                      -23868.273
                2.089493                      -24026.852
               2.0914188                      -24113.357
               2.0933446                      -24127.551
               2.0952704                      -24069.313
               2.0971962                      -23938.783
                2.099122                      -23736.398
               2.1010478                      -23462.846
               2.1029736                      -23119.014
               2.1048994                      -22706.023
               2.1068252                      -22225.199
                2.108751                       -21678.09
               2.1106768                      -21066.545
               2.1126026                      -20392.592
               2.1145284                      -19658.363
               2.1164542                       -18866.26
                 2.11838                      -18018.895
               2.1203058                      -17119.033
               2.1222316                      -16169.583
               2.1241574                      -15173.591
               2.1260832                      -14134.289
                2.128009                      -13055.068
               2.1299348                      -11939.357
               2.1318606                       -10790.71
               2.1337864                      -9612.8076
               2.1357122                      -8409.3584
                2.137638                      -7184.1689
               2.1395638                      -5941.1167
               2.1414896                       -4684.063
               2.1434154                      -3416.9158
               2.1453412                      -2143.6089
                2.147267                       -868.0437
               2.1491928                       405.88126
               2.1511186                       1674.3033
               2.1530444                       2933.3833
               2.1549702                       4179.3218
                2.156896                        5408.498
               2.1588218                       6617.3506
               2.1607476                       7802.2515
               2.1626734                       8959.7441
               2.1645992                       10086.602
                2.166525                       11179.656
               2.1684508                       12235.855
               2.1703766                        13252.29
               2.1723024                       14226.111
               2.1742282                       15154.734
                2.176154                       16035.851
               2.1780798                       16867.156
               2.1800056                       17646.447
               2.1819314                       18371.844
               2.1838572                       19041.682
                2.185783                         19654.4
               2.1877088                       20208.588
               2.1896346                       20703.039
               2.1915604                       21136.869
               2.1934862                       21509.322
                2.195412                       21819.688
               2.1973378                       22067.549
               2.1992636                       22252.799
               2.2011894                       22375.383
               2.2031152                       22435.375
                2.205041                        22433.16
               2.2069668                       22369.281
               2.2088926                       22244.346
               2.2108184                       22059.195
               2.2127442                       21814.891
                 2.21467                        21512.57
               2.2165958                       21153.486
               2.2185216                       20739.133
               2.2204474                       20271.182
               2.2223732                       19751.303
                2.224299                       19181.199
               2.2262248                       18562.838
               2.2281506                       17898.375
               2.2300764                       17189.984
               2.2320022                       16439.877
                2.233928                       15650.298
               2.2358538                       14823.629
               2.2377796                       13962.387
               2.2397054                       13069.089
               2.2416312                       12146.298
                2.243557                       11196.617
               2.2454828                       10222.613
               2.2474086                       9226.9668
               2.2493344                       8212.4277
               2.2512602                       7181.6602
                2.253186                       7181.6602
               2.2551118                       6137.3228
               2.2570376                        5082.126
               2.2589634                         4018.75
               2.2608892                        2949.866
                2.262815                       1878.1583
               2.2647408                       806.18518
               2.2666666                      -263.51773
               2.2685924                      -1328.2605
               2.2705182                      -2385.5286
                2.272444                      -3433.0212
               2.2743698                      -4468.2715
               2.2762956                      -5488.7939
               2.2782214                      -6492.3311
               2.2801472                      -7476.7471
                2.282073                      -8439.8281
               2.2839988                      -9379.3271
               2.2859246                      -10293.266
               2.2878504                      -11179.805
               2.2897762                      -12036.909
                2.291702                      -12862.685
               2.2936278                      -13655.492
               2.2955536                      -14413.623
               2.2974794                      -15135.377
               2.2994052                      -15819.318
                2.301331                      -16464.113
               2.3032568                      -17068.295
               2.3051826                      -17630.439
               2.3071084                      -18149.455
               2.3090342                      -18624.344
                 2.31096                      -19054.027
               2.3128858                       -19437.49
               2.3148116                      -19773.871
               2.3167374                      -20062.443
               2.3186632                      -20302.564
                2.320589                      -20493.605
               2.3225148                      -20635.066
               2.3244406                      -20726.584
               2.3263664                      -20767.803
               2.3282922                      -20758.488
                2.330218                      -20698.582
               2.3321438                      -20588.051
               2.3340696                      -20426.904
               2.3359954                      -20215.371
               2.3379212                      -19953.775
                2.339847                      -19642.455
               2.3417728                      -19281.869
               2.3436986                      -18872.594
               2.3456244                      -18415.408
               2.3475502                      -17911.117
                2.349476                      -17360.527
               2.3514018                      -16764.695
               2.3533276                      -16124.854
               2.3552534                       -15442.18
               2.3571792                      -14717.947
                2.359105                      -13953.699
               2.3610308                      -13151.039
               2.3629566                       -12311.56
               2.3648824                       -11437.06
               2.3668082                      -10529.503
                2.368734                      -9590.8262
               2.3706598                       -8623.082
               2.3725856                      -7628.5083
               2.3745114                      -6609.4111
               2.3764372                       -5568.165
                2.378363                      -4507.2212
               2.3802888                      -3429.1152
               2.3822146                      -2336.4973
               2.3841404                      -1232.0859
               2.3860662                       -118.6656
                2.387992                       1000.9384
               2.3899178                       2123.8904
               2.3918436                       3247.2341
               2.3937694                       4367.9351
               2.3956952                       5483.0024
                2.397621                       6589.4175
               2.3995468                       7684.1064
               2.4014726                       8764.0098
               2.4033984                        9826.084
               2.4053242                       10867.269
                 2.40725                       11884.509
               2.4091758                       12874.802
               2.4111016                       13835.225
               2.4130274                       14762.813
               2.4149532                       15654.688
                2.416879                       16508.119
               2.4188048                       17320.355
               2.4207306                       18088.771
               2.4226564                       18810.904
               2.4245822                        19484.25
                2.426508                       20106.484
               2.4284338                        20675.52
               2.4303596                       21189.281
               2.4322854                       21645.824
               2.4342112                       22043.449
                2.436137                       22380.596
               2.4380628                       22655.797
               2.4399886                       22867.787
               2.4419144                       23015.555
               2.4438402                       23098.188
                2.445766                       23114.984
               2.4476918                       23065.508
               2.4496176                       22949.387
               2.4515434                       22766.586
               2.4534692                        22517.34
                2.455395                       22201.814
               2.4573208                       21820.518
               2.4592466                        21374.32
               2.4611724                       20864.135
               2.4630982                       20291.168
                2.465024                       19656.811
               2.4669498                       18962.535
               2.4688756                       18210.193
               2.4708014                       17401.842
               2.4727272                       16539.594
                2.474653                       15625.799
               2.4765788                       14663.002
               2.4785046                       13653.945
               2.4804304                       12601.555
               2.4823562                       11508.813
                2.484282                       10378.892
               2.4862078                       9215.1875
               2.4881336                       8021.1357
               2.4900594                       6800.2646
               2.4919852                       5556.3101
                2.493911                       4293.0869
               2.4958368                       3014.3755
               2.4977626                       1724.0576
               2.4996884                        426.1817
               2.5016142                      -875.21759
                 2.50354                      -2176.1821
               2.5054658                      -3472.6538
               2.5073916                       -4760.481
               2.5093174                       -6035.665
               2.5112432                      -7294.3145
                2.513169                      -8532.4102
               2.5150948                      -9745.9219
               2.5170206                      -10931.104
               2.5189464                      -12084.368
               2.5208722                      -13201.995
                2.522798                      -14280.294
               2.5247238                      -15315.962
               2.5266496                      -16305.891
               2.5285754                      -17246.877
               2.5305012                      -18135.844
                2.532427                      -18970.121
               2.5343528                      -19747.211
               2.5362786                      -20464.621
               2.5382044                      -21120.131
               2.5401302                      -21711.824
                2.542056                      -22237.889
               2.5439818                      -22696.723
               2.5459076                      -23087.055
               2.5478334                      -23407.813
               2.5497592                      -23658.102
                2.551685                      -23837.234
               2.5536108                      -23944.844
               2.5555366                      -23980.863
               2.5574624                      -23945.338
               2.5593882                       -23838.51
                2.561314                      -23661.006
               2.5632398                       -23413.59
               2.5651656                      -23097.213
               2.5670914                       -22713.18
               2.5690172                      -22262.941
                2.570943                      -21748.049
               2.5728688                      -21170.398
               2.5747946                      -20532.121
               2.5767204                      -19835.371
               2.5786462                       -19082.52
                2.580572                      -18276.164
               2.5824978                      -17419.051
               2.5844236                      -16514.063
               2.5863494                      -15564.162
               2.5882752                      -14572.429
                2.590201                      -13542.161
               2.5921268                      -12476.682
               2.5940526                      -11379.344
               2.5959784                       -10253.66
               2.5979042                      -9103.2266
                 2.59983                      -7931.5684
               2.6017558                      -6742.2202
               2.6036816                      -5538.9033
               2.6056074                      -4325.3545
               2.6075332                      -3105.0935
                2.609459                      -1881.7061
               2.6113848                      -658.93274
               2.6133106                       559.66742
               2.6152364                        1770.731
               2.6171622                       2970.8188
                2.619088                       4156.4019
               2.6210138                       5324.1558
               2.6229396                        6471.002
               2.6248654                       7593.8438
               2.6267912                        8689.624
                2.628717                       9755.4453
               2.6306428                       10788.529
               2.6325686                       11786.284
               2.6344944                       12746.217
               2.6364202                       13665.898
                2.638346                       14543.138
               2.6402718                       15375.877
               2.6421976                       16162.181
               2.6441234                       16900.318
               2.6460492                       17588.645
                2.647975                        18225.67
               2.6499008                        18810.18
               2.6518266                       19341.016
               2.6537524                       19817.178
               2.6556782                       20237.941
                2.657604                       20602.635
               2.6595298                       20910.641
               2.6614556                       20910.641
               2.6633814                        21161.65
               2.6653072                       21355.615
                2.667233                       21492.486
               2.6691588                       21572.287
               2.6710846                       21595.313
               2.6730104                       21561.943
               2.6749362                       21472.707
                2.676862                       21328.375
               2.6787878                       21129.705
               2.6807136                       20877.527
               2.6826394                       20572.971
               2.6845652                       20217.191
                2.686491                         19811.4
               2.6884168                       19357.004
               2.6903426                       18855.463
               2.6922684                       18308.328
               2.6941942                       17717.248
                 2.69612                       17083.922
               2.6980458                       16410.166
               2.6999716                       15697.875
               2.7018974                       14948.927
               2.7038232                       14165.314
                2.705749                       13349.165
               2.7076748                       12502.569
               2.7096006                       11627.584
               2.7115264                        10726.41
               2.7134522                       9801.3301
                2.715378                       8854.5586
               2.7173038                       7888.3662
               2.7192296                        6905.064
               2.7211554                       5906.9292
               2.7230812                       4896.3105
                2.725007                       3875.5854
               2.7269328                       2847.0525
               2.7288586                       1813.0421
               2.7307844                        775.9184
               2.7327102                      -261.97119
                2.734636                      -1298.2776
               2.7365618                      -2330.6819
               2.7384876                      -3356.8799
               2.7404134                      -4374.5898
               2.7423392                      -5381.5742
                2.744265                      -6375.5449
               2.7461908                      -7354.2412
               2.7481166                      -8315.5215
               2.7500424                      -9257.1836
               2.7519682                      -10177.035
                2.753894                       -11073.07
               2.7558198                       -11943.31
               2.7577456                       -12785.64
               2.7596714                       -13597.98
               2.7615972                      -14378.497
                2.763523                      -15125.421
               2.7654488                      -15836.849
               2.7673746                      -16510.988
               2.7693004                      -17146.258
               2.7712262                      -17740.973
                2.773152                      -18293.479
               2.7750778                      -18802.379
               2.7770036                       -19266.35
               2.7789294                      -19683.973
               2.7808552                      -20053.898
                2.782781                      -20375.082
               2.7847068                       -20646.58
               2.7866326                      -20867.316
               2.7885584                      -21036.332
               2.7904842                      -21152.938
                 2.79241                      -21216.514
               2.7943358                      -21226.582
               2.7962616                      -21182.703
               2.7981874                      -21084.449
               2.8001132                      -20931.676
                2.802039                      -20724.477
               2.8039648                      -20462.926
               2.8058906                      -20147.145
               2.8078164                      -19777.469
               2.8097422                      -19354.477
                2.811668                      -18878.807
               2.8135938                      -18351.184
               2.8155196                      -17772.572
               2.8174454                      -17144.086
               2.8193712                      -16466.916
                2.821297                      -15742.371
               2.8232228                      -14971.938
               2.8251486                      -14157.368
               2.8270744                      -13300.482
               2.8290002                      -12403.096
                2.830926                      -11467.299
               2.8328518                       -10495.38
               2.8347776                      -9489.6201
               2.8367034                       -8452.458
               2.8386292                      -7386.5464
                2.840555                      -6294.5903
               2.8424808                       -5179.334
               2.8444066                      -4043.6865
               2.8463324                      -2890.7253
               2.8482582                      -1723.5493
                2.850184                      -545.28088
               2.8521098                       640.81567
               2.8540356                       1831.3934
               2.8559614                        3023.123
               2.8578872                       4212.6226
                2.859813                       5396.3989
               2.8617388                       6570.9697
               2.8636646                       7732.9258
               2.8655904                        8878.792
               2.8675162                       10005.065
                2.869442                       11108.358
               2.8713678                        12185.29
               2.8732936                       13232.446
               2.8752194                       14246.507
               2.8771452                        15224.32
                2.879071                       16162.797
               2.8809968                       17058.814
               2.8829226                       17909.336
               2.8848484                       18711.652
               2.8867742                       19463.158
                  2.8887                       20161.176
               2.8906258                       20803.209
               2.8925516                       21387.084
               2.8944774                       21910.781
               2.8964032                       22372.379
                2.898329                       22770.105
               2.9002548                       23102.391
               2.9021806                        23367.92
               2.9041064                       23565.568
               2.9060322                       23694.416
                2.907958                       23753.777
               2.9098838                       23743.176
               2.9118096                       23662.285
               2.9137354                       23511.088
               2.9156612                       23289.816
                2.917587                       22998.889
               2.9195128                       22638.898
               2.9214386                       22210.736
               2.9233644                       21715.559
               2.9252902                       21154.613
                2.927216                        20529.43
               2.9291418                       19841.883
               2.9310676                       19093.896
               2.9329934                        18287.59
               2.9349192                        17425.42
                2.936845                       16509.922
               2.9387708                       15543.807
               2.9406966                       14530.031
               2.9426224                       13471.696
               2.9445482                       12372.078
                2.946474                       11234.533
               2.9483998                       10062.465
               2.9503256                       8859.5596
               2.9522514                       7629.6953
               2.9541772                       6376.6743
                2.956103                       5104.2905
               2.9580288                       3816.5308
               2.9599546                       2517.4893
               2.9618804                       1211.2124
               2.9638062                       -98.20649
                2.965732                       -1406.611
               2.9676578                      -2709.9526
               2.9695836                      -4004.2246
               2.9715094                      -5285.3555
               2.9734352                      -6549.3135
                2.975361                       -7792.166
               2.9772868                      -9010.0684
               2.9792126                      -10199.343
               2.9811384                      -11356.363
               2.9830642                      -12477.479
                 2.98499                      -13559.279
               2.9869158                      -14598.631
               2.9888416                      -15592.371
               2.9907674                      -16537.477
               2.9926932                      -17431.227
                2.994619                      -18271.037
               2.9965448                      -19054.502
               2.9984706                      -19779.428

