        Time / ns                e-field (t=0..end(0.00192)) (pb)_Z_0D_70/real
----------------------------------------------------------------------
                       0                               0
               0.0019258                               0
               0.0038516                               0
               0.0057774                               0
               0.0077032                               0
                0.009629                               0
               0.0115548                               0
               0.0134806                               0
               0.0154064                               0
               0.0173322                               0
                0.019258                               0
               0.0211838                               0
               0.0231096                               0
               0.0250354                               0
               0.0269612                               0
                0.028887                               0
               0.0308128                               0
               0.0327386                               0
               0.0346644                               0
               0.0365902                               0
                0.038516                               0
               0.0404418                               0
               0.0423676                               0
               0.0442934                               0
               0.0462192                               0
                0.048145                               0
               0.0500708                               0
               0.0519966                               0
               0.0539224                               0
               0.0558482                               0
                0.057774                               0
               0.0596998                               0
               0.0616256                               0
               0.0635514                               0
               0.0654772                               0
                0.067403                               0
               0.0693288                               0
               0.0712546                               0
               0.0731804                               0
               0.0751062                               0
                0.077032                               0
               0.0789578                               0
               0.0808836                               0
               0.0828094                               0
               0.0847352                               0
                0.086661                               0
               0.0885868                               0
               0.0905126                               0
               0.0924384                               0
               0.0943642                               0
                 0.09629                               0
               0.0982158                               0
               0.1001416                               0
               0.1020674                               0
               0.1039932                               0
                0.105919                               0
               0.1078448                               0
               0.1097706                               0
               0.1116964                               0
               0.1136222                               0
                0.115548                               0
               0.1174738                               0
               0.1193996                               0
               0.1213254                               0
               0.1232512                               0
                0.125177                               0
               0.1271028                               0
               0.1290286                               0
               0.1309544                               0
               0.1328802                               0
                0.134806                               0
               0.1367318                               0
               0.1386576                               0
               0.1405834                               0
               0.1425092                               0
                0.144435                               0
               0.1463608                               0
               0.1482866                               0
               0.1502124                               0
               0.1521382                               0
                0.154064                   -1.912296e-35
               0.1559898                  -1.7580781e-34
               0.1579156                  -4.0463698e-34
               0.1598414                  -2.9280148e-33
               0.1617672                  -2.3089145e-33
                0.163693                    -5.72455e-34
               0.1656188                  -2.7874128e-33
               0.1675446                  -6.2850957e-33
               0.1694704                   -5.764963e-33
               0.1713962                  -5.2156061e-32
                0.173322                  -8.0430013e-31
               0.1752478                  -9.0774013e-30
               0.1771736                  -8.5469966e-29
               0.1790994                  -6.9651468e-28
               0.1810252                  -5.0372775e-27
                0.182951                  -3.3020812e-26
               0.1848768                  -1.9808546e-25
               0.1868026                  -1.0959355e-24
               0.1887284                  -5.6371645e-24
               0.1906542                  -2.7133297e-23
                 0.19258                  -1.2268642e-22
               0.1945058                  -5.2294758e-22
               0.1964316                  -2.1098308e-21
               0.1983574                   -8.075732e-21
               0.2002832                  -2.9404597e-20
                0.202209                  -1.0210447e-19
               0.2041348                  -3.3873739e-19
               0.2060606                  -3.3873739e-19
               0.2079864                  -1.0754496e-18
               0.2099122                  -3.2729804e-18
                0.211838                  -9.5620573e-18
               0.2137638                  -2.6851113e-17
               0.2156896                  -7.2546512e-17
               0.2176154                  -1.8878313e-16
               0.2195412                   -4.735722e-16
                0.221467                  -1.1461896e-15
               0.2233928                  -2.6781575e-15
               0.2253186                   -6.045253e-15
               0.2272444                  -1.3188488e-14
               0.2291702                  -2.7821827e-14
                0.231096                  -5.6775175e-14
               0.2330218                  -1.1210905e-13
               0.2349476                  -2.1424846e-13
               0.2368734                  -3.9636024e-13
               0.2387992                  -7.0986641e-13
                0.240725                  -1.2308602e-12
               0.2426508                  -2.0662807e-12
               0.2445766                  -3.3581339e-12
               0.2465024                  -5.2832348e-12
               0.2484282                  -8.0454202e-12
                0.250354                  -1.1858108e-11
               0.2522798                  -1.6916701e-11
               0.2542056                  -2.3362548e-11
               0.2561314                  -3.1248504e-11
               0.2580572                  -4.0518797e-11
                0.259983                  -5.1021753e-11
               0.2619088                  -6.2574404e-11
               0.2638346                  -7.5091038e-11
               0.2657604                  -8.8771629e-11
               0.2676862                  -1.0433316e-10
                0.269612                  -1.2322827e-10
               0.2715378                   -1.478135e-10
               0.2734636                  -1.8137686e-10
               0.2753894                  -2.2801284e-10
               0.2773152                  -2.9240299e-10
                0.279241                  -3.7945358e-10
               0.2811668                  -4.9409959e-10
               0.2830926                  -6.4132988e-10
               0.2850184                  -8.2647794e-10
               0.2869442                  -1.0559764e-09
                 0.28887                  -1.3385307e-09
               0.2907958                  -1.6863875e-09
               0.2927216                  -2.1163176e-09
               0.2946474                  -2.6508582e-09
               0.2965732                  -3.3189593e-09
                0.298499                  -4.1563317e-09
               0.3004248                  -5.2063922e-09
               0.3023506                  -6.5214185e-09
               0.3042764                  -8.1644771e-09
               0.3062022                  -1.0212542e-08
                0.308128                  -1.2760312e-08
               0.3100538                  -1.5924776e-08
               0.3119796                  -1.9851182e-08
               0.3139054                  -2.4719926e-08
               0.3158312                   -3.075202e-08
                0.317757                   -3.821814e-08
               0.3196828                  -4.7451444e-08
               0.3216086                  -5.8859747e-08
               0.3235344                   -7.293567e-08
               0.3254602                   -9.028652e-08
                0.327386                  -1.1165785e-07
               0.3293118                  -1.3794941e-07
               0.3312376                  -1.7026289e-07
               0.3331634                  -2.0993915e-07
               0.3350892                  -2.5860743e-07
                0.337015                   -3.182364e-07
               0.3389408                  -3.9122304e-07
               0.3408666                   -4.804744e-07
               0.3427924                  -5.8948706e-07
               0.3447182                  -7.2247497e-07
                0.346644                  -8.8463594e-07
               0.3485698                  -1.0820693e-06
               0.3504956                  -1.3222284e-06
               0.3524214                  -1.6140505e-06
               0.3543472                  -1.9683416e-06
                0.356273                  -2.3979724e-06
               0.3581988                  -2.9183589e-06
               0.3601246                  -3.5480684e-06
               0.3620504                  -4.3094115e-06
               0.3639762                  -5.2287569e-06
                0.365902                  -6.3377643e-06
               0.3678278                  -7.6741762e-06
               0.3697536                  -9.2829205e-06
               0.3716794                  -1.1217264e-05
               0.3736052                  -1.3541259e-05
                0.375531                  -1.6330032e-05
               0.3774568                  -1.9672016e-05
               0.3793826                  -2.3674416e-05
               0.3813084                  -2.8462428e-05
               0.3832342                  -3.4182969e-05
                 0.38516                  -4.1010444e-05
               0.3870858                  -4.9151651e-05
               0.3890116                  -5.8846817e-05
               0.3909374                  -7.0381604e-05
               0.3928632                  -8.4094136e-05
                0.394789                  -0.00010036981
               0.3967148                  -0.00011966936
               0.3986406                   -0.0001425329
               0.4005664                  -0.00016958654
               0.4024922                  -0.00020156504
                0.404418                  -0.00023932254
               0.4063438                  -0.00028385251
               0.4082696                  -0.00033631531
               0.4101954                  -0.00039805111
               0.4121212                  -0.00047061281
                0.414047                  -0.00055582612
               0.4159728                  -0.00065578002
               0.4178986                  -0.00077285105
               0.4198244                  -0.00090984214
               0.4217502                   -0.0010699913
                0.423676                   -0.0012570098
               0.4256018                   -0.0014750755
               0.4275276                    -0.001729077
               0.4294534                   -0.0020246333
               0.4313792                   -0.0023681759
                0.433305                    -0.002766984
               0.4352308                   -0.0032292744
               0.4371566                   -0.0037647765
               0.4390824                   -0.0043843416
               0.4410082                   -0.0051000044
                0.442934                    -0.005925783
               0.4448598                   -0.0068778908
               0.4467856                   -0.0079740472
               0.4487114                    -0.009234298
               0.4506372                    -0.010681367
                0.452563                    -0.012341782
               0.4544888                     -0.01424385
               0.4564146                    -0.016419541
               0.4583404                    -0.018906206
               0.4602662                    -0.021744959
                0.462192                    -0.024980303
               0.4641178                    -0.028662192
               0.4660436                    -0.032849561
               0.4679694                     -0.03760267
               0.4698952                    -0.042993292
                0.471821                    -0.049098685
               0.4737468                    -0.056002088
               0.4756726                    -0.063794643
               0.4775984                     -0.07258521
               0.4795242                    -0.082487457
                 0.48145                    -0.093621947
               0.4833758                     -0.10612515
               0.4853016                     -0.12014068
               0.4872274                     -0.13583869
               0.4891532                      -0.1533837
                0.491079                     -0.17297293
               0.4930048                     -0.19481012
               0.4949306                     -0.21910352
               0.4968564                     -0.24608639
               0.4987822                     -0.27601567
                0.500708                     -0.30916485
               0.5026338                     -0.34579837
               0.5045596                     -0.38623929
               0.5064854                     -0.43076569
               0.5084112                     -0.47970772
                0.510337                     -0.53341156
               0.5122628                     -0.59225953
               0.5141886                     -0.65653074
               0.5161144                     -0.72664458
               0.5180402                     -0.80295634
                0.519966                     -0.88576901
               0.5218918                     -0.97546816
               0.5238176                      -1.0724549
               0.5257434                      -1.1769683
               0.5276692                       -1.289145
                0.529595                      -1.4095185
               0.5315208                      -1.5381172
               0.5334466                      -1.6748402
               0.5353724                      -1.8200496
               0.5372982                      -1.9736969
                0.539224                      -2.1352038
               0.5411498                      -2.3045945
               0.5430756                      -2.4812188
               0.5450014                      -2.6642177
               0.5469272                      -2.8530769
                0.548853                       -3.046545
               0.5507788                      -3.2427425
               0.5527046                      -3.4401445
               0.5546304                       -3.636374
               0.5565562                      -3.8293123
                0.558482                      -4.0149279
               0.5604078                      -4.1905251
               0.5623336                      -4.3519597
               0.5642594                       -4.492681
               0.5661852                      -4.6089001
                0.568111                      -4.6935511
               0.5700368                      -4.7379637
               0.5719626                      -4.7355871
               0.5738884                      -4.6759844
               0.5758142                      -4.5498428
                 0.57774                      -4.3428388
               0.5796658                      -4.0432839
               0.5815916                       -3.635057
               0.5835174                      -3.1044776
               0.5854432                      -2.4316349
                0.587369                       -1.593729
               0.5892948                     -0.57213378
               0.5912206                      0.65986943
               0.5931464                       2.1229613
               0.5950722                       3.8552933
                0.596998                       5.8820419
               0.5989238                       8.2405872
               0.6008496                       10.966383
               0.6027754                       14.100405
               0.6047012                       17.686844
                0.606627                       21.767057
               0.6085528                       26.398087
               0.6104786                       31.634388
               0.6124044                       37.528114
               0.6143302                       37.528114
                0.616256                       44.143505
               0.6181818                       51.538349
               0.6201076                       59.796402
               0.6220334                       68.983948
               0.6239592                       79.167786
                0.625885                       90.443481
               0.6278108                       102.89531
               0.6297366                       116.60547
               0.6316624                       131.68188
               0.6335882                       148.20467
                0.635514                       166.29355
               0.6374398                       186.05699
               0.6393656                       207.58282
               0.6412914                       230.99846
               0.6432172                       256.44058
                0.645143                        284.0058
               0.6470688                       313.81952
               0.6489946                       346.01727
               0.6509204                        380.7677
               0.6528462                        418.1098
                0.654772                       458.24707
               0.6566978                       501.29773
               0.6586236                       547.44458
               0.6605494                       596.75446
               0.6624752                       649.38983
                0.664401                       705.46362
               0.6663268                       765.14655
               0.6682526                       828.57605
               0.6701784                       895.85925
               0.6721042                       967.11536
                 0.67403                       1042.4799
               0.6759558                       1122.0577
               0.6778816                       1206.0009
               0.6798074                       1294.3177
               0.6817332                       1387.1888
                0.683659                        1484.736
               0.6855848                       1586.9237
               0.6875106                       1693.8345
               0.6894364                       1805.6616
               0.6913622                       1922.2772
                0.693288                       2043.8254
               0.6952138                       2170.2695
               0.6971396                       2301.6382
               0.6990654                       2437.9392
               0.7009912                       2579.0579
                0.702917                       2724.9775
               0.7048428                       2875.7271
               0.7067686                       3031.1707
               0.7086944                       3191.1897
               0.7106202                       3355.5986
                0.712546                        3524.291
               0.7144718                       3697.2783
               0.7163976                       3874.1873
               0.7183234                       4054.8369
               0.7202492                       4238.9106
                0.722175                       4426.4824
               0.7241008                        4617.063
               0.7260266                       4810.3364
               0.7279524                       5005.9438
               0.7298782                       5203.6685
                0.731804                        5403.292
               0.7337298                       5604.1816
               0.7356556                       5805.9761
               0.7375814                       6008.4941
               0.7395072                       6211.1025
                0.741433                       6413.3154
               0.7433588                       6614.8467
               0.7452846                        6815.144
               0.7472104                       7013.7324
               0.7491362                       7210.0762
                0.751062                       7403.5752
               0.7529878                       7593.9829
               0.7549136                       7780.4863
               0.7568394                       7962.7393
               0.7587652                       8140.0015
                0.760691                       8311.9785
               0.7626168                       8477.9941
               0.7645426                       8637.4414
               0.7664684                        8789.835
               0.7683942                       8934.6816
                 0.77032                       9071.3887
               0.7722458                       9199.4492
               0.7741716                       9318.6055
               0.7760974                       9427.9707
               0.7780232                       9526.9932
                0.779949                        9615.583
               0.7818748                       9693.2891
               0.7838006                       9759.4111
               0.7857264                       9813.6611
               0.7876522                       9855.6621
                0.789578                       9885.0938
               0.7915038                       9901.5537
               0.7934296                       9904.9561
               0.7953554                       9894.7617
               0.7972812                       9870.8877
                0.799207                       9833.0215
               0.8011328                       9781.2041
               0.8030586                       9715.1475
               0.8049844                       9634.9844
               0.8069102                       9540.4346
                0.808836                       9431.4434
               0.8107618                       9308.2881
               0.8126876                       9170.9795
               0.8146134                       9019.5273
               0.8165392                       8854.2354
                0.818465                       8675.1758
               0.8203908                       8482.6592
               0.8223166                         8276.96
               0.8242424                       8058.4438
               0.8261682                       7827.5107
                0.828094                       7584.4136
               0.8300198                       7329.6719
               0.8319456                       7063.8721
               0.8338714                       6787.4893
               0.8357972                       6501.1455
                0.837723                       6205.2813
               0.8396488                       5900.4648
               0.8415746                       5587.6084
               0.8435004                       5267.3779
               0.8454262                       4940.3066
                0.847352                       4607.2061
               0.8492778                       4268.8848
               0.8512036                       3926.0991
               0.8531294                       3579.6042
               0.8550552                       3230.1348
                0.856981                       2878.6804
               0.8589068                        2526.147
               0.8608326                       2173.1265
               0.8627584                       1820.5046
               0.8646842                       1469.2598
                 0.86661                       1120.1195
               0.8685358                       773.96155
               0.8704616                       431.57077
               0.8723874                       93.798187
               0.8743132                      -238.58752
                0.876239                      -564.78693
               0.8781648                      -884.05286
               0.8800906                      -1195.6516
               0.8820164                      -1498.9265
               0.8839422                      -1793.1182
                0.885868                      -2077.5413
               0.8877938                      -2351.6099
               0.8897196                      -2614.7576
               0.8916454                      -2866.4744
               0.8935712                      -3106.1758
                0.895497                      -3333.3525
               0.8974228                      -3547.6138
               0.8993486                      -3748.5356
               0.9012744                      -3935.7686
               0.9032002                      -4109.0234
                0.905126                      -4268.0713
               0.9070518                      -4412.6274
               0.9089776                      -4542.4639
               0.9109034                      -4657.4897
               0.9128292                      -4757.6392
                0.914755                      -4842.8203
               0.9166808                      -4913.0615
               0.9186066                      -4968.4141
               0.9205324                      -5008.8564
               0.9224582                      -5034.5034
                0.924384                      -5045.6011
               0.9263098                      -5042.3608
               0.9282356                      -5024.9033
               0.9301614                      -4993.4404
               0.9320872                      -4948.3848
                0.934013                      -4890.0894
               0.9359388                       -4818.813
               0.9378646                      -4734.9277
               0.9397904                      -4638.8892
               0.9417162                      -4531.1143
                0.943642                      -4412.0161
               0.9455678                      -4282.1328
               0.9474936                      -4142.0132
               0.9494194                       -3991.999
               0.9513452                      -3832.5225
                0.953271                      -3664.3428
               0.9551968                      -3488.0464
               0.9571226                      -3303.9656
               0.9590484                      -3112.6455
               0.9609742                      -2914.7744
                  0.9629                      -2710.9077
               0.9648258                      -2501.5598
               0.9667516                      -2287.3096
               0.9686774                      -2068.7441
               0.9706032                      -1846.3623
                0.972529                      -1620.6691
               0.9744548                      -1392.3296
               0.9763806                      -1161.9966
               0.9783064                      -930.10992
               0.9802322                      -697.04822
                0.982158                      -463.37485
               0.9840838                      -229.78156
               0.9860096                       3.2132478
               0.9879354                       235.24628
               0.9898612                       465.82776
                0.991787                       694.41882
               0.9937128                       920.56726
               0.9956386                       1143.7896
               0.9975644                       1363.6083
               0.9994902                       1579.6323
                1.001416                        1791.452
               1.0033418                       1998.6108
               1.0052676                       2200.6653
               1.0071934                       2397.2395
               1.0091192                       2587.9998
                1.011045                        2772.551
               1.0129708                       2950.4775
               1.0148966                       3121.4624
               1.0168224                       3285.1899
               1.0187482                       3441.2581
                1.020674                       3589.3584
               1.0225998                       3729.2998
               1.0245256                       3729.2998
               1.0264514                       3860.7434
               1.0283772                       3983.2915
                1.030303                       4096.7393
               1.0322288                       4200.8804
               1.0341546                       4295.4263
               1.0360804                       4380.1855
               1.0380062                       4454.9297
                1.039932                       4519.3936
               1.0418578                       4573.4683
               1.0437836                       4617.0215
               1.0457094                       4649.8174
               1.0476352                       4671.7305
                1.049561                       4682.6997
               1.0514868                       4682.6167
               1.0534126                       4671.4121
               1.0553384                       4649.0332
               1.0572642                       4615.3818
                 1.05919                       4570.4443
               1.0611158                       4514.3271
               1.0630416                       4447.0596
               1.0649674                       4368.6079
               1.0668932                        4279.041
                1.068819                       4178.4873
               1.0707448                       4067.1123
               1.0726706                       3945.1274
               1.0745964                        3812.688
               1.0765222                       3669.8901
                1.078448                       3516.9346
               1.0803738                       3354.2239
               1.0822996                       3182.1506
               1.0842254                       3000.8755
               1.0861512                       2810.6453
                1.088077                       2611.9714
               1.0900028                       2405.3027
               1.0919286                       2191.0203
               1.0938544                        1969.564
               1.0957802                       1741.3617
                1.097706                       1506.9629
               1.0996318                       1266.9989
               1.1015576                       1021.9651
               1.1034834                       772.36938
               1.1054092                       518.84875
                1.107335                       262.08939
               1.1092608                       2.7764506
               1.1111866                      -258.47864
               1.1131124                      -521.03699
               1.1150382                      -784.15332
                1.116964                      -1047.1047
               1.1188898                      -1309.1421
               1.1208156                      -1569.4932
               1.1227414                      -1827.5065
               1.1246672                       -2082.467
                1.126593                        -2333.51
               1.1285188                      -2579.8772
               1.1304446                      -2820.8591
               1.1323704                      -3055.6274
               1.1342962                       -3283.449
                1.136222                      -3503.7297
               1.1381478                      -3715.7117
               1.1400736                      -3918.5151
               1.1419994                      -4111.4531
               1.1439252                      -4294.0059
                1.145851                      -4465.5586
               1.1477768                      -4625.3462
               1.1497026                      -4772.6968
               1.1516284                      -4907.1719
               1.1535542                      -5028.3047
                 1.15548                      -5135.5098
               1.1574058                       -5228.312
               1.1593316                      -5306.3428
               1.1612574                      -5369.1953
               1.1631832                      -5416.5156
                1.165109                      -5448.1001
               1.1670348                      -5463.7793
               1.1689606                      -5463.2622
               1.1708864                      -5446.3389
               1.1728122                      -5413.0645
                1.174738                      -5363.4565
               1.1766638                      -5297.4458
               1.1785896                      -5215.1694
               1.1805154                      -5116.8574
               1.1824412                      -5002.6519
                1.184367                      -4872.7163
               1.1862928                      -4727.3931
               1.1882186                      -4567.1963
               1.1901444                      -4392.5713
               1.1920702                      -4203.8428
                1.193996                      -4001.5225
               1.1959218                      -3786.3306
               1.1978476                      -3558.9385
               1.1997734                      -3319.9214
               1.2016992                      -3069.8994
                1.203625                      -2809.6958
               1.2055508                        -2540.26
               1.2074766                       -2262.458
               1.2094024                      -1977.0596
               1.2113282                      -1684.8398
                1.213254                      -1386.7262
               1.2151798                      -1083.8568
               1.2171056                      -777.27832
               1.2190314                      -467.79758
               1.2209572                      -156.36026
                1.222883                       155.87645
               1.2248088                       467.91492
               1.2267346                       778.82843
               1.2286604                       1087.5106
               1.2305862                       1392.9346
                1.232512                       1694.2393
               1.2344378                       1990.4288
               1.2363636                       2280.4097
               1.2382894                       2563.2437
               1.2402152                       2838.1423
                1.242141                       3104.2573
               1.2440668                       3360.5891
               1.2459926                        3606.251
               1.2479184                       3840.6077
               1.2498442                       4062.9478
                 1.25177                       4272.4604
               1.2536958                       4468.5488
               1.2556216                       4650.6665
               1.2575474                       4818.1372
               1.2594732                       4970.4331
                1.261399                       5107.2378
               1.2633248                       5228.1763
               1.2652506                       5332.8188
               1.2671764                        5420.832
               1.2691022                         5492.04
                1.271028                       5546.3882
               1.2729538                       5583.7549
               1.2748796                       5603.9624
               1.2768054                       5607.0322
               1.2787312                       5593.1099
                1.280657                       5562.3003
               1.2825828                       5514.7964
               1.2845086                       5450.8496
               1.2864344                       5370.6865
               1.2883602                       5274.6396
                1.290286                       5163.1509
               1.2922118                       5036.7075
               1.2941376                       4895.8008
               1.2960634                       4740.8599
               1.2979892                       4572.4229
                1.299915                       4391.2036
               1.3018408                       4197.9043
               1.3037666                       3993.2393
               1.3056924                        3777.845
               1.3076182                       3552.2634
                1.309544                       3317.3806
               1.3114698                       3074.2891
               1.3133956                       2823.6863
               1.3153214                       2566.1213
               1.3172472                       2302.4832
                1.319173                        2033.819
               1.3210988                       1761.0144
               1.3230246                       1484.8208
               1.3249504                       1206.0452
               1.3268762                       925.56555
                1.328802                       644.26709
               1.3307278                       363.03854
               1.3326536                       82.713638
               1.3345794                      -195.93427
               1.3365052                      -472.13321
                1.338431                      -745.09119
               1.3403568                      -1013.9926
               1.3422826                      -1278.1061
               1.3442084                      -1536.7841
               1.3461342                       -1789.323
                 1.34806                      -2035.0562
               1.3499858                       -2273.375
               1.3519116                      -2503.6155
               1.3538374                      -2725.2217
               1.3557632                      -2937.7905
                1.357689                      -3140.8347
               1.3596148                      -3333.8142
               1.3615406                       -3516.314
               1.3634664                      -3688.0078
               1.3653922                      -3848.5574
                1.367318                       -3997.645
               1.3692438                      -4135.0371
               1.3711696                      -4260.4995
               1.3730954                      -4373.7817
               1.3750212                      -4474.7793
                1.376947                        -4563.46
               1.3788728                      -4639.6641
               1.3807986                      -4703.3091
               1.3827244                      -4754.4736
               1.3846502                      -4793.1602
                1.386576                      -4819.3774
               1.3885018                      -4833.2368
               1.3904276                      -4834.8125
               1.3923534                      -4824.2246
               1.3942792                      -4801.7227
                1.396205                      -4767.5176
               1.3981308                      -4721.7471
               1.4000566                      -4664.5771
               1.4019824                      -4596.3188
               1.4039082                      -4517.3477
                1.405834                      -4427.8921
               1.4077598                      -4328.1606
               1.4096856                      -4218.5439
               1.4116114                      -4099.4531
               1.4135372                      -3971.1648
                1.415463                      -3833.9629
               1.4173888                      -3688.3013
               1.4193146                       -3534.636
               1.4212404                      -3373.2595
               1.4231662                      -3204.5276
                1.425092                      -3028.9185
               1.4270178                      -2846.8438
               1.4289436                      -2658.6941
               1.4308694                      -2464.9072
               1.4327952                      -2265.9036
                1.434721                      -2265.9036
               1.4366468                      -2062.0908
               1.4385726                      -1853.8982
               1.4404984                      -1641.7871
               1.4424242                      -1426.2386
                 1.44435                      -1207.7108
               1.4462758                      -986.59778
               1.4482016                      -763.27966
               1.4501274                      -538.24866
               1.4520532                      -312.03781
                1.453979                      -85.108688
               1.4559048                       142.10364
               1.4578306                       369.20947
               1.4597564                       595.77594
               1.4616822                       821.21417
                1.463608                       1045.0278
               1.4655338                        1266.874
               1.4674596                       1486.2832
               1.4693854                       1702.7092
               1.4713112                        1915.707
                1.473237                       2124.8652
               1.4751628                       2329.7263
               1.4770886                       2529.7849
               1.4790144                       2724.5334
               1.4809402                       2913.5579
                1.482866                       3096.4893
               1.4847918                       3272.8345
               1.4867176                       3442.0623
               1.4886434                       3603.8027
               1.4905692                       3757.7146
                1.492495                       3903.3123
               1.4944208                       4040.1511
               1.4963466                       4167.9067
               1.4982724                       4286.1841
               1.5001982                        4394.563
                1.502124                       4492.7422
               1.5040498                       4580.4243
               1.5059756                       4657.2114
               1.5079014                       4722.7798
               1.5098272                       4776.9858
                1.511753                       4819.6035
               1.5136788                       4850.2334
               1.5156046                       4868.6372
               1.5175304                       4874.7749
               1.5194562                       4868.5005
                1.521382                       4849.6367
               1.5233078                       4818.1157
               1.5252336                       4773.8408
               1.5271594                       4716.7563
               1.5290852                       4646.9263
                1.531011                        4564.377
               1.5329368                       4469.1367
               1.5348626                        4361.355
               1.5367884                       4241.1826
               1.5387142                       4108.7495
                 1.54064                       3964.2659
               1.5425658                       3808.0117
               1.5444916                       3640.2981
               1.5464174                       3461.4753
               1.5483432                        3271.875
                1.550269                       3071.8337
               1.5521948                       2861.8352
               1.5541206                       2642.4639
               1.5560464                       2414.1943
               1.5579722                       2177.4683
                1.559898                       1932.9064
               1.5618238                       1681.1877
               1.5637496                       1422.9169
               1.5656754                       1158.7739
               1.5676012                       889.52118
                1.569527                       615.86029
               1.5714528                       338.51617
               1.5733786                       58.293701
               1.5753044                      -224.01567
               1.5772302                      -507.60184
                1.579156                      -791.60236
               1.5810818                      -1075.1517
               1.5830076                      -1357.3844
               1.5849334                      -1637.4407
               1.5868592                      -1914.4719
                1.588785                      -2187.6355
               1.5907108                      -2456.0684
               1.5926366                      -2718.8362
               1.5945624                      -2975.0171
               1.5964882                      -3223.8315
                1.598414                      -3464.5398
               1.6003398                      -3696.2786
               1.6022656                      -3918.1548
               1.6041914                      -4129.4521
               1.6061172                       -4329.498
                1.608043                      -4517.5127
               1.6099688                      -4692.8149
               1.6118946                      -4854.8306
               1.6138204                      -5002.8857
               1.6157462                      -5136.3721
                1.617672                      -5254.8535
               1.6195978                      -5357.9063
               1.6215236                      -5445.1025
               1.6234494                      -5516.0444
               1.6253752                       -5570.334
                1.627301                      -5607.7383
               1.6292268                      -5628.1777
               1.6311526                      -5631.4858
               1.6330784                      -5617.4771
               1.6350042                      -5586.1719
                 1.63693                      -5537.6851
               1.6388558                      -5472.0469
               1.6407816                      -5389.3311
               1.6427074                      -5289.8086
               1.6446332                      -5173.8774
                1.646559                      -5041.8408
               1.6484848                      -4893.9448
               1.6504106                      -4730.6719
               1.6523364                      -4552.6406
               1.6542622                      -4360.3535
                1.656188                      -4154.3682
               1.6581138                      -3935.3882
               1.6600396                      -3704.1357
               1.6619654                      -3461.3638
               1.6638912                      -3207.8267
                1.665817                       -2944.314
               1.6677428                      -2671.7385
               1.6696686                      -2391.0005
               1.6715944                      -2102.9792
               1.6735202                      -1808.6486
                1.675446                      -1508.9868
               1.6773718                      -1204.9214
               1.6792976                      -897.45105
               1.6812234                       -587.6723
               1.6831492                      -276.58807
                1.685075                       34.917637
               1.6870008                        345.8187
               1.6889266                       655.00897
               1.6908524                       961.54346
               1.6927782                       1264.4797
                1.694704                       1562.7736
               1.6966298                        1855.452
               1.6985556                       2141.6987
               1.7004814                       2420.7139
               1.7024072                       2691.5007
                1.704333                       2953.0879
               1.7062588                       3204.8425
               1.7081846                       3446.1167
               1.7101104                        3676.074
               1.7120362                       3894.0059
                1.713962                       4099.3149
               1.7158878                       4291.4351
               1.7178136                        4469.876
               1.7197394                        4634.146
               1.7216652                       4783.7881
                1.723591                       4918.4155
               1.7255168                       5037.6899
               1.7274426                       5141.4097
               1.7293684                       5229.3633
               1.7312942                       5301.2827
                 1.73322                       5357.0938
               1.7351458                       5396.8525
               1.7370716                       5420.5332
               1.7389974                       5428.0991
               1.7409232                       5419.6289
                1.742849                       5395.3335
               1.7447748                       5355.4902
               1.7467006                       5300.3428
               1.7486264                       5230.0908
               1.7505522                       5145.0542
                1.752478                       5045.7192
               1.7544038                        4932.522
               1.7563296                        4805.832
               1.7582554                       4666.1665
               1.7601812                       4514.1465
                1.762107                       4350.3418
               1.7640328                       4175.2813
               1.7659586                       3989.5488
               1.7678844                       3793.8164
               1.7698102                       3588.7786
                1.771736                       3375.1411
               1.7736618                       3153.6445
               1.7755876                        2924.978
               1.7775134                       2689.7883
               1.7794392                       2448.8196
                1.781365                       2202.8799
               1.7832908                       1952.7328
               1.7852166                       1699.1228
               1.7871424                       1442.7506
               1.7890682                       1184.2793
                1.790994                       924.50354
               1.7929198                       664.26953
               1.7948456                       404.20972
               1.7967714                       144.90366
               1.7986972                      -112.87841
                1.800623                      -368.38867
               1.8025488                      -621.05347
               1.8044746                      -870.29639
               1.8064004                      -1115.4326
               1.8083262                      -1355.8033
                1.810252                      -1590.9489
               1.8121778                      -1820.4241
               1.8141036                       -2043.566
               1.8160294                      -2259.8232
               1.8179552                      -2468.9065
                1.819881                      -2670.3901
               1.8218068                      -2863.7446
               1.8237326                      -3048.5996
               1.8256584                      -3224.6333
               1.8275842                      -3391.5715
                 1.82951                      -3549.1543
               1.8314358                       -3696.988
               1.8333616                      -3834.8098
               1.8352874                      -3962.5283
               1.8372132                      -4079.9248
                1.839139                      -4186.8057
               1.8410648                      -4283.0688
               1.8429906                      -4283.0688
               1.8449164                      -4368.5317
               1.8468422                      -4443.1167
                1.848768                      -4506.8257
               1.8506938                      -4559.5303
               1.8526196                      -4601.2017
               1.8545454                      -4631.9478
               1.8564712                      -4651.7534
                1.858397                      -4660.5474
               1.8603228                      -4658.3677
               1.8622486                       -4645.353
               1.8641744                       -4621.665
               1.8661002                      -4587.3789
                1.868026                      -4542.5215
               1.8699518                      -4487.2085
               1.8718776                      -4421.6479
               1.8738034                      -4346.0601
               1.8757292                      -4260.5874
                1.877655                      -4165.3516
               1.8795808                      -4060.5732
               1.8815066                       -3946.519
               1.8834324                      -3823.4282
               1.8853582                      -3691.5132
                1.887284                      -3551.0093
               1.8892098                      -3402.2317
               1.8911356                      -3245.4695
               1.8930614                      -3080.9629
               1.8949872                      -2909.0757
                1.896913                      -2730.1675
               1.8988388                        -2544.47
               1.9007646                      -2352.3359
               1.9026904                      -2154.2319
               1.9046162                      -1950.5103
                1.906542                      -1741.5188
               1.9084678                      -1527.7158
               1.9103936                      -1309.5162
               1.9123194                      -1087.2871
               1.9142452                      -861.51001
                1.916171                      -632.71344
               1.9180968                      -401.33911
               1.9200226                      -167.83127
               1.9219484                       67.306541
               1.9238742                       303.51892
                  1.9258                       540.20575
               1.9277258                       776.88141
               1.9296516                       1013.1349
               1.9315774                       1248.3746
               1.9335032                       1481.9041
                1.935429                       1713.1504
               1.9373548                       1941.6421
               1.9392806                       2166.8069
               1.9412064                       2387.9602
               1.9431322                       2604.5552
                1.945058                       2816.0884
               1.9469838                       3021.8843
               1.9489096                       3221.3184
               1.9508354                       3413.8801
               1.9527612                       3599.0081
                1.954687                       3776.1326
               1.9566128                       3944.6619
               1.9585386                       4104.0254
               1.9604644                       4253.7852
               1.9623902                       4393.4565
                1.964316                       4522.4556
               1.9662418                       4640.3145
               1.9681676                       4746.6294
               1.9700934                       4840.9341
               1.9720192                       4922.8174
                1.973945                       4991.9888
               1.9758708                       5048.1475
               1.9777966                       5090.8936
               1.9797224                       5119.8706
               1.9816482                       5134.9307
                1.983574                       5135.9702
               1.9854998                       5122.7344
               1.9874256                       5095.0562
               1.9893514                       5052.9883
               1.9912772                       4996.4648
                1.993203                       4925.3354
               1.9951288                        4839.748
               1.9970546                       4739.9551
               1.9989804                       4626.0034
               2.0009062                        4497.979
                2.002832                       4356.1938
               2.0047578                       4200.9736
               2.0066836                       4032.6072
               2.0086094                       3851.4922
               2.0105352                       3658.0547
                2.012461                       3452.6851
               2.0143868                        3235.948
               2.0163126                       3008.5359
               2.0182384                       2770.9788
               2.0201642                       2523.7551
                 2.02209                       2267.5671
               2.0240158                       2003.2705
               2.0259416                       1731.6609
               2.0278674                       1453.4418
               2.0297932                       1169.3242
                2.031719                       880.15259
               2.0336448                       586.89874
               2.0355706                       290.49991
               2.0374964                      -8.1798077
               2.0394222                      -308.27844
                2.041348                      -608.91516
               2.0432738                      -909.09149
               2.0451996                       -1207.744
               2.0471254                      -1503.9644
               2.0490512                      -1796.8669
                2.050977                      -2085.4568
               2.0529028                      -2368.8064
               2.0548286                      -2645.9946
               2.0567544                      -2916.0264
               2.0586802                      -3178.0369
                2.060606                      -3431.2246
               2.0625318                      -3674.6641
               2.0644576                      -3907.4922
               2.0663834                      -4129.0005
               2.0683092                      -4338.4131
                2.070235                      -4534.9331
               2.0721608                      -4717.9517
               2.0740866                      -4886.8931
               2.0760124                      -5041.0728
               2.0779382                       -5179.938
                2.079864                      -5303.0947
               2.0817898                      -5410.0923
               2.0837156                      -5500.4824
               2.0856414                      -5573.9561
               2.0875672                      -5630.2925
                2.089493                       -5669.291
               2.0914188                      -5690.8076
               2.0933446                      -5694.7744
               2.0952704                      -5681.1167
               2.0971962                      -5649.8286
                2.099122                      -5601.1133
               2.1010478                      -5535.1938
               2.1029736                      -5452.1777
               2.1048994                       -5352.334
               2.1068252                      -5236.1094
                2.108751                      -5103.8745
               2.1106768                      -4955.9785
               2.1126026                      -4792.9375
               2.1145284                      -4615.4536
               2.1164542                      -4424.1943
                 2.11838                      -4219.6284
               2.1203058                      -4002.3535
               2.1222316                      -3773.2783
               2.1241574                      -3533.2542
               2.1260832                      -3283.0171
                2.128009                      -3023.3767
               2.1299348                      -2755.1748
               2.1318606                      -2479.3296
               2.1337864                      -2196.8271
               2.1357122                       -1908.577
                2.137638                      -1615.5126
               2.1395638                      -1318.6022
               2.1414896                      -1018.7352
               2.1434154                      -716.88306
               2.1453412                      -414.14926
                2.147267                      -111.52095
               2.1491928                       190.16331
               2.1511186                       490.04083
               2.1530444                       787.15167
               2.1549702                       1080.4548
                2.156896                       1368.9991
               2.1588218                       1652.0463
               2.1607476                       1928.8455
               2.1626734                       2198.5151
               2.1645992                       2460.2095
                2.166525                       2713.1494
               2.1684508                       2956.6753
               2.1703766                       3190.2141
               2.1723024                       3413.0442
               2.1742282                       3624.5171
                2.176154                       3824.2397
               2.1780798                       4011.6582
               2.1800056                       4186.1646
               2.1819314                       4347.4897
               2.1838572                       4495.3613
                2.185783                       4629.3135
               2.1877088                        4749.063
               2.1896346                        4854.499
               2.1915604                       4945.4473
               2.1934862                       5021.7085
                2.195412                        5083.208
               2.1973378                       5129.9688
               2.1992636                       5162.0093
               2.2011894                       5179.3433
               2.2031152                       5182.0693
                2.205041                       5170.3921
               2.2069668                         5144.54
               2.2088926                       5104.6582
               2.2108184                       5050.9282
               2.2127442                       4983.7432
                 2.21467                       4903.5171
               2.2165958                       4810.5635
               2.2185216                       4705.2715
               2.2204474                       4588.0552
               2.2223732                       4459.3062
                2.224299                       4319.5698
               2.2262248                       4169.4316
               2.2281506                       4009.3591
               2.2300764                       3839.8325
               2.2320022                       3661.4082
                2.233928                       3474.6794
               2.2358538                       3280.2815
               2.2377796                       3078.8171
               2.2397054                       2870.8083
               2.2416312                        2656.814
                2.243557                       2437.5273
               2.2454828                       2213.6196
               2.2474086                       1985.6385
               2.2493344                       1754.1779
               2.2512602                       1519.8423
                2.253186                       1519.8423
               2.2551118                       1283.2006
               2.2570376                        1044.936
               2.2589634                       805.64282
               2.2608892                       565.78229
                2.262815                       326.01987
               2.2647408                        86.98201
               2.2666666                       -150.9637
               2.2685924                      -387.27368
               2.2705182                      -621.23083
                2.272444                      -852.36865
               2.2743698                       -1080.379
               2.2762956                      -1304.7618
               2.2782214                      -1524.8633
               2.2801472                      -1740.2158
                2.282073                      -1950.5831
               2.2839988                      -2155.6323
               2.2859246                       -2354.803
               2.2878504                      -2547.5747
               2.2897762                      -2733.7065
                2.291702                       -2912.989
               2.2936278                      -3084.9785
               2.2955536                      -3249.2908
               2.2974794                       -3405.729
               2.2994052                      -3553.9907
                2.301331                      -3693.7214
               2.3032568                      -3824.7085
               2.3051826                      -3946.7737
               2.3071084                      -4059.6445
               2.3090342                      -4163.0503
                 2.31096                       -4256.877
               2.3128858                      -4340.9565
               2.3148116                      -4414.9702
               2.3167374                      -4478.8662
               2.3186632                      -4532.6904
                2.320589                      -4576.1201
               2.3225148                      -4608.8652
               2.3244406                      -4631.0166
               2.3263664                      -4642.6699
               2.3282922                       -4643.686
                2.330218                      -4633.8345
               2.3321438                      -4613.0693
               2.3340696                      -4581.5347
               2.3359954                      -4539.2861
               2.3379212                      -4486.2539
                2.339847                       -4422.436
               2.3417728                      -4347.9185
               2.3436986                      -4262.7832
               2.3456244                      -4167.1216
               2.3475502                      -4061.1104
                2.349476                      -3944.9094
               2.3514018                      -3818.6038
               2.3533276                      -3682.3718
               2.3552534                      -3536.4822
               2.3571792                      -3381.1809
                2.359105                      -3216.7087
               2.3610308                       -3043.333
               2.3629566                      -2861.3784
               2.3648824                      -2671.1858
               2.3668082                      -2473.0923
                2.368734                      -2267.5232
               2.3706598                       -2054.915
               2.3725856                      -1835.6395
               2.3745114                      -1610.1404
               2.3764372                      -1378.9346
                2.378363                      -1142.5863
               2.3802888                      -901.70111
               2.3822146                      -656.73822
               2.3841404                      -408.11896
               2.3860662                      -156.57727
                2.387992                       97.083221
               2.3899178                         352.362
               2.3918436                       608.74164
               2.3937694                        865.4079
               2.3956952                       1121.5758
                2.397621                       1376.6807
               2.3995468                       1630.1135
               2.4014726                       1881.0488
               2.4033984                       2128.6409
               2.4053242                       2372.2561
                 2.40725                       2611.3167
               2.4091758                       2845.0129
               2.4111016                       3072.4778
               2.4130274                       3293.0735
               2.4149532                       3506.2075
                2.416879                       3711.1238
               2.4188048                       3907.0881
               2.4207306                       4093.4617
               2.4226564                       4269.6011
               2.4245822                       4434.9053
                2.426508                        4588.813
               2.4284338                        4730.708
               2.4303596                       4860.0107
               2.4322854                       4976.2705
               2.4342112                       5079.0342
                2.436137                       5167.7798
               2.4380628                       5242.1182
               2.4399886                       5301.8115
               2.4419144                       5346.4922
               2.4438402                       5375.7622
                2.445766                         5389.52
               2.4476918                       5387.6987
               2.4496176                       5369.9907
               2.4515434                       5336.2412
               2.4534692                       5286.5879
                2.455395                       5221.1006
               2.4573208                       5139.7705
               2.4592466                       5042.7441
               2.4611724                       4930.2188
               2.4630982                        4802.373
                2.465024                       4659.5117
               2.4669498                       4502.0654
               2.4688756                        4330.416
               2.4708014                       4144.9155
               2.4727272                       3946.0864
                2.474653                       3734.5483
               2.4765788                       3510.8545
               2.4785046                       3275.6233
               2.4804304                       3029.5781
               2.4823562                       2773.4009
                2.484282                       2507.8313
               2.4862078                       2233.7268
               2.4881336                       1951.9575
               2.4900594                       1663.3711
               2.4919852                       1368.7795
                2.493911                       1069.0673
               2.4958368                       765.28394
               2.4977626                       458.45551
               2.4996884                       149.49876
               2.5016142                      -160.63841
                 2.50354                      -470.97421
               2.5054658                      -780.52362
               2.5073916                      -1088.2054
               2.5093174                      -1392.9432
               2.5112432                      -1693.8566
                2.513169                      -1990.0481
               2.5150948                      -2280.4324
               2.5170206                      -2564.0261
               2.5189464                      -2839.9692
               2.5208722                      -3107.3293
                2.522798                      -3365.2104
               2.5247238                      -3612.7705
               2.5266496                      -3849.1931
               2.5285754                      -4073.7974
               2.5305012                      -4285.8584
                2.532427                      -4484.5244
               2.5343528                      -4669.1416
               2.5362786                      -4839.2852
               2.5382044                      -4994.4316
               2.5401302                       -5133.979
                2.542056                      -5257.5034
               2.5439818                      -5364.6719
               2.5459076                      -5455.1211
               2.5478334                      -5528.6401
               2.5497592                      -5585.0767
                2.551685                      -5624.1938
               2.5536108                      -5645.9097
               2.5555366                      -5650.2896
               2.5574624                      -5637.3379
               2.5593882                      -5607.1543
                2.561314                      -5559.9502
               2.5632398                      -5495.8931
               2.5651656                        -5415.21
               2.5670914                      -5318.2837
               2.5690172                      -5205.5566
                2.570943                      -5077.4805
               2.5728688                      -4934.5151
               2.5747946                      -4777.0938
               2.5767204                      -4605.7876
               2.5786462                      -4421.4146
                2.580572                      -4224.6719
               2.5824978                      -4016.0051
               2.5844236                      -3796.1531
               2.5863494                      -3566.1289
               2.5882752                       -3326.666
                2.590201                      -3078.4136
               2.5921268                      -2822.2847
               2.5940526                      -2559.2195
               2.5959784                      -2290.0337
               2.5979042                      -2015.5343
                 2.59983                      -1736.6553
               2.6017558                      -1454.4146
               2.6036816                      -1169.6401
               2.6056074                       -883.0592
               2.6075332                      -595.63354
                2.609459                      -308.39108
               2.6113848                        -22.1381
               2.6133106                        262.3913
               2.6152364                       544.32648
               2.6171622                       822.76343
                2.619088                       1096.9551
               2.6210138                       1366.1975
               2.6229396                       1629.7059
               2.6248654                       1886.7646
               2.6267912                       2136.6924
                2.628717                       2378.7803
               2.6306428                       2612.4868
               2.6325686                       2837.3025
               2.6344944                       3052.5684
               2.6364202                       3257.7688
                2.638346                       3452.5396
               2.6402718                       3636.3796
               2.6421976                       3808.8303
               2.6441234                        3969.657
               2.6460492                       4118.5957
                2.647975                        4255.248
               2.6499008                       4379.3452
               2.6518266                       4490.8018
               2.6537524                       4589.4922
               2.6556782                       4675.2437
                2.657604                       4747.9521
               2.6595298                       4807.5728
               2.6614556                       4807.5728
               2.6633814                        4854.144
               2.6653072                       4887.7388
                2.667233                       4908.3564
               2.6691588                       4916.0542
               2.6710846                        4910.999
               2.6730104                       4893.3579
               2.6749362                       4863.3467
                2.676862                        4821.207
               2.6787878                        4767.082
               2.6807136                       4701.1885
               2.6826394                       4623.9531
               2.6845652                       4535.7495
                2.686491                         4436.75
               2.6884168                       4327.2358
               2.6903426                       4207.7466
               2.6922684                       4078.7444
               2.6941942                       3940.4751
                 2.69612                       3793.2432
               2.6980458                       3637.5662
               2.6999716                       3474.0151
               2.7018974                       3302.9966
               2.7038232                       3124.8206
                2.705749                       2939.9578
               2.7076748                        2748.981
               2.7096006                       2552.3284
               2.7115264                       2350.4175
               2.7134522                       2143.7754
                2.715378                       1932.9038
               2.7173038                       1718.2225
               2.7192296                       1500.1877
               2.7211554                       1279.3333
               2.7230812                       1056.1606
                2.725007                       831.12134
               2.7269328                       604.70782
               2.7288586                       377.36685
               2.7307844                       149.47569
               2.7327102                      -78.423019
                2.734636                      -305.69183
               2.7365618                       -531.9408
               2.7384876                      -756.92822
               2.7404134                      -980.17401
               2.7423392                      -1200.9958
                2.744265                      -1418.9285
               2.7461908                      -1633.7517
               2.7481166                      -1845.0408
               2.7500424                      -2052.1699
               2.7519682                      -2254.7319
                2.753894                      -2452.4421
               2.7558198                       -2644.835
               2.7577456                      -2831.4277
               2.7596714                       -3011.873
               2.7615972                      -3185.7837
                2.763523                      -3352.7239
               2.7654488                      -3512.3181
               2.7673746                      -3664.1997
               2.7693004                      -3808.0198
               2.7712262                      -3943.4688
                2.773152                      -4070.1274
               2.7750778                      -4187.5605
               2.7770036                      -4295.5444
               2.7789294                      -4393.8569
               2.7808552                      -4482.1162
                2.782781                      -4559.9961
               2.7847068                      -4627.2612
               2.7866326                      -4683.6479
               2.7885584                      -4728.9277
               2.7904842                      -4762.9233
                 2.79241                      -4785.4238
               2.7943358                      -4796.1987
               2.7962616                      -4795.1167
               2.7981874                      -4782.1104
               2.8001132                      -4757.0562
                2.802039                      -4719.8149
               2.8039648                      -4670.3462
               2.8058906                      -4608.6992
               2.8078164                      -4534.8994
               2.8097422                      -4448.9253
                2.811668                      -4350.8096
               2.8135938                      -4240.6973
               2.8155196                      -4118.7544
               2.8174454                      -3985.1528
               2.8193712                      -3840.1133
                2.821297                      -3683.8396
               2.8232228                       -3516.564
               2.8251486                      -3338.6536
               2.8270744                      -3150.5083
               2.8290002                      -2952.4648
                2.830926                      -2744.9207
               2.8328518                      -2528.3794
               2.8347776                      -2303.3389
               2.8367034                      -2070.2905
               2.8386292                      -1829.7747
                2.840555                       -1582.373
               2.8424808                      -1328.7528
               2.8444066                      -1069.6351
               2.8463324                      -805.63251
               2.8482582                      -537.34052
                2.850184                      -265.56305
               2.8521098                       8.8449945
               2.8540356                       285.17719
               2.8559614                       562.69934
               2.8578872                       840.55829
                2.859813                       1117.9312
               2.8617388                       1394.0211
               2.8636646                       1667.9617
               2.8655904                         1938.87
               2.8675162                        2205.936
                2.869442                       2468.3823
               2.8713678                       2725.3645
               2.8732936                       2975.9785
               2.8752194                       3219.3677
               2.8771452                        3454.792
                2.879071                       3681.5178
               2.8809968                       3898.7241
               2.8829226                       4105.6309
               2.8848484                       4301.5547
               2.8867742                       4485.7661
                  2.8887                        4657.585
               2.8906258                       4816.4683
               2.8925516                       4961.8228
               2.8944774                       5093.0313
               2.8964032                       5209.5879
                2.898329                       5311.0459
               2.9002548                       5397.0269
               2.9021806                       5467.1699
               2.9041064                       5521.0615
               2.9060322                       5558.4282
                2.907958                       5579.1855
               2.9098838                       5583.1777
               2.9118096                       5570.1851
               2.9137354                       5540.1597
               2.9156612                       5493.2354
                2.917587                       5429.4893
               2.9195128                       5348.9063
               2.9214386                        5251.666
               2.9233644                       5138.1616
               2.9252902                       5008.7129
                2.927216                       4863.5337
               2.9291418                       4702.9976
               2.9310676                       4527.7178
               2.9329934                       4338.2559
               2.9349192                       4135.0513
                2.936845                       3918.7266
               2.9387708                       3690.0378
               2.9406966                       3449.6489
               2.9426224                       3198.2815
               2.9445482                       2936.7825
                2.946474                       2665.9988
               2.9483998                       2386.7878
               2.9503256                       2099.9993
               2.9522514                       1806.5394
               2.9541772                       1507.4399
                2.956103                       1203.6708
               2.9580288                       896.15112
               2.9599546                       585.90332
               2.9618804                       273.93393
               2.9638062                      -38.774109
                2.965732                      -351.14044
               2.9676578                      -662.08551
               2.9695836                      -970.67291
               2.9715094                      -1276.0334
               2.9734352                      -1577.1289
                2.975361                      -1872.8086
               2.9772868                       -2162.157
               2.9792126                      -2444.4316
               2.9811384                       -2718.731
               2.9830642                      -2984.0498
                 2.98499                      -3239.5298
               2.9869158                      -3484.4797
               2.9888416                      -3718.1868
               2.9907674                      -3939.8635
               2.9926932                      -4148.8032
                2.994619                       -4344.439
               2.9965448                        -4526.25
               2.9984706                      -4693.6753

