        Time / ns                e-field (t=0..end(0.00192)) (pb)_Z_0D_1/real
----------------------------------------------------------------------
                       0                               0
               0.0019258                               0
               0.0038516                               0
               0.0057774                               0
               0.0077032                               0
                0.009629                               0
               0.0115548                               0
               0.0134806                               0
               0.0154064                               0
               0.0173322                               0
                0.019258                               0
               0.0211838                   8.1779819e-16
               0.0231096                   7.7106547e-16
               0.0250354                   1.0684608e-29
               0.0269612                   4.0889909e-16
                0.028887                   7.7106547e-16
               0.0308128                   8.1779819e-16
               0.0327386                  -8.1779819e-16
               0.0346644                   9.5318346e-33
               0.0365902                    1.250063e-15
                0.038516                   2.2579694e-29
               0.0404418                   2.1359687e-29
               0.0423676                   2.1359687e-29
               0.0442934                  -1.1275548e-29
               0.0462192                   6.5423855e-15
                0.048145                   6.5423855e-15
               0.0500708                   2.3699625e-28
               0.0519966                   5.6434941e-29
               0.0539224                   6.4145895e-30
               0.0558482                  -3.3845703e-29
                0.057774                  -3.3845703e-29
               0.0596998                   1.4671559e-28
               0.0616256                   4.0002015e-14
               0.0635514                   6.8839949e-28
               0.0654772                  -5.2339084e-14
                0.067403                  -6.7801035e-28
               0.0693288                    8.000403e-14
               0.0712546                   2.0935634e-13
               0.0731804                  -6.1311497e-14
               0.0751062                   1.8986488e-27
                0.077032                   2.0935634e-13
               0.0789578                   1.9739276e-13
               0.0808836                  -4.1871267e-13
               0.0828094                   1.4106448e-27
               0.0847352                   8.3742534e-13
                0.086661                   2.4524599e-13
               0.0885868                  -8.3742534e-13
               0.0905126                  -7.8957105e-13
               0.0924384                   1.6748507e-12
               0.0943642                   3.3497014e-12
                 0.09629                  -1.5791421e-12
               0.0982158                   9.8098396e-13
               0.1001416                   4.5338637e-27
               0.1020674                   2.0352883e-27
               0.1039932                   2.2648556e-26
                0.105919                   4.8258979e-26
               0.1078448                  -6.6994028e-12
               0.1097706                  -2.9618746e-27
               0.1116964                   6.3165684e-12
               0.1136222                   1.2633137e-11
                0.115548                   2.1816229e-25
               0.1174738                   2.2815659e-25
               0.1193996                   2.5266273e-11
               0.1213254                   2.5266273e-11
               0.1232512                   2.5266273e-11
                0.125177                   3.0625814e-12
               0.1271028                   1.0719044e-10
               0.1290286                    1.132642e-24
               0.1309544                  -5.0532547e-11
               0.1328802                  -5.9637411e-25
                0.134806                   1.0719044e-10
               0.1367318                   1.0106509e-10
               0.1386576                   2.1438089e-10
               0.1405834                   2.2020334e-24
               0.1425092                  -4.2876178e-10
                0.144435                  -7.5628302e-25
               0.1463608                   4.2876178e-10
               0.1482866                   4.0426038e-10
               0.1502124                    6.479599e-24
               0.1521382                  -4.0426038e-10
                0.154064                  -8.0852075e-10
               0.1559898                   -4.394212e-24
               0.1579156                   1.7150471e-09
               0.1598414                   1.7150471e-09
               0.1617672                   4.7576208e-23
                0.163693                   3.4300942e-09
               0.1656188                   1.2076414e-23
               0.1675446                  -1.1590116e-23
               0.1694704                   -3.234083e-09
               0.1713962                   4.8855478e-23
                0.173322                  -2.0090551e-09
               0.1752478                   4.0181103e-09
               0.1771736                   6.8601884e-09
               0.1790994                    6.468166e-09
               0.1810252                   -6.468166e-09
                0.182951                   2.7440754e-08
               0.1848768                   1.2936332e-08
               0.1868026                  -8.0362206e-09
               0.1887284                  -2.0635926e-22
               0.1906542                   2.7440754e-08
                 0.19258                   2.7440754e-08
               0.1945058                    7.837972e-22
               0.1964316                   2.5872664e-08
               0.1983574                   7.6332887e-22
               0.2002832                   8.0426548e-22
                0.202209                   5.1745328e-08
               0.2041348                    6.000091e-24
               0.2060606                    6.000091e-24
               0.2079864                   1.0976301e-07
               0.2099122                   1.0976301e-07
                0.211838                   1.0349066e-07
               0.2137638                   2.1142401e-21
               0.2156896                  -1.4267845e-21
               0.2176154                   2.0698131e-07
               0.2195412                   4.3905206e-07
                0.221467                  -2.0698131e-07
               0.2233928                   2.0698131e-07
               0.2253186                    9.270759e-22
               0.2272444                   3.6288987e-21
               0.2291702                   2.5715906e-07
                0.231096                   4.6113776e-21
               0.2330218                   8.7810412e-07
               0.2349476                   1.0015022e-20
               0.2368734                   -1.447253e-21
               0.2387992                   1.7562082e-06
                0.240725                   1.7562082e-06
               0.2426508                   2.8845901e-20
               0.2445766                   2.2132285e-20
               0.2465024                   1.7562082e-06
               0.2484282                   1.6558505e-06
                0.250354                   3.5124162e-06
               0.2522798                    3.311701e-06
               0.2542056                   4.2436895e-20
               0.2561314                   3.5124162e-06
               0.2580572                    6.623402e-06
                0.259983                   7.0248329e-06
               0.2619088                   1.4199496e-19
               0.2638346                   7.0248325e-06
               0.2657604                   1.0737959e-05
               0.2676862                   2.5006784e-19
                0.269612                  -1.4049666e-05
               0.2715378                   1.4049666e-05
               0.2734636                   1.4049665e-05
               0.2753894                   3.8499524e-19
               0.2773152                   1.1514048e-19
                0.279241                   1.1514048e-19
               0.2811668                   2.9853688e-19
               0.2830926                   5.6198664e-05
               0.2850184                   4.2951837e-05
               0.2869442                  -2.8099332e-05
                 0.28887                  -4.2951837e-05
               0.2907958                   5.6198664e-05
               0.2927216                   0.00011239733
               0.2946474                   5.6198664e-05
               0.2965732                   5.2987216e-05
                0.298499                  -5.2987216e-05
               0.3004248                  -5.2987216e-05
               0.3023506                   0.00011239733
               0.3042764                   1.3334166e-18
               0.3062022                  -0.00011239733
                0.308128                  -0.00010597443
               0.3100538                   6.5832719e-05
               0.3119796                   0.00022479465
               0.3139054                  -0.00021194886
               0.3158312                  -0.00021194886
                0.317757                   0.00022479465
               0.3196828                   0.00013166544
               0.3216086                  -0.00042389773
               0.3235344                  -0.00021194886
               0.3254602                   2.5690795e-05
                0.327386                   2.5690795e-05
               0.3293118                   0.00044958931
               0.3312376                   0.00044958931
               0.3331634                  -0.00042389773
               0.3350892                   2.0984412e-18
                0.337015                   0.00089917862
               0.3389408                   0.00089917862
               0.3408666                   1.1069147e-17
               0.3427924                  -0.00084779545
               0.3447182                   0.00089917862
                0.346644                   0.00089917856
               0.3485698                   0.00089917862
               0.3504956                  -0.00084779545
               0.3524214                  -5.5308497e-18
               0.3543472                   0.00010276318
                0.356273                    0.0017983572
               0.3581988                   6.2065214e-18
               0.3601246                    1.039844e-17
               0.3620504                   0.00010276318
               0.3639762                  -0.00074503373
                0.365902                   -0.0016955909
               0.3678278                    0.0016955909
               0.3697536                    0.0071934289
               0.3716794                   -0.0033911818
               0.3736052                   -0.0033911818
                0.375531                    0.0035967145
               0.3774568                    0.0054978351
               0.3793826                   0.00020552636
               0.3813084                   -0.0067823636
               0.3832342                  -1.0714295e-16
                 0.38516                   -0.0071934289
               0.3870858                    0.0071934289
               0.3890116                   0.00041105272
               0.3909374                   1.2913581e-17
               0.3928632                   3.8065101e-17
                0.394789                   8.2331761e-17
               0.3967148                   -0.0029801349
               0.3986406                     0.014386858
               0.4005664                   6.5564069e-17
               0.4024922                     -0.02034709
                0.404418                   0.00082210544
               0.4063438                     0.014386858
               0.4082696                    -0.013564727
               0.4101954                     0.014386858
               0.4121212                     0.014386858
                0.414047                    -0.013564727
               0.4159728                   0.00082210544
               0.4178986                   0.00082210544
               0.4198244                     0.028773716
               0.4217502                      0.02199134
                0.423676                    -0.013564727
               0.4256018                     0.028773716
               0.4275276                    1.172085e-16
               0.4294534                   3.2781049e-16
               0.4313792                     0.028773716
                0.433305                   1.3330548e-16
               0.4352308                     0.028773716
               0.4371566                    -0.027129455
               0.4390824                    0.0016442109
               0.4410082                     0.016853176
                0.442934                    -0.054258909
               0.4448598                     0.028773716
               0.4467856                     0.016853176
               0.4487114                    -0.010276329
               0.4506372                    -0.027129455
                0.452563                  -2.7448436e-16
               0.4544888                    0.0032884218
               0.4564146                    0.0032884218
               0.4583404                     0.057547431
               0.4602662                   5.8670335e-16
                0.462192                    0.0032884218
               0.4641178                     0.057547431
               0.4660436                    0.0032884218
               0.4679694                    -0.023841079
               0.4698952                    0.0032884218
                0.471821                    0.0032884218
               0.4737468                    -0.020552658
               0.4756726                    -0.050970588
               0.4775984                    -0.023841079
               0.4795242                    0.0065768436
                 0.48145                     0.067412704
               0.4833758                    -0.020552658
               0.4853016                     -0.21703564
               0.4872274                      -0.1052296
               0.4891532                     0.067412704
                0.491079                    -0.017264247
               0.4930048                    -0.047682159
               0.4949306                    -0.047682159
               0.4968564                     -0.10194118
               0.4987822                     -0.10194118
                0.500708                    -0.047682159
               0.5026338                     0.013153687
               0.5045596                     -0.10194118
               0.5064854                     -0.32555345
               0.5084112                     -0.21703564
                0.510337                    -0.041105315
               0.5122628                     -0.21703564
               0.5141886                     -0.16935387
               0.5161144                     -0.21703564
               0.5180402                     -0.21703564
                0.519966                     -0.32555345
               0.5218918                     -0.21703564
               0.5238176                     0.013153687
               0.5257434                     -0.21703564
               0.5276692                     -0.23018971
                0.529595                     -0.15620017
               0.5315208                     0.013153687
               0.5334466                     -0.10851782
               0.5353724                     -0.27787188
               0.5372982                     -0.27787188
                0.539224                     -0.22361287
               0.5411498                     -0.22361287
               0.5430756                     -0.22361287
               0.5450014                     -0.22361287
               0.5469272                     -0.16935387
                0.548853                     -0.33870775
               0.5507788                     -0.39954358
               0.5527046                     -0.32555345
               0.5546304                     -0.22361287
               0.5565562                     -0.46037942
                0.558482                     -0.44722575
               0.5604078                     -0.33213088
               0.5623336                     -0.50806165
               0.5642594                     -0.50806165
               0.5661852                     -0.44722575
                0.568111                     -0.61657965
               0.5700368                     -0.79251033
               0.5719626                     -0.73825133
               0.5738884                     -0.67741549
               0.5758142                     -0.67741549
                 0.57774                     -0.90760523
               0.5796658                     -0.93802321
               0.5815916                      -1.1106653
               0.5835174                     -0.99228209
               0.5854432                     -0.93802321
                0.587369                      -1.1106653
               0.5892948                       -1.222472
               0.5912206                      -1.2257602
               0.5931464                      -1.2561781
               0.5950722                       -1.425532
                0.596998                      -1.4863679
               0.5989238                      -1.5677563
               0.6008496                      -1.6590104
               0.6027754                      -1.7708167
               0.6047012                      -1.8554937
                0.606627                      -1.9130411
               0.6085528                      -2.0347126
               0.6104786                      -2.1399424
               0.6124044                      -2.2246194
               0.6143302                      -2.2246194
                0.616256                      -2.2616138
               0.6181818                      -2.3734207
               0.6201076                         -2.4396
               0.6220334                      -2.4733067
               0.6239592                      -2.5596275
                0.625885                      -2.7593992
               0.6278108                      -2.8592851
               0.6297366                      -2.8864145
               0.6316624                      -2.9624596
               0.6335882                      -3.0639896
                0.635514                      -3.2436199
               0.6374398                       -3.289247
               0.6393656                      -3.2806144
               0.6412914                      -3.3467941
               0.6432172                      -3.4586005
                0.645143                      -3.5650635
               0.6470688                       -3.609046
               0.6489946                      -3.6497402
               0.6509204                       -3.682008
               0.6528462                      -3.7124259
                0.654772                      -3.7808664
               0.6566978                      -3.8715031
               0.6586236                       -3.920624
               0.6605494                      -3.8858902
               0.6624752                      -3.8723254
                0.664401                       -3.935833
               0.6663268                       -4.043324
               0.6682526                      -4.0712752
               0.6701784                      -4.0094118
               0.6721042                      -3.9027431
                 0.67403                      -3.8804436
               0.6759558                      -3.9435406
               0.6778816                      -3.9814599
               0.6798074                      -3.9205213
               0.6817332                      -3.7987466
                0.683659                      -3.7390418
               0.6855848                      -3.7779889
               0.6875106                      -3.7636018
               0.6894364                      -3.6355076
               0.6913622                      -3.5133221
                0.693288                      -3.4329612
               0.6952138                      -3.3783939
               0.6971396                      -3.3682718
               0.6990654                       -3.326139
               0.7009912                      -3.1747687
                0.702917                      -3.0075212
               0.7048428                      -2.9261327
               0.7067686                      -2.9083548
               0.7086944                      -2.8533249
               0.7106202                      -2.6834571
                0.712546                      -2.4565048
               0.7144718                       -2.310401
               0.7163976                      -2.2549088
               0.7183234                      -2.2107718
               0.7202492                      -2.1224728
                0.722175                      -1.9655145
               0.7241008                      -1.7877342
               0.7260266                       -1.640089
               0.7279524                      -1.5232086
               0.7298782                      -1.4570034
                0.731804                      -1.3895264
               0.7337298                      -1.2199414
               0.7356556                      -1.0070416
               0.7375814                     -0.91041839
               0.7395072                     -0.89936483
                0.741433                     -0.78199637
               0.7433588                     -0.55398399
               0.7452846                     -0.38497692
               0.7472104                     -0.28633699
               0.7491362                     -0.17809518
                0.751062                    -0.078790545
               0.7529878                    -0.021207765
               0.7549136                     0.071455806
               0.7568394                      0.27331817
               0.7587652                      0.43001932
                0.760691                       0.4379144
               0.7626168                      0.48317197
               0.7645426                      0.63339263
               0.7664684                      0.77679873
               0.7683942                        0.898835
                 0.77032                      0.99461675
               0.7722458                       1.0340152
               0.7741716                       1.0463035
               0.7760974                        1.157837
               0.7780232                       1.4026784
                0.779949                       1.4913839
               0.7818748                       1.3609316
               0.7838006                       1.4137098
               0.7857264                       1.6642063
               0.7876522                       1.7439536
                0.789578                          1.6842
               0.7915038                       1.7122495
               0.7934296                       1.7851707
               0.7953554                       1.8186731
               0.7972812                       1.8979346
                0.799207                        2.017909
               0.8011328                       2.0015399
               0.8030586                       1.9038036
               0.8049844                       1.9714274
               0.8069102                       2.1054752
                0.808836                       2.0951216
               0.8107618                       2.0971949
               0.8126876                       2.1543899
               0.8146134                       2.0620399
               0.8165392                       2.0134044
                0.818465                       2.1918914
               0.8203908                       2.2286298
               0.8223166                       2.0082583
               0.8242424                       1.9164516
               0.8261682                        2.052139
                0.828094                       2.1230569
               0.8300198                       1.9842321
               0.8319456                       1.8601378
               0.8338714                       1.8926961
               0.8357972                       1.8840511
                0.837723                       1.8267887
               0.8396488                       1.8651334
               0.8415746                       1.8257366
               0.8435004                       1.6235631
               0.8454262                       1.5116806
                0.847352                       1.5663174
               0.8492778                       1.5616975
               0.8512036                       1.4157757
               0.8531294                       1.2964218
               0.8550552                       1.2261983
                0.856981                       1.1060821
               0.8589068                       1.0175664
               0.8608326                      0.98327482
               0.8627584                      0.88459086
               0.8646842                      0.76092076
                 0.86661                      0.68008155
               0.8685358                      0.55842549
               0.8704616                      0.39225414
               0.8723874                      0.31527644
               0.8743132                      0.28833225
                0.876239                      0.14125337
               0.8781648                     -0.04826887
               0.8800906                     -0.14372286
               0.8820164                     -0.23732135
               0.8839422                      -0.3627131
                0.885868                     -0.46901959
               0.8877938                     -0.62857205
               0.8897196                     -0.83607262
               0.8916454                      -0.9466033
               0.8935712                     -0.95325267
                0.895497                      -1.0499651
               0.8974228                      -1.3317696
               0.8993486                      -1.5554709
               0.9012744                      -1.4985554
               0.9032002                      -1.4226069
                0.905126                      -1.6475601
               0.9070518                      -1.9452426
               0.9089776                       -2.005394
               0.9109034                      -2.0240188
               0.9128292                      -2.1979184
                0.914755                      -2.3025987
               0.9166808                      -2.2617865
               0.9186066                      -2.3689041
               0.9205324                      -2.6428556
               0.9224582                       -2.747714
                0.924384                      -2.6517029
               0.9263098                      -2.6354845
               0.9282356                      -2.7700639
               0.9301614                      -2.9058309
               0.9320872                        -2.93733
                0.934013                      -2.8800776
               0.9359388                      -2.8189747
               0.9378646                      -2.8324113
               0.9397904                      -2.9501374
               0.9417162                      -3.0533605
                0.943642                      -2.9620011
               0.9455678                      -2.7547503
               0.9474936                      -2.6920495
               0.9494194                      -2.8170488
               0.9513452                       -2.891202
                0.953271                      -2.7700498
               0.9551968                      -2.5941114
               0.9571226                      -2.4616938
               0.9590484                      -2.3656158
               0.9609742                      -2.3375099
                  0.9629                      -2.2816694
               0.9648258                      -2.1317246
               0.9667516                      -1.9657911
               0.9686774                      -1.7848363
               0.9706032                      -1.6567283
                0.972529                      -1.6108549
               0.9744548                      -1.4623785
               0.9763806                      -1.2094494
               0.9783064                      -1.0141535
               0.9802322                      -0.9283545
                0.982158                     -0.88555503
               0.9840838                     -0.70253092
               0.9860096                     -0.38777089
               0.9879354                     -0.17436375
               0.9898612                    -0.093049154
                0.991787                   -0.0002656728
               0.9937128                      0.19664066
               0.9956386                      0.44902685
               0.9975644                      0.64486003
               0.9994902                      0.82675362
                1.001416                       1.0257598
               1.0033418                       1.1429632
               1.0052676                       1.1954485
               1.0071934                       1.3240665
               1.0091192                        1.603102
                1.011045                       1.8658558
               1.0129708                       1.8746682
               1.0148966                       1.8022546
               1.0168224                       2.0013208
               1.0187482                        2.356391
                1.020674                       2.4917731
               1.0225998                        2.419117
               1.0245256                        2.419117
               1.0264514                       2.4362035
               1.0283772                       2.5943329
                1.030303                        2.775003
               1.0322288                       2.9286754
               1.0341546                       2.9347639
               1.0360804                       2.7997773
               1.0380062                       2.8191717
                1.039932                       3.0487108
               1.0418578                       3.1625991
               1.0437836                       3.0295827
               1.0457094                         2.88659
               1.0476352                       2.9265618
                1.049561                       3.0447955
               1.0514868                       3.0382538
               1.0534126                       2.9197454
               1.0553384                       2.8630762
               1.0572642                       2.8659291
                 1.05919                       2.7798774
               1.0611158                       2.6396565
               1.0630416                       2.5966978
               1.0649674                       2.6187224
               1.0668932                       2.5322993
                1.068819                       2.3031702
               1.0707448                       2.1034625
               1.0726706                       2.0577893
               1.0745964                       2.0505166
               1.0765222                       1.8918418
                1.078448                       1.6226929
               1.0803738                       1.4519883
               1.0822996                       1.3907118
               1.0842254                       1.3019058
               1.0861512                       1.1512085
                1.088077                      0.93301994
               1.0900028                      0.69306409
               1.0919286                      0.52962202
               1.0938544                      0.44027629
               1.0957802                       0.3856566
                1.097706                      0.24779737
               1.0996318                    -0.071785271
               1.1015576                     -0.34186429
               1.1034834                     -0.37445137
               1.1054092                     -0.39416373
                1.107335                     -0.62203944
               1.1092608                     -0.93010211
               1.1111866                      -1.0652593
               1.1131124                      -1.0875665
               1.1150382                      -1.2175486
                1.116964                      -1.3634706
               1.1188898                      -1.4472711
               1.1208156                      -1.6284769
               1.1227414                      -1.8314451
               1.1246672                      -1.8555353
                1.126593                      -1.8109177
               1.1285188                      -1.9302194
               1.1304446                      -2.1796229
               1.1323704                      -2.3026328
               1.1342962                      -2.2567034
                1.136222                      -2.2550132
               1.1381478                      -2.3447506
               1.1400736                      -2.4147706
               1.1419994                       -2.459996
               1.1439252                      -2.5236077
                1.145851                      -2.5600865
               1.1477768                       -2.513911
               1.1497026                       -2.488328
               1.1516284                      -2.5806823
               1.1535542                      -2.6305447
                 1.15548                      -2.5206895
               1.1574058                      -2.4309404
               1.1593316                      -2.4828615
               1.1612574                      -2.5260077
               1.1631832                      -2.4395387
                1.165109                      -2.3482711
               1.1670348                      -2.3614848
               1.1689606                      -2.3515475
               1.1708864                      -2.2417369
               1.1728122                      -2.1587384
                1.174738                      -2.1508269
               1.1766638                      -2.1197884
               1.1785896                      -2.0118082
               1.1805154                      -1.9066006
               1.1824412                      -1.8803202
                1.184367                      -1.8364906
               1.1862928                      -1.7058359
               1.1882186                      -1.5737081
               1.1901444                      -1.4696805
               1.1920702                      -1.4159389
                1.193996                      -1.4192152
               1.1959218                       -1.329126
               1.1978476                      -1.1369489
               1.1997734                      -1.0135176
               1.2016992                     -0.95369095
                1.203625                     -0.87732923
               1.2055508                     -0.80916935
               1.2074766                     -0.75171113
               1.2094024                     -0.63732249
               1.2113282                     -0.46076262
                1.213254                     -0.34505066
               1.2151798                     -0.31793034
               1.2171056                      -0.2281979
               1.2190314                    -0.055037215
               1.2209572                     0.066205695
                1.222883                      0.12205602
               1.2248088                      0.19361539
               1.2267346                      0.28455049
               1.2286604                      0.38261038
               1.2305862                      0.51608044
                1.232512                      0.63394868
               1.2344378                      0.68078983
               1.2363636                      0.73357463
               1.2382894                       0.8485899
               1.2402152                      0.99611145
                1.242141                       1.1017388
               1.2440668                       1.1013366
               1.2459926                       1.1367579
               1.2479184                       1.3257236
               1.2498442                       1.4644535
                 1.25177                       1.4472129
               1.2536958                       1.4600291
               1.2556216                       1.5997872
               1.2575474                       1.7589459
               1.2594732                       1.8034745
                1.261399                       1.7777852
               1.2633248                       1.8330632
               1.2652506                       1.9322716
               1.2671764                       1.9715668
               1.2691022                       1.9861864
                1.271028                       2.0195503
               1.2729538                       2.0994682
               1.2748796                       2.2092505
               1.2768054                       2.2247133
               1.2787312                       2.1473699
                1.280657                       2.1353273
               1.2825828                        2.217356
               1.2845086                       2.2918966
               1.2864344                       2.2955208
               1.2883602                       2.2433705
                1.290286                       2.2005646
               1.2922118                       2.2024632
               1.2941376                       2.2280252
               1.2960634                       2.2298181
               1.2979892                       2.1665864
                1.299915                       2.0740271
               1.3018408                       2.0201695
               1.3037666                       2.0093861
               1.3056924                       2.0041432
               1.3076182                       1.9436471
                1.309544                       1.8288196
               1.3114698                       1.7636948
               1.3133956                       1.7453879
               1.3153214                       1.6618675
               1.3172472                       1.5391588
                1.319173                       1.4661309
               1.3210988                       1.3928709
               1.3230246                       1.2505493
               1.3249504                       1.1200131
               1.3268762                       1.0820851
                1.328802                        1.027193
               1.3307278                      0.83944726
               1.3326536                      0.62256742
               1.3345794                      0.51704198
               1.3365052                      0.47178581
                1.338431                      0.37629414
               1.3403568                      0.24014567
               1.3422826                      0.09599337
               1.3442084                    -0.086874314
               1.3461342                     -0.26759633
                 1.34806                     -0.35958818
               1.3499858                     -0.45304602
               1.3519116                     -0.66649622
               1.3538374                     -0.85664183
               1.3557632                     -0.90382469
                1.357689                      -0.9935813
               1.3596148                      -1.2310228
               1.3615406                      -1.4445029
               1.3634664                      -1.5442555
               1.3653922                      -1.6300815
                1.367318                       -1.777351
               1.3692438                      -1.9432493
               1.3711696                      -2.0523787
               1.3730954                      -2.1407647
               1.3750212                       -2.296994
                1.376947                      -2.4685318
               1.3788728                      -2.5388927
               1.3807986                      -2.5463219
               1.3827244                      -2.6191015
               1.3846502                      -2.7592993
                1.386576                      -2.8751402
               1.3885018                      -2.9496629
               1.3904276                      -3.0178647
               1.3923534                      -3.0542271
               1.3942792                      -3.0267963
                1.396205                      -3.0254714
               1.3981308                      -3.1228042
               1.4000566                      -3.1803715
               1.4019824                        -3.10533
               1.4039082                      -3.0465426
                1.405834                      -3.0798626
               1.4077598                       -3.077945
               1.4096856                      -2.9775448
               1.4116114                      -2.8776259
               1.4135372                      -2.8364782
                1.415463                      -2.7783134
               1.4173888                      -2.6983743
               1.4193146                      -2.6669979
               1.4212404                      -2.5971951
               1.4231662                      -2.3912592
                1.425092                      -2.1838911
               1.4270178                      -2.1322079
               1.4289436                       -2.121901
               1.4308694                      -1.9363341
               1.4327952                      -1.6541693
                1.434721                      -1.6541693
               1.4366468                      -1.5131781
               1.4385726                      -1.4714017
               1.4404984                      -1.3340334
               1.4424242                      -1.1032336
                 1.44435                     -0.90272427
               1.4462758                     -0.75864887
               1.4482016                     -0.60798609
               1.4501274                     -0.42913955
               1.4520532                     -0.24736623
                1.453979                    -0.065047383
               1.4559048                      0.13070031
               1.4578306                      0.32178926
               1.4597564                       0.4567697
               1.4616822                      0.55331689
                1.463608                      0.71826768
               1.4655338                      0.97280365
               1.4674596                       1.2044032
               1.4693854                       1.3271294
               1.4713112                       1.3961065
                1.473237                       1.5099775
               1.4751628                       1.6699339
               1.4770886                       1.8548176
               1.4790144                       2.0458694
               1.4809402                        2.166678
                1.482866                       2.2076221
               1.4847918                        2.256906
               1.4867176                       2.3946834
               1.4886434                       2.5878842
               1.4905692                       2.6724207
                1.492495                       2.6446321
               1.4944208                       2.6809728
               1.4963466                       2.7897601
               1.4982724                       2.8753805
               1.5001982                       2.8980687
                1.502124                       2.8760333
               1.5040498                       2.9011993
               1.5059756                       2.9588034
               1.5079014                       2.9629357
               1.5098272                       2.9358845
                1.511753                       2.8814275
               1.5136788                       2.8107092
               1.5156046                       2.7874527
               1.5175304                       2.7925975
               1.5194562                       2.7757537
                1.521382                       2.6942394
               1.5233078                       2.5477033
               1.5252336                        2.421226
               1.5271594                       2.3507619
               1.5290852                       2.3177299
                1.531011                       2.2655497
               1.5329368                       2.1152124
               1.5348626                       1.9359918
               1.5367884                       1.8158345
               1.5387142                       1.7218409
                 1.54064                       1.6451428
               1.5425658                       1.5386966
               1.5444916                       1.3380553
               1.5464174                       1.1313121
               1.5483432                       1.0157092
                1.550269                      0.95928729
               1.5521948                      0.85011649
               1.5541206                      0.63934386
               1.5560464                      0.45284888
               1.5579722                      0.34486628
                1.559898                      0.19151978
               1.5618238                     0.015834525
               1.5637496                    -0.072953954
               1.5656754                     -0.17165351
               1.5676012                     -0.37719071
                1.569527                     -0.57568711
               1.5714528                     -0.65529984
               1.5733786                     -0.69544041
               1.5753044                     -0.84031177
               1.5772302                      -1.0474862
                1.579156                      -1.1621774
               1.5810818                      -1.2264775
               1.5830076                      -1.3538827
               1.5849334                      -1.4817116
               1.5868592                       -1.564786
                1.588785                      -1.6423755
               1.5907108                      -1.7074931
               1.5926366                      -1.7916119
               1.5945624                      -1.9136316
               1.5964882                      -1.9970204
                1.598414                       -2.036315
               1.6003398                      -2.0832436
               1.6022656                      -2.1224313
               1.6041914                      -2.1343379
               1.6061172                      -2.1491687
                1.608043                      -2.2085481
               1.6099688                      -2.2950578
               1.6118946                      -2.3490722
               1.6138204                      -2.3491645
               1.6157462                      -2.2950406
                1.617672                      -2.2395909
               1.6195978                      -2.2776392
               1.6215236                      -2.3656476
               1.6234494                      -2.3674212
               1.6253752                      -2.2631619
                1.627301                         -2.1689
               1.6292268                      -2.1974916
               1.6311526                      -2.2631261
               1.6330784                      -2.1972246
               1.6350042                      -2.0821362
                 1.63693                      -2.0774739
               1.6388558                      -2.1129963
               1.6407816                      -2.0783231
               1.6427074                      -1.9839045
               1.6446332                      -1.8727016
                1.646559                      -1.7936741
               1.6484848                      -1.7733798
               1.6504106                       -1.784555
               1.6523364                      -1.7704108
               1.6542622                       -1.678776
                1.656188                      -1.5353271
               1.6581138                      -1.4270062
               1.6600396                      -1.3867494
               1.6619654                      -1.3788018
               1.6638912                      -1.3280797
                1.665817                      -1.1899743
               1.6677428                      -1.0661786
               1.6696686                      -1.0493234
               1.6715944                      -1.0059962
               1.6735202                      -0.8354519
                1.675446                     -0.69429058
               1.6773718                     -0.66825062
               1.6792976                     -0.62127125
               1.6812234                     -0.49198484
               1.6831492                     -0.36187184
                1.685075                     -0.27828956
               1.6870008                      -0.1877892
               1.6889266                    -0.033832535
               1.6908524                        0.103406
               1.6927782                      0.14968295
                1.694704                      0.20418119
               1.6966298                       0.3340925
               1.6985556                       0.4863964
               1.7004814                      0.62876785
               1.7024072                      0.73627204
                1.704333                      0.78740388
               1.7062588                      0.83749914
               1.7081846                      0.96757442
               1.7101104                       1.1434191
               1.7120362                       1.2551601
                1.713962                       1.3092608
               1.7158878                       1.3653475
               1.7178136                       1.4522411
               1.7197394                       1.6115236
               1.7216652                       1.7485507
                1.723591                       1.7617989
               1.7255168                       1.7749684
               1.7274426                       1.8698964
               1.7293684                       1.9960948
               1.7312942                       2.0884137
                 1.73322                       2.0963008
               1.7351458                       2.1179698
               1.7370716                       2.1938834
               1.7389974                       2.2279336
               1.7409232                       2.2930911
                1.742849                       2.4023905
               1.7447748                       2.4261646
               1.7467006                       2.4049234
               1.7486264                       2.3904498
               1.7505522                       2.3982902
                1.752478                       2.4621167
               1.7544038                       2.4766619
               1.7563296                       2.4190774
               1.7582554                        2.400522
               1.7601812                       2.4007666
                1.762107                       2.3860204
               1.7640328                       2.3844995
               1.7659586                       2.3663151
               1.7678844                       2.2945678
               1.7698102                       2.2015414
                1.771736                       2.1491559
               1.7736618                        2.109277
               1.7755876                       2.0190687
               1.7775134                       1.9245644
               1.7794392                       1.8492578
                1.781365                       1.7530936
               1.7832908                       1.6687056
               1.7852166                        1.602222
               1.7871424                          1.4789
               1.7890682                       1.2908907
                1.790994                       1.1143595
               1.7929198                       1.0096065
               1.7948456                      0.94475973
               1.7967714                      0.82927406
               1.7986972                      0.64866662
                1.800623                      0.46022105
               1.8025488                      0.29729593
               1.8044746                      0.16932017
               1.8064004                     0.044273823
               1.8083262                     -0.13327089
                1.810252                     -0.34519786
               1.8121778                     -0.52195477
               1.8141036                      -0.6291852
               1.8160294                     -0.72858155
               1.8179552                     -0.92570853
                1.819881                      -1.1826676
               1.8218068                       -1.375676
               1.8237326                      -1.4886839
               1.8256584                       -1.566393
               1.8275842                      -1.6662457
                 1.82951                      -1.8349521
               1.8314358                      -2.0391176
               1.8333616                      -2.2184515
               1.8352874                      -2.3360493
               1.8372132                      -2.4007444
                1.839139                      -2.4740357
               1.8410648                      -2.5999172
               1.8429906                      -2.5999172
               1.8449164                      -2.7541506
               1.8468422                      -2.8415482
                1.848768                      -2.8570886
               1.8506938                      -2.9300754
               1.8526196                      -3.0547686
               1.8545454                      -3.1392238
               1.8564712                      -3.1613951
                1.858397                      -3.0971804
               1.8603228                      -3.0611959
               1.8622486                      -3.1819282
               1.8641744                      -3.3063614
               1.8661002                      -3.2783322
                1.868026                       -3.136569
               1.8699518                      -3.0146434
               1.8718776                      -3.0354917
               1.8738034                      -3.0969913
               1.8757292                      -3.0418863
                1.877655                      -2.9257138
               1.8795808                      -2.8069954
               1.8815066                      -2.6909809
               1.8834324                      -2.6129282
               1.8853582                      -2.5394154
                1.887284                       -2.431304
               1.8892098                        -2.29807
               1.8911356                      -2.1419177
               1.8930614                      -2.0037241
               1.8949872                      -1.8989468
                1.896913                      -1.7526309
               1.8988388                      -1.5570587
               1.9007646                      -1.3861015
               1.9026904                      -1.2406721
               1.9046162                      -1.0769435
                1.906542                     -0.88569301
               1.9084678                      -0.6974535
               1.9103936                     -0.56114608
               1.9123194                      -0.4302997
               1.9142452                     -0.21397659
                1.916171                     0.010780394
               1.9180968                      0.12150668
               1.9200226                       0.2113622
               1.9219484                      0.44355366
               1.9238742                      0.72355783
                  1.9258                      0.84503317
               1.9277258                      0.89543766
               1.9296516                       1.0506705
               1.9315774                       1.2372789
               1.9335032                       1.3985281
                1.935429                       1.5807804
               1.9373548                        1.723569
               1.9392806                       1.7841073
               1.9412064                       1.8369982
               1.9431322                       1.9624968
                1.945058                       2.1483393
               1.9469838                       2.2688687
               1.9489096                       2.2777143
               1.9508354                       2.3086438
               1.9527612                       2.4393623
                1.954687                       2.5695562
               1.9566128                       2.6121757
               1.9585386                       2.6029816
               1.9604644                       2.5903995
               1.9623902                       2.6248195
                1.964316                       2.7400806
               1.9662418                       2.8248594
               1.9681676                       2.7896602
               1.9700934                       2.6995621
               1.9720192                       2.6225798
                1.973945                       2.6459565
               1.9758708                       2.7579525
               1.9777966                       2.7408791
               1.9797224                       2.5786042
               1.9816482                       2.4907827
                1.983574                       2.4975209
               1.9854998                       2.4648795
               1.9874256                       2.3663185
               1.9893514                        2.270092
               1.9912772                         2.20173
                1.993203                       2.1226897
               1.9951288                       2.0380907
               1.9970546                       1.9552068
               1.9989804                       1.8379817
               2.0009062                       1.6888529
                2.002832                       1.5313928
               2.0047578                       1.4347732
               2.0066836                       1.4318732
               2.0086094                       1.3445992
               2.0105352                       1.0920646
                2.012461                      0.88992476
               2.0143868                       0.8261894
               2.0163126                      0.74383307
               2.0182384                      0.58480906
               2.0201642                      0.44816956
                 2.02209                      0.35024136
               2.0240158                      0.19255391
               2.0259416                     0.010059863
               2.0278674                    -0.067347325
               2.0297932                     -0.11243623
                2.031719                     -0.26533884
               2.0336448                     -0.44202697
               2.0355706                     -0.51738816
               2.0374964                     -0.58571398
               2.0394222                      -0.7517612
                2.041348                     -0.89731324
               2.0432738                     -0.95802218
               2.0451996                      -1.0618764
               2.0471254                      -1.1929944
               2.0490512                      -1.2239277
                2.050977                       -1.227443
               2.0529028                      -1.3503673
               2.0548286                      -1.5477104
               2.0567544                       -1.635898
               2.0586802                       -1.586452
                2.060606                      -1.5785872
               2.0625318                      -1.6755624
               2.0644576                      -1.7852036
               2.0663834                      -1.8751072
               2.0683092                      -1.9239666
                2.070235                      -1.9115238
               2.0721608                      -1.9142752
               2.0740866                      -1.9980018
               2.0760124                      -2.1045036
               2.0779382                      -2.1197994
                2.079864                      -2.0579669
               2.0817898                      -2.0803316
               2.0837156                      -2.1894813
               2.0856414                      -2.1992192
               2.0875672                      -2.1276207
                2.089493                      -2.1381686
               2.0914188                      -2.1831987
               2.0933446                      -2.1746621
               2.0952704                      -2.1682076
               2.0971962                      -2.1797066
                2.099122                      -2.1814368
               2.1010478                      -2.1560783
               2.1029736                      -2.0876718
               2.1048994                      -2.0504966
               2.1068252                      -2.0862362
                2.108751                      -2.1111376
               2.1106768                      -2.0863836
               2.1126026                      -2.0218699
               2.1145284                      -1.9343209
               2.1164542                      -1.8687977
                 2.11838                      -1.8192664
               2.1203058                      -1.7535439
               2.1222316                       -1.688539
               2.1241574                      -1.6572711
               2.1260832                      -1.6346494
                2.128009                      -1.5553306
               2.1299348                      -1.4478815
               2.1318606                      -1.3532236
               2.1337864                      -1.2374711
               2.1357122                      -1.1565175
                2.137638                      -1.1468655
               2.1395638                      -1.0987014
               2.1414896                     -0.96433944
               2.1434154                     -0.79253221
               2.1453412                     -0.65081096
                2.147267                     -0.57270819
               2.1491928                     -0.50151968
               2.1511186                     -0.41210395
               2.1530444                     -0.29875293
               2.1549702                     -0.12295049
                2.156896                     0.040515646
               2.1588218                      0.11484054
               2.1607476                      0.17039233
               2.1626734                      0.27944595
               2.1645992                      0.44235474
                2.166525                        0.609694
               2.1684508                      0.72646075
               2.1703766                      0.80444056
               2.1723024                      0.89595908
               2.1742282                       1.0404549
                2.176154                       1.2194465
               2.1780798                       1.3478107
               2.1800056                       1.3891977
               2.1819314                        1.439908
               2.1838572                       1.5966253
                2.185783                       1.7823268
               2.1877088                       1.8888193
               2.1896346                        1.964105
               2.1915604                       2.0468454
               2.1934862                       2.1109462
                2.195412                       2.1945884
               2.1973378                       2.3025603
               2.1992636                       2.3821769
               2.2011894                       2.4265032
               2.2031152                       2.4497881
                2.205041                       2.4985485
               2.2069668                       2.5971897
               2.2088926                       2.6687453
               2.2108184                       2.6811073
               2.2127442                        2.675663
                 2.21467                       2.6625402
               2.2165958                       2.6819897
               2.2185216                       2.7459135
               2.2204474                       2.7442195
               2.2223732                       2.6569929
                2.224299                       2.6082275
               2.2262248                       2.6113503
               2.2281506                       2.5891256
               2.2300764                       2.5430045
               2.2320022                       2.4605377
                2.233928                       2.3198431
               2.2358538                       2.2269573
               2.2377796                       2.2324631
               2.2397054                       2.2043777
               2.2416312                        2.077461
                2.243557                       1.9249951
               2.2454828                       1.7994053
               2.2474086                       1.6856312
               2.2493344                       1.5497876
               2.2512602                       1.4338512
                2.253186                       1.4338512
               2.2551118                       1.3543677
               2.2570376                       1.1904452
               2.2589634                       0.9685787
               2.2608892                      0.84239948
                2.262815                      0.73603183
               2.2647408                      0.54240787
               2.2666666                      0.34095702
               2.2685924                      0.19664165
               2.2705182                     0.081598103
                2.272444                    -0.082821734
               2.2743698                     -0.31043762
               2.2762956                     -0.51236522
               2.2782214                     -0.67655683
               2.2801472                      -0.8338775
                2.282073                     -0.97590619
               2.2839988                      -1.1261485
               2.2859246                      -1.2928435
               2.2878504                      -1.4734836
               2.2897762                      -1.6649896
                2.291702                      -1.8286277
               2.2936278                      -1.9625458
               2.2955536                      -2.0674925
               2.2974794                      -2.1685348
               2.2994052                       -2.348069
                2.301331                      -2.5470195
               2.3032568                      -2.6488421
               2.3051826                      -2.6927814
               2.3071084                      -2.7618079
               2.3090342                      -2.8897369
                 2.31096                      -3.0224099
               2.3128858                      -3.0591373
               2.3148116                      -3.0353971
               2.3167374                      -3.0576611
               2.3186632                       -3.134294
                2.320589                      -3.2183714
               2.3225148                      -3.2737808
               2.3244406                      -3.2662303
               2.3263664                      -3.1897948
               2.3282922                      -3.1155972
                2.330218                      -3.1114013
               2.3321438                      -3.1464968
               2.3340696                      -3.1332128
               2.3359954                      -3.0193415
               2.3379212                      -2.8887978
                2.339847                      -2.8324113
               2.3417728                      -2.7743781
               2.3436986                      -2.6807051
               2.3456244                      -2.5870049
               2.3475502                       -2.436594
                2.349476                      -2.2697124
               2.3514018                      -2.1875203
               2.3533276                      -2.1100821
               2.3552534                      -1.9443444
               2.3571792                      -1.7450365
                2.359105                      -1.5981011
               2.3610308                      -1.5112671
               2.3629566                      -1.4133112
               2.3648824                      -1.2319679
               2.3668082                     -0.99501348
                2.368734                     -0.82463914
               2.3706598                     -0.72613096
               2.3725856                     -0.58292651
               2.3745114                     -0.40995294
               2.3764372                     -0.24007592
                2.378363                    -0.023526222
               2.3802888                      0.16504934
               2.3822146                      0.26672083
               2.3841404                      0.38064867
               2.3860662                      0.53008109
                2.387992                      0.66112572
               2.3899178                      0.81227249
               2.3918436                       1.0059853
               2.3937694                       1.1551187
               2.3956952                       1.2397811
                2.397621                        1.336957
               2.3995468                       1.4645699
               2.4014726                       1.6144038
               2.4033984                       1.7485653
               2.4053242                       1.8135221
                 2.40725                       1.8910422
               2.4091758                       2.0375926
               2.4111016                       2.1730058
               2.4130274                       2.2386067
               2.4149532                       2.2189996
                2.416879                       2.2162976
               2.4188048                       2.3401191
               2.4207306                       2.4728832
               2.4226564                       2.5053813
               2.4245822                       2.4581285
                2.426508                       2.3959069
               2.4284338                       2.4561596
               2.4303596                       2.5926704
               2.4322854                       2.6081975
               2.4342112                       2.5375209
                2.436137                       2.4889061
               2.4380628                       2.4643502
               2.4399886                       2.4643102
               2.4419144                       2.4392905
               2.4438402                       2.3729584
                2.445766                       2.3340147
               2.4476918                       2.2889893
               2.4496176                        2.207031
               2.4515434                       2.1732006
               2.4534692                       2.1525996
                2.455395                       2.0376537
               2.4573208                       1.8785257
               2.4592466                       1.7684182
               2.4611724                       1.7387025
               2.4630982                       1.7405736
                2.465024                       1.6457841
               2.4669498                       1.4747154
               2.4688756                       1.3642386
               2.4708014                       1.2888272
               2.4727272                       1.1709532
                2.474653                       1.0518905
               2.4765788                      0.99715012
               2.4785046                      0.94986737
               2.4804304                      0.78583539
               2.4823562                      0.59711456
                2.484282                       0.5557512
               2.4862078                      0.53065419
               2.4881336                      0.34864986
               2.4900594                      0.14239402
               2.4919852                     0.083207503
                2.493911                     0.070100024
               2.4958368                     -0.05153735
               2.4977626                     -0.18818355
               2.4996884                      -0.2668238
               2.5016142                     -0.39715266
                 2.50354                     -0.52146357
               2.5054658                     -0.52783978
               2.5073916                     -0.57253194
               2.5093174                     -0.77530372
               2.5112432                      -0.9570477
                2.513169                      -0.9562965
               2.5150948                     -0.92904925
               2.5170206                      -1.0584589
               2.5189464                      -1.2212812
               2.5208722                       -1.299093
                2.522798                      -1.3779938
               2.5247238                      -1.4568038
               2.5266496                      -1.4767445
               2.5285754                      -1.5206088
               2.5305012                      -1.6507912
                2.532427                       -1.766016
               2.5343528                      -1.7675745
               2.5362786                      -1.7382199
               2.5382044                      -1.8047529
               2.5401302                      -1.9356052
                2.542056                      -2.0334785
               2.5439818                      -2.0505335
               2.5459076                      -2.0126441
               2.5478334                        -2.03759
               2.5497592                      -2.1461203
                2.551685                      -2.2080057
               2.5536108                       -2.206553
               2.5555366                      -2.2113698
               2.5574624                      -2.2189906
               2.5593882                      -2.2386427
                2.561314                      -2.2763264
               2.5632398                      -2.3052373
               2.5651656                      -2.3155222
               2.5670914                       -2.281548
               2.5690172                      -2.2370067
                2.570943                      -2.2397947
               2.5728688                      -2.2342799
               2.5747946                      -2.2080288
               2.5767204                      -2.2138307
               2.5786462                      -2.2053094
                2.580572                      -2.1402879
               2.5824978                      -2.0712316
               2.5844236                      -2.0568888
               2.5863494                      -2.0596423
               2.5882752                      -1.9784483
                2.590201                      -1.8409019
               2.5921268                      -1.7517602
               2.5940526                      -1.7073039
               2.5959784                      -1.6704789
               2.5979042                      -1.6147466
                 2.59983                      -1.4794703
               2.6017558                       -1.283476
               2.6036816                      -1.1634542
               2.6056074                      -1.1513543
               2.6075332                      -1.0939374
                2.609459                     -0.92674696
               2.6113848                     -0.75425905
               2.6133106                      -0.6387735
               2.6152364                      -0.5502249
               2.6171622                     -0.42069831
                2.619088                     -0.23776537
               2.6210138                    -0.070913985
               2.6229396                     0.058199242
               2.6248654                      0.14772408
               2.6267912                      0.23974159
                2.628717                      0.44550961
               2.6306428                      0.66753745
               2.6325686                      0.76446909
               2.6344944                      0.87541676
               2.6364202                       1.0565039
                2.638346                       1.1755081
               2.6402718                       1.2718149
               2.6421976                       1.4492203
               2.6441234                       1.6349386
               2.6460492                       1.7026774
                2.647975                       1.7024627
               2.6499008                       1.8227396
               2.6518266                       2.0527444
               2.6537524                       2.1900587
               2.6556782                       2.2204394
                2.657604                       2.2825549
               2.6595298                       2.4022563
               2.6614556                       2.4022563
               2.6633814                       2.5215585
               2.6653072                       2.6050074
                2.667233                       2.6633201
               2.6691588                       2.7008069
               2.6710846                       2.6990066
               2.6730104                       2.7262042
               2.6749362                       2.8347979
                2.676862                       2.9155731
               2.6787878                       2.8982959
               2.6807136                       2.8474691
               2.6826394                       2.8239179
               2.6845652                       2.8322084
                2.686491                       2.8342438
               2.6884168                       2.8187697
               2.6903426                       2.7912586
               2.6922684                       2.7364964
               2.6941942                       2.6871381
                 2.69612                       2.6447387
               2.6980458                       2.5742977
               2.6999716                       2.4981058
               2.7018974                       2.3857951
               2.7038232                       2.2373579
                2.705749                        2.153075
               2.7076748                       2.1038332
               2.7096006                       1.9800743
               2.7115264                       1.7765132
               2.7134522                       1.6033961
                2.715378                       1.5441846
               2.7173038                       1.4448812
               2.7192296                       1.1962841
               2.7211554                      0.99080652
               2.7230812                      0.89131618
                2.725007                      0.73595071
               2.7269328                      0.52679127
               2.7288586                      0.37995523
               2.7307844                      0.26569593
               2.7327102                     0.083604902
                2.734636                     -0.14688072
               2.7365618                     -0.35965526
               2.7384876                     -0.55762458
               2.7404134                     -0.73421347
               2.7423392                     -0.87383199
                2.744265                      -1.0136374
               2.7461908                      -1.2041656
               2.7481166                      -1.4215174
               2.7500424                       -1.572109
               2.7519682                      -1.6871333
                2.753894                      -1.8621153
               2.7558198                      -2.0245671
               2.7577456                      -2.1252036
               2.7596714                       -2.226649
               2.7615972                      -2.3292141
                2.763523                      -2.4555142
               2.7654488                      -2.6187999
               2.7673746                      -2.7307301
               2.7693004                      -2.7873366
               2.7712262                      -2.8465574
                2.773152                      -2.9009159
               2.7750778                      -2.9700694
               2.7770036                      -3.0747628
               2.7789294                      -3.1544673
               2.7808552                      -3.1438384
                2.782781                      -3.0603633
               2.7847068                      -3.0331111
               2.7866326                      -3.1308877
               2.7885584                      -3.1877565
               2.7904842                      -3.0890245
                 2.79241                       -2.984411
               2.7943358                      -2.9744155
               2.7962616                      -2.9655206
               2.7981874                      -2.8800354
               2.8001132                      -2.7680633
                2.802039                      -2.7105141
               2.8039648                      -2.6649184
               2.8058906                      -2.5728323
               2.8078164                      -2.4825644
               2.8097422                      -2.3855953
                2.811668                      -2.2494361
               2.8135938                      -2.1219587
               2.8155196                      -1.9951038
               2.8174454                      -1.8287938
               2.8193712                      -1.6613486
                2.821297                      -1.5508227
               2.8232228                      -1.4604157
               2.8251486                      -1.3070669
               2.8270744                      -1.1503668
               2.8290002                      -1.0404361
                2.830926                     -0.88432813
               2.8328518                     -0.70691061
               2.8347776                     -0.56600994
               2.8367034                     -0.41455752
               2.8386292                     -0.28871444
                2.840555                      -0.1882847
               2.8424808                     -0.03396301
               2.8444066                      0.14648739
               2.8463324                       0.3163085
               2.8482582                      0.45321339
                2.850184                      0.53007853
               2.8521098                      0.62520695
               2.8540356                      0.79869747
               2.8559614                      0.99638426
               2.8578872                       1.1475888
                2.859813                       1.1999612
               2.8617388                       1.1886636
               2.8636646                        1.265375
               2.8655904                       1.4866235
               2.8675162                       1.6780308
                2.869442                       1.6930411
               2.8713678                       1.6527169
               2.8732936                       1.7315075
               2.8752194                        1.898043
               2.8771452                       2.0079331
                2.879071                       2.0187483
               2.8809968                        2.028966
               2.8829226                       2.1113999
               2.8848484                       2.2089183
               2.8867742                        2.242543
                  2.8887                       2.2249815
               2.8906258                       2.2224603
               2.8925516                       2.2453282
               2.8944774                       2.2704334
               2.8964032                       2.3143101
                2.898329                       2.3382897
               2.9002548                       2.2674856
               2.9021806                       2.1855037
               2.9041064                       2.2154324
               2.9060322                       2.2755554
                2.907958                       2.2419453
               2.9098838                       2.1633313
               2.9118096                        2.121309
               2.9137354                       2.1026149
               2.9156612                       2.0663633
                2.917587                       1.9912266
               2.9195128                       1.9076576
               2.9214386                       1.8713921
               2.9233644                       1.8594863
               2.9252902                       1.8020861
                2.927216                       1.6876585
               2.9291418                       1.5749403
               2.9310676                        1.515552
               2.9329934                       1.4581906
               2.9349192                       1.3406229
                2.936845                       1.2307717
               2.9387708                       1.1919569
               2.9406966                       1.1607125
               2.9426224                       1.0716128
               2.9445482                      0.93546152
                2.946474                      0.79640764
               2.9483998                      0.70107317
               2.9503256                      0.65905952
               2.9522514                      0.61619502
               2.9541772                      0.51460075
                2.956103                      0.37904704
               2.9580288                      0.27643093
               2.9599546                      0.19219527
               2.9618804                     0.070817918
               2.9638062                    -0.060850821
                2.965732                     -0.15164325
               2.9676578                     -0.21459331
               2.9695836                     -0.28842318
               2.9715094                     -0.38408461
               2.9734352                      -0.4825432
                2.975361                      -0.5926761
               2.9772868                     -0.71844816
               2.9792126                     -0.79172689
               2.9811384                     -0.82333922
               2.9830642                     -0.91513085
                 2.98499                      -1.0505583
               2.9869158                      -1.1587005
               2.9888416                       -1.246722
               2.9907674                      -1.3470881
               2.9926932                      -1.4598022
                2.994619                       -1.533736
               2.9965448                      -1.5627633
               2.9984706                      -1.6201801

