        Time / ns                e-field (t=0..end(0.00192)) (pb)_Z_0D_71/real
----------------------------------------------------------------------
                       0                               0
               0.0019258                               0
               0.0038516                               0
               0.0057774                               0
               0.0077032                               0
                0.009629                               0
               0.0115548                               0
               0.0134806                               0
               0.0154064                               0
               0.0173322                               0
                0.019258                               0
               0.0211838                               0
               0.0231096                               0
               0.0250354                               0
               0.0269612                               0
                0.028887                               0
               0.0308128                               0
               0.0327386                               0
               0.0346644                               0
               0.0365902                               0
                0.038516                               0
               0.0404418                               0
               0.0423676                               0
               0.0442934                               0
               0.0462192                               0
                0.048145                               0
               0.0500708                               0
               0.0519966                               0
               0.0539224                               0
               0.0558482                               0
                0.057774                               0
               0.0596998                               0
               0.0616256                               0
               0.0635514                               0
               0.0654772                               0
                0.067403                               0
               0.0693288                               0
               0.0712546                               0
               0.0731804                               0
               0.0751062                               0
                0.077032                               0
               0.0789578                               0
               0.0808836                               0
               0.0828094                               0
               0.0847352                               0
                0.086661                               0
               0.0885868                               0
               0.0905126                               0
               0.0924384                               0
               0.0943642                               0
                 0.09629                               0
               0.0982158                               0
               0.1001416                               0
               0.1020674                               0
               0.1039932                               0
                0.105919                               0
               0.1078448                               0
               0.1097706                               0
               0.1116964                               0
               0.1136222                               0
                0.115548                               0
               0.1174738                               0
               0.1193996                               0
               0.1213254                               0
               0.1232512                               0
                0.125177                               0
               0.1271028                               0
               0.1290286                               0
               0.1309544                               0
               0.1328802                               0
                0.134806                               0
               0.1367318                               0
               0.1386576                               0
               0.1405834                               0
               0.1425092                               0
                0.144435                               0
               0.1463608                               0
               0.1482866                               0
               0.1502124                               0
               0.1521382                               0
                0.154064                               0
               0.1559898                  -7.4002836e-36
               0.1579156                   -1.234838e-34
               0.1598414                  -9.3406361e-34
               0.1617672                  -1.1151685e-33
                0.163693                  -6.4108496e-34
               0.1656188                  -4.6057808e-33
               0.1675446                  -4.6463964e-33
               0.1694704                  -2.2358387e-33
               0.1713962                  -3.3495605e-33
                0.173322                  -2.5928687e-32
               0.1752478                  -3.8300484e-31
               0.1771736                  -4.3294236e-30
               0.1790994                  -4.0888624e-29
               0.1810252                  -3.3409892e-28
                0.182951                  -2.4367289e-27
               0.1848768                  -1.6074073e-26
               0.1868026                  -9.7146507e-26
               0.1887284                  -5.4186984e-25
               0.1906542                  -2.8123104e-24
                 0.19258                  -1.3663582e-23
               0.1945058                    -6.23402e-23
               0.1964316                  -2.6836929e-22
               0.1983574                  -1.0936243e-21
               0.2002832                  -4.2283942e-21
                0.202209                  -1.5560518e-20
               0.2041348                  -5.4616629e-20
               0.2060606                  -5.4616629e-20
               0.2079864                  -1.8318579e-19
               0.2099122                   -5.881325e-19
                0.211838                  -1.8104734e-18
               0.2137638                  -5.3515277e-18
               0.2156896                  -1.5206182e-17
               0.2176154                  -4.1583465e-17
               0.2195412                  -1.0954837e-16
                0.221467                  -2.7828158e-16
               0.2233928                  -6.8214602e-16
               0.2253186                  -1.6147536e-15
               0.2272444                  -3.6932288e-15
               0.2291702                  -8.1663607e-15
                0.231096                  -1.7464811e-14
               0.2330218                  -3.6140107e-14
               0.2349476                  -7.2377705e-14
               0.2368734                  -1.4033101e-13
               0.2387992                  -2.6343627e-13
                0.240725                   -4.788812e-13
               0.2426508                  -8.4299354e-13
               0.2445766                  -1.4370046e-12
               0.2465024                  -2.3719156e-12
               0.2484282                  -3.7904155e-12
                0.250354                  -5.8634608e-12
               0.2522798                   -8.778667e-12
               0.2542056                   -1.271912e-11
               0.2561314                  -1.7832638e-11
               0.2580572                  -2.4196589e-11
                0.259983                  -3.1790737e-11
               0.2619088                  -4.0488404e-11
               0.2638346                  -5.0088118e-11
               0.2657604                  -6.0401316e-11
               0.2676862                  -7.1403564e-11
                0.269612                  -8.3434322e-11
               0.2715378                  -9.7422952e-11
               0.2734636                  -1.1508171e-10
               0.2753894                  -1.3899101e-10
               0.2773152                  -1.7259133e-10
                0.279241                  -2.1993621e-10
               0.2811668                  -2.8539077e-10
               0.2830926                  -3.7334724e-10
               0.2850184                  -4.8797472e-10
               0.2869442                  -6.3334971e-10
                 0.28887                  -8.1400964e-10
               0.2907958                  -1.0358775e-09
               0.2927216                  -1.3073265e-09
               0.2946474                   -1.640615e-09
               0.2965732                  -2.0528628e-09
                0.298499                  -2.5666467e-09
               0.3004248                  -3.2106044e-09
               0.3023506                  -4.0193386e-09
               0.3042764                   -5.034277e-09
               0.3062022                  -6.3047887e-09
                0.308128                   -7.890085e-09
               0.3100538                  -9.8622994e-09
               0.3119796                  -1.2311215e-08
               0.3139054                  -1.5349318e-08
               0.3158312                  -1.9115875e-08
                0.317757                  -2.3781547e-08
               0.3196828                  -2.9558262e-08
               0.3216086                  -3.6704101e-08
               0.3235344                  -4.5533536e-08
               0.3254602                  -5.6429528e-08
                0.327386                  -6.9862935e-08
               0.3293118                  -8.6406033e-08
               0.3312376                  -1.0676227e-07
               0.3331634                  -1.3178388e-07
               0.3350892                    -1.62509e-07
                0.337015                  -2.0019975e-07
               0.3389408                  -2.4638877e-07
               0.3408666                  -3.0293515e-07
               0.3427924                  -3.7207937e-07
               0.3447182                  -4.5651865e-07
                0.346644                  -5.5958299e-07
               0.3485698                  -6.8521439e-07
               0.3504956                  -8.3820117e-07
               0.3524214                  -1.0242786e-06
               0.3543472                  -1.2504311e-06
                0.356273                  -1.5250005e-06
               0.3581988                  -1.8579703e-06
               0.3601246                  -2.2612073e-06
               0.3620504                  -2.7492752e-06
               0.3639762                   -3.339341e-06
                0.365902                  -4.0519017e-06
               0.3678278                  -4.9113614e-06
               0.3697536                  -5.9469371e-06
               0.3716794                  -7.1937284e-06
               0.3736052                   -8.693024e-06
                0.375531                  -1.0494176e-05
               0.3774568                  -1.2654678e-05
               0.3793826                  -1.5244859e-05
               0.3813084                  -1.8346687e-05
               0.3832342                   -2.205601e-05
                 0.38516                  -2.6487807e-05
               0.3870858                   -3.177777e-05
               0.3890116                  -3.8084516e-05
               0.3909374                  -4.5593551e-05
               0.3928632                  -5.4528566e-05
                0.394789                  -6.5146734e-05
               0.3967148                   -7.774961e-05
               0.3986406                  -9.2691793e-05
               0.4005664                  -0.00011038982
               0.4024922                  -0.00013133348
                0.404418                  -0.00015607817
               0.4063438                  -0.00018529274
               0.4082696                  -0.00021974879
               0.4101954                  -0.00026032509
               0.4121212                  -0.00030805849
                0.414047                  -0.00036417646
               0.4159728                  -0.00043005377
               0.4178986                  -0.00050727517
               0.4198244                  -0.00059772126
               0.4217502                  -0.00070356944
                0.423676                  -0.00082723412
               0.4256018                  -0.00097159611
               0.4275276                   -0.0011399032
               0.4294534                   -0.0013358494
               0.4313792                   -0.0015638201
                0.433305                   -0.0018287017
               0.4352308                   -0.0021360419
               0.4371566                    -0.002492201
               0.4390824                   -0.0029046705
               0.4410082                   -0.0033814795
                0.442934                   -0.0039321259
               0.4448598                   -0.0045673782
               0.4467856                   -0.0052993195
               0.4487114                   -0.0061414186
               0.4506372                   -0.0071090325
                0.452563                   -0.0082199443
               0.4544888                   -0.0094938064
               0.4564146                    -0.010951456
               0.4583404                    -0.012618316
               0.4602662                    -0.014522748
                0.462192                    -0.016694658
               0.4641178                    -0.019167479
               0.4660436                    -0.021981264
               0.4679694                    -0.025176847
               0.4698952                    -0.028802752
                0.471821                    -0.032911867
               0.4737468                    -0.037559886
               0.4756726                    -0.042809252
               0.4775984                    -0.048730858
               0.4795242                    -0.055407204
                 0.48145                    -0.062916227
               0.4833758                    -0.071346752
               0.4853016                    -0.080805287
               0.4872274                    -0.091399588
               0.4891532                     -0.10323894
                0.491079                     -0.11646202
               0.4930048                      -0.1312087
               0.4949306                     -0.14760618
               0.4968564                     -0.16581884
               0.4987822                     -0.18603009
                0.500708                     -0.20840117
               0.5026338                     -0.23312357
               0.5045596                      -0.2604067
               0.5064854                     -0.29042703
               0.5084112                     -0.32342404
                0.510337                     -0.35959351
               0.5122628                     -0.39922422
               0.5141886                     -0.44244838
               0.5161144                     -0.48957616
               0.5180402                     -0.54079604
                0.519966                     -0.59633839
               0.5218918                     -0.65638256
               0.5238176                     -0.72123826
               0.5257434                      -0.7909776
               0.5276692                     -0.86563826
                0.529595                     -0.94564271
               0.5315208                      -1.0308336
               0.5334466                      -1.1211431
               0.5353724                      -1.2166879
               0.5372982                      -1.3173928
                0.539224                      -1.4227846
               0.5411498                      -1.5326642
               0.5430756                      -1.6465579
               0.5450014                      -1.7636969
               0.5469272                      -1.8834095
                0.548853                      -2.0048275
               0.5507788                      -2.1264124
               0.5527046                       -2.246851
               0.5546304                      -2.3640428
               0.5565562                      -2.4764051
                0.558482                      -2.5807481
               0.5604078                      -2.6748183
               0.5623336                      -2.7553847
               0.5642594                       -2.817261
               0.5661852                      -2.8574476
                0.568111                       -2.869638
               0.5700368                      -2.8485522
               0.5719626                      -2.7878962
               0.5738884                      -2.6794875
               0.5758142                      -2.5165434
                 0.57774                      -2.2888455
               0.5796658                      -1.9852959
               0.5815916                      -1.5934082
               0.5835174                      -1.1043192
               0.5854432                     -0.50089341
                0.587369                      0.23265642
               0.5892948                       1.1128496
               0.5912206                       2.1589282
               0.5931464                       3.3885932
               0.5950722                       4.8280754
                0.596998                       6.5013185
               0.5989238                       8.4339352
               0.6008496                        10.65298
               0.6027754                       13.193569
               0.6047012                        16.08877
                0.606627                       19.367483
               0.6085528                       23.074207
               0.6104786                        27.25811
               0.6124044                       31.952387
               0.6143302                       31.952387
                0.616256                       37.205078
               0.6181818                       43.071991
               0.6201076                       49.603828
               0.6220334                       56.858192
               0.6239592                       64.890274
                0.625885                       73.769943
               0.6278108                       83.566879
               0.6297366                       94.336365
               0.6316624                       106.16031
               0.6335882                       119.12492
                0.635514                       133.29422
               0.6374398                       148.76318
               0.6393656                       165.59538
               0.6412914                       183.91089
               0.6432172                        203.7847
                0.645143                        225.3031
               0.6470688                       248.57655
               0.6489946                       273.71075
               0.6509204                       300.80267
               0.6528462                       329.91855
                0.654772                       361.20813
               0.6566978                        394.7507
               0.6586236                       430.70468
               0.6605494                       469.11591
               0.6624752                       510.09503
                0.664401                       553.76202
               0.6663268                       600.23737
               0.6682526                       649.59326
               0.6701784                       701.96387
               0.6721042                       757.42651
                 0.67403                       816.06769
               0.6759558                        877.9978
               0.6778816                       943.30383
               0.6798074                       1012.0426
               0.6817332                       1084.2827
                0.683659                       1160.1721
               0.6855848                       1239.7059
               0.6875106                       1322.8755
               0.6894364                       1409.8823
               0.6913622                       1500.6296
                0.693288                       1595.2047
               0.6952138                       1693.5789
               0.6971396                       1795.7994
               0.6990654                       1901.8667
               0.7009912                       2011.6846
                0.702917                       2125.2339
               0.7048428                       2242.5244
               0.7067686                       2363.5071
               0.7086944                       2488.0391
               0.7106202                        2616.032
                0.712546                       2747.3149
               0.7144718                       2881.9536
               0.7163976                       3019.6885
               0.7183234                         3160.29
               0.7202492                        3303.593
                0.722175                        3449.637
               0.7241008                       3597.9893
               0.7260266                       3748.4661
               0.7279524                         3900.77
               0.7298782                       4054.7371
                0.731804                       4210.1479
               0.7337298                       4366.5962
               0.7356556                        4523.813
               0.7375814                       4681.4932
               0.7395072                       4839.1929
                0.741433                       4996.7363
               0.7433588                       5153.7979
               0.7452846                       5309.7461
               0.7472104                       5464.4238
               0.7491362                       5617.3901
                0.751062                        5768.125
               0.7529878                       5916.4736
               0.7549136                       6061.7271
               0.7568394                       6203.6914
               0.7587652                       6341.7886
                0.760691                       6475.7515
               0.7626168                         6605.04
               0.7645426                       6729.2705
               0.7664684                        6847.999
               0.7683942                       6960.7275
                 0.77032                       7067.2627
               0.7722458                       7167.1025
               0.7741716                       7259.8101
               0.7760974                       7344.9199
               0.7780232                       7422.1396
                0.779949                       7491.0732
               0.7818748                       7551.5439
               0.7838006                       7602.9937
               0.7857264                       7645.2476
               0.7876522                       7677.8115
                0.789578                       7700.6992
               0.7915038                       7713.3926
               0.7934296                       7715.8926
               0.7953554                       7707.8525
               0.7972812                       7689.1187
                0.799207                         7659.46
               0.8011328                       7618.9355
               0.8030586                       7567.3301
               0.8049844                       7504.5918
               0.8069102                       7430.7734
                0.808836                       7345.6919
               0.8107618                       7249.4199
               0.8126876                       7142.2124
               0.8146134                       7023.9927
               0.8165392                       6894.9175
                0.818465                       6755.1758
               0.8203908                       6604.7993
               0.8223166                       6444.2192
               0.8242424                       6273.6943
               0.8261682                       6093.4478
                0.828094                       5903.6333
               0.8300198                       5704.8071
               0.8319456                       5497.3076
               0.8338714                       5281.6421
               0.8357972                       5058.1973
                0.837723                        4827.252
               0.8396488                       4589.3428
               0.8415746                       4345.2222
               0.8435004                       4095.2935
               0.8454262                       3840.1125
                0.847352                        3580.229
               0.8492778                       3316.2214
               0.8512036                       3048.7417
               0.8531294                       2778.4482
               0.8550552                       2505.7939
                0.856981                       2231.6299
               0.8589068                       1956.6909
               0.8608326                       1681.3055
               0.8627584                       1406.3042
               0.8646842                       1132.3989
                 0.86661                       860.13794
               0.8685358                       590.23767
               0.8704616                       323.32281
               0.8723874                       60.037987
               0.8743132                      -199.02039
                0.876239                      -453.22256
               0.8781648                       -702.0083
               0.8800906                      -944.74829
               0.8820164                      -1180.9492
               0.8839422                      -1410.0508
                0.885868                       -1631.531
               0.8877938                      -1844.8477
               0.8897196                      -2049.6367
               0.8916454                      -2245.4399
               0.8935712                      -2431.8757
                0.895497                       -2608.553
               0.8974228                      -2775.0571
               0.8993486                      -2931.0894
               0.9012744                      -3076.4646
               0.9032002                        -3210.95
                0.905126                      -3334.2976
               0.9070518                      -3446.2917
               0.9089776                      -3546.8259
               0.9109034                      -3635.7957
               0.9128292                      -3713.1123
                0.914755                      -3778.7646
               0.9166808                      -3832.7778
               0.9186066                      -3875.1726
               0.9205324                      -3905.9199
               0.9224582                      -3925.1287
                0.924384                      -3933.0483
               0.9263098                      -3929.7979
               0.9282356                      -3915.4009
               0.9301614                      -3890.1309
               0.9320872                      -3854.3555
                0.934013                      -3808.2529
               0.9359388                      -3752.0098
               0.9378646                      -3685.9785
               0.9397904                      -3610.5664
               0.9417162                      -3526.0405
                0.943642                      -3432.6873
               0.9455678                      -3330.9868
               0.9474936                      -3221.3662
               0.9494194                      -3104.0825
               0.9513452                       -2979.501
                0.953271                      -2848.1514
               0.9551968                      -2710.5017
               0.9571226                      -2566.9148
               0.9590484                      -2417.7556
               0.9609742                      -2263.4788
                  0.9629                      -2104.5698
               0.9648258                      -1941.4795
               0.9667516                      -1774.6561
               0.9686774                      -1604.5225
               0.9706032                      -1431.4364
                0.972529                      -1255.8043
               0.9744548                      -1078.1687
               0.9763806                      -899.06274
               0.9783064                      -718.78931
               0.9802322                      -537.59265
                0.982158                       -355.9776
               0.9840838                      -174.49524
               0.9860096                       6.5411043
               0.9879354                       186.81746
               0.9898612                       365.88351
                0.991787                       543.37225
               0.9937128                       718.98999
               0.9956386                        892.3429
               0.9975644                       1063.0074
               0.9994902                        1230.666
                1.001416                       1395.0703
               1.0033418                       1555.9163
               1.0052676                       1712.7913
               1.0071934                       1865.3414
               1.0091192                       2013.3853
                1.011045                       2156.6699
               1.0129708                       2294.8015
               1.0148966                       2427.5193
               1.0168224                       2554.6323
               1.0187482                       2675.8413
                1.020674                       2790.8865
               1.0225998                        2899.563
               1.0245256                        2899.563
               1.0264514                       3001.6472
               1.0283772                       3096.9304
                1.030303                       3185.1377
               1.0322288                       3266.0518
               1.0341546                       3339.6365
               1.0360804                        3405.688
               1.0380062                       3463.8523
                1.039932                       3514.0708
               1.0418578                       3556.3579
               1.0437836                       3590.4375
               1.0457094                       3616.0991
               1.0476352                       3633.3789
                1.049561                       3642.2131
               1.0514868                       3642.4597
               1.0534126                       3634.0903
               1.0553384                       3617.0293
               1.0572642                       3591.1809
                 1.05919                       3556.6218
               1.0611158                       3513.4124
               1.0630416                        3461.499
               1.0649674                       3400.9006
               1.0668932                       3331.6753
                1.068819                       3253.8657
               1.0707448                        3167.635
               1.0726706                       3073.2134
               1.0745964                       2970.6621
               1.0765222                       2859.9456
                1.078448                       2741.3105
               1.0803738                        2615.186
               1.0822996                       2481.7275
               1.0842254                       2341.0046
               1.0861512                       2193.3467
                1.088077                       2039.1077
               1.0900028                        1878.579
               1.0919286                       1712.1195
               1.0938544                       1540.0309
               1.0957802                       1362.6249
                1.097706                       1180.3958
               1.0996318                       993.81262
               1.1015576                       803.19238
               1.1034834                       608.93469
               1.1054092                       411.62619
                1.107335                       211.82008
               1.1092608                       9.9155636
               1.1111866                      -193.62132
               1.1131124                      -398.16586
               1.1150382                      -603.16028
                1.116964                       -808.1073
               1.1188898                      -1012.3905
               1.1208156                      -1215.4139
               1.1227414                       -1416.691
               1.1246672                      -1615.6226
                1.126593                      -1811.5201
               1.1285188                      -2003.8259
               1.1304446                      -2191.9932
               1.1323704                      -2375.3572
               1.1342962                      -2553.3398
                1.136222                      -2725.5046
               1.1381478                      -2891.2576
               1.1400736                      -3049.8337
               1.1419994                      -3200.7224
               1.1439252                      -3343.6335
                1.145851                      -3477.9822
               1.1477768                      -3603.0574
               1.1497026                      -3718.5054
               1.1516284                      -3824.0249
               1.1535542                      -3919.0923
                 1.15548                      -4003.2571
               1.1574058                      -4076.2048
               1.1593316                      -4137.6353
               1.1612574                      -4187.2402
               1.1631832                        -4224.73
                1.165109                      -4249.9248
               1.1670348                       -4262.666
               1.1689606                      -4262.7285
               1.1708864                      -4250.0361
               1.1728122                       -4224.603
                1.174738                      -4186.3164
               1.1766638                      -4135.1675
               1.1785896                      -4071.3638
               1.1805154                      -3995.0498
               1.1824412                      -3906.2529
                1.184367                      -3805.1091
               1.1862928                      -3691.9487
               1.1882186                      -3567.1602
               1.1901444                      -3431.0649
               1.1920702                      -3283.9326
                1.193996                      -3126.1423
               1.1959218                      -2958.2698
               1.1978476                      -2780.8582
               1.1997734                      -2594.3115
               1.2016992                      -2399.1392
                1.203625                      -2196.0059
               1.2055508                       -1985.625
               1.2074766                      -1768.7205
               1.2094024                      -1545.8605
               1.2113282                      -1317.5609
                1.213254                      -1084.6564
               1.2151798                      -848.10754
               1.2171056                      -608.62067
               1.2190314                       -366.8252
               1.2209572                      -123.49673
                1.222883                       120.50365
               1.2248088                       364.32019
               1.2267346                       607.18927
               1.2286604                       848.37085
               1.2305862                       1087.0543
                1.232512                       1322.4861
               1.2344378                       1553.9077
               1.2363636                       1780.4457
               1.2382894                       2001.3911
               1.2402152                       2216.1975
                1.242141                       2424.1111
               1.2440668                       2624.2949
               1.2459926                       2816.1582
               1.2479184                        2999.207
               1.2498442                       3172.8223
                 1.25177                       3336.3967
               1.2536958                       3489.4866
               1.2556216                       3631.6387
               1.2575474                       3762.3164
               1.2594732                       3881.1104
                1.261399                       3987.7856
               1.2633248                       4082.0747
               1.2652506                       4163.6025
               1.2671764                        4232.082
               1.2691022                       4287.4521
                1.271028                       4329.6606
               1.2729538                        4358.542
               1.2748796                       4374.0264
               1.2768054                       4376.1479
               1.2787312                       4364.9351
                1.280657                       4340.5063
               1.2825828                       4303.0723
               1.2845086                       4252.8145
               1.2864344                       4189.8657
               1.2883602                       4114.4497
                1.290286                       4027.0034
               1.2922118                       3927.9653
               1.2941376                       3817.5967
               1.2960634                       3696.2109
               1.2979892                       3564.3081
                1.299915                       3422.4712
               1.3018408                       3271.2793
               1.3037666                       3111.2041
               1.3056924                       2942.6624
               1.3076182                       2766.2253
                1.309544                       2582.6377
               1.3114698                       2392.6382
               1.3133956                       2196.7769
               1.3153214                       1995.5219
               1.3172472                       1789.5592
                1.319173                       1579.7013
               1.3210988                       1366.6516
               1.3230246                       1151.0317
               1.3249504                       933.42603
               1.3268762                       714.47235
                1.328802                       494.94397
               1.3307278                       275.56647
               1.3326536                        56.93541
               1.3345794                      -160.36549
               1.3365052                      -375.73062
                1.338431                      -588.51367
               1.3403568                      -798.05334
               1.3422826                      -1003.7961
               1.3442084                      -1205.2766
               1.3461342                      -1401.9711
                 1.34806                      -1593.2987
               1.3499858                      -1778.7368
               1.3519116                      -1957.8352
               1.3538374                      -2130.2021
               1.3557632                      -2295.4929
                1.357689                       -2453.302
               1.3596148                      -2603.2075
               1.3615406                       -2744.928
               1.3634664                       -2878.217
               1.3653922                      -3002.7744
                1.367318                       -3118.375
               1.3692438                      -3224.8372
               1.3711696                      -3321.9456
               1.3730954                      -3409.5728
               1.3750212                      -3487.6719
                1.376947                      -3556.1387
               1.3788728                      -3614.8572
               1.3807986                       -3663.804
               1.3827244                      -3703.0234
               1.3846502                      -3732.5461
                1.386576                       -3752.374
               1.3885018                      -3762.5654
               1.3904276                      -3763.2317
               1.3923534                      -3754.4644
               1.3942792                      -3736.4102
                1.396205                      -3709.2729
               1.3981308                      -3673.1848
               1.4000566                      -3628.2556
               1.4019824                      -3574.7107
               1.4039082                      -3512.8611
                1.405834                      -3442.9194
               1.4077598                      -3365.0112
               1.4096856                      -3279.4282
               1.4116114                      -3186.5391
               1.4135372                      -3086.5386
                1.415463                      -2979.6387
               1.4173888                      -2866.2046
               1.4193146                      -2746.5679
               1.4212404                      -2620.9873
               1.4231662                      -2489.7444
                1.425092                      -2353.1685
               1.4270178                      -2211.5989
               1.4289436                      -2065.3542
               1.4308694                       -1914.757
               1.4327952                      -1760.1309
                1.434721                      -1760.1309
               1.4366468                      -1601.7947
               1.4385726                      -1440.0756
               1.4404984                      -1275.3317
               1.4424242                      -1107.9526
                 1.44435                      -938.25433
               1.4462758                      -766.52258
               1.4482016                      -593.14337
               1.4501274                      -418.46005
               1.4520532                      -242.79398
                1.453979                      -66.591553
               1.4559048                       109.81089
               1.4578306                       286.17935
               1.4597564                       462.10312
               1.4616822                       637.15674
                1.463608                        811.0238
               1.4655338                       983.34644
               1.4674596                       1153.7601
               1.4693854                       1321.9182
               1.4713112                       1487.4435
                1.473237                       1649.9956
               1.4751628                       1809.2408
               1.4770886                       1964.7864
               1.4790144                       2116.2549
               1.4809402                       2263.3154
                1.482866                       2405.6343
               1.4847918                       2542.8645
               1.4867176                       2674.6362
               1.4886434                       2800.6038
               1.4905692                       2920.4927
                1.492495                       3033.9983
               1.4944208                         3140.74
               1.4963466                       3240.3921
               1.4982724                       3332.7061
               1.5001982                       3417.4158
                1.502124                       3494.2195
               1.5040498                       3562.8203
               1.5059756                       3622.9749
               1.5079014                       3674.4861
               1.5098272                       3717.1653
                1.511753                        3750.811
               1.5136788                       3775.1777
               1.5156046                       3790.0435
               1.5175304                       3795.3411
               1.5194562                       3791.0271
                1.521382                       3776.9299
               1.5233078                       3752.9233
               1.5252336                       3719.0061
               1.5271594                       3675.1777
               1.5290852                       3621.4038
                1.531011                       3557.6611
               1.5329368                       3484.0166
               1.5348626                       3400.6426
               1.5367884                       3307.6318
               1.5387142                       3205.0156
                 1.54064                       3092.9639
               1.5425658                       2971.7239
               1.5444916                       2841.5325
               1.5464174                       2702.6682
               1.5483432                       2555.3809
                1.550269                       2399.9126
               1.5521948                       2236.6511
               1.5541206                       2066.0369
               1.5560464                       1888.4255
               1.5579722                       1704.2094
                1.559898                       1513.8627
               1.5618238                       1317.8527
               1.5637496                       1116.6804
               1.5656754                       910.90363
               1.5676012                       701.09259
                1.569527                        487.8118
               1.5714528                       271.59857
               1.5733786                       53.050751
               1.5753044                      -167.13683
               1.5772302                      -388.33905
                1.579156                      -609.96014
               1.5810818                      -831.27832
               1.5830076                      -1051.5743
               1.5849334                      -1270.2222
               1.5868592                      -1486.5728
                1.588785                      -1699.9427
               1.5907108                      -1909.6605
               1.5926366                      -2114.9988
               1.5945624                      -2315.2026
               1.5964882                      -2509.6838
                1.598414                      -2697.9075
               1.6003398                      -2879.1406
               1.6022656                      -3052.6743
               1.6041914                      -3217.9888
               1.6061172                      -3374.5259
                1.608043                      -3521.6946
               1.6099688                      -3658.9724
               1.6118946                      -3785.8369
               1.6138204                      -3901.8127
               1.6157462                      -4006.4744
                1.617672                       -4099.376
               1.6195978                      -4180.1733
               1.6215236                       -4248.627
               1.6234494                      -4304.4209
               1.6253752                       -4347.186
                1.627301                      -4376.7051
               1.6292268                      -4392.9331
               1.6311526                      -4395.8213
               1.6330784                        -4385.21
               1.6350042                      -4360.9961
                 1.63693                      -4323.2983
               1.6388558                      -4272.2554
               1.6407816                       -4207.877
               1.6427074                      -4130.3071
               1.6446332                      -4039.8833
                1.646559                      -3936.8501
               1.6484848                      -3821.4175
               1.6504106                      -3693.9707
               1.6523364                      -3554.9546
               1.6542622                      -3404.7656
                1.656188                      -3243.8665
               1.6581138                       -3072.824
               1.6600396                      -2892.1853
               1.6619654                      -2702.4785
               1.6638912                      -2504.3386
                1.665817                      -2298.4653
               1.6677428                      -2085.4995
               1.6696686                       -1866.092
               1.6715944                      -1641.0078
               1.6735202                       -1411.032
                1.675446                      -1176.8672
               1.6773718                      -939.23492
               1.6792976                      -698.98438
               1.6812234                       -456.9639
               1.6831492                      -213.90077
                1.685075                       29.484459
               1.6870008                       272.36761
               1.6889266                       513.90503
               1.6908524                       753.35632
               1.6927782                        989.9809
                1.694704                       1222.9227
               1.6966298                       1451.4348
               1.6985556                       1674.9629
               1.7004814                        1892.822
               1.7024072                       2104.1724
                1.704333                       2308.3213
               1.7062588                       2504.7598
               1.7081846                       2692.9771
               1.7101104                       2872.3679
               1.7120362                       3042.3325
                1.713962                       3202.3853
               1.7158878                       3352.0913
               1.7178136                       3491.0798
               1.7197394                       3619.0366
               1.7216652                        3735.554
                1.723591                       3840.2488
               1.7255168                       3932.9536
               1.7274426                       4013.5381
               1.7293684                       4081.7585
               1.7312942                       4137.4238
                 1.73322                       4180.5186
               1.7351458                       4211.0767
               1.7370716                       4229.0762
               1.7389974                       4234.4917
               1.7409232                       4227.3535
                1.742849                       4207.8364
               1.7447748                        4176.228
               1.7467006                       4132.7119
               1.7486264                       4077.3728
               1.7505522                       4010.4717
                1.752478                       3932.4312
               1.7544038                       3843.6167
               1.7563296                        3744.302
               1.7582554                       3634.8459
               1.7601812                       3515.7649
                1.762107                       3387.5354
               1.7640328                       3250.5449
               1.7659586                       3105.2686
               1.7678844                       2952.2217
               1.7698102                        2791.907
                1.771736                        2624.929
               1.7736618                       2451.9014
               1.7755876                       2273.3252
               1.7775134                       2089.6846
               1.7794392                       1901.5569
                1.781365                       1709.5955
               1.7832908                       1514.4292
               1.7852166                       1316.6191
               1.7871424                       1116.6865
               1.7890682                       915.15204
                1.790994                       712.64014
               1.7929198                       509.83844
               1.7948456                       307.26599
               1.7967714                       105.31833
               1.7986972                      -95.454651
                1.800623                      -294.40494
               1.8025488                      -491.05225
               1.8044746                      -684.99133
               1.8064004                      -875.67096
               1.8083262                       -1062.594
                1.810252                      -1245.4622
               1.8121778                      -1423.8524
               1.8141036                      -1597.1951
               1.8160294                       -1765.165
               1.8179552                      -1927.5972
                1.819881                      -2084.1011
               1.8218068                      -2234.1599
               1.8237326                      -2377.5032
               1.8256584                      -2514.0535
               1.8275842                       -2643.585
                 1.82951                      -2765.7417
               1.8314358                      -2880.2654
               1.8333616                      -2987.0151
               1.8352874                      -3085.9038
               1.8372132                      -3176.7971
                1.839139                      -3259.4788
               1.8410648                      -3333.8501
               1.8429906                      -3333.8501
               1.8449164                      -3399.9019
               1.8468422                      -3457.5249
                1.848768                      -3506.6431
               1.8506938                      -3547.2393
               1.8526196                      -3579.2749
               1.8545454                       -3602.824
               1.8564712                      -3617.9534
                1.858397                      -3624.5276
               1.8603228                      -3622.5188
               1.8622486                      -3612.1545
               1.8641744                      -3593.5898
               1.8661002                      -3566.8025
                1.868026                      -3531.7898
               1.8699518                      -3488.6658
               1.8718776                      -3437.6304
               1.8738034                      -3378.8718
               1.8757292                      -3312.4678
                1.877655                      -3238.4648
               1.8795808                      -3157.0503
               1.8815066                      -3068.4966
               1.8834324                      -2972.9646
               1.8853582                      -2870.5647
                1.887284                      -2761.5308
               1.8892098                      -2646.0952
               1.8911356                      -2524.4304
               1.8930614                      -2396.7939
               1.8949872                        -2263.46
                1.896913                      -2124.6228
               1.8988388                      -1980.5208
               1.9007646                      -1831.4492
               1.9026904                      -1677.7001
               1.9046162                      -1519.5829
                1.906542                      -1357.4033
               1.9084678                       -1191.449
               1.9103936                      -1022.0292
               1.9123194                      -849.48224
               1.9142452                      -674.16473
                1.916171                      -496.46027
               1.9180968                      -316.73804
               1.9200226                      -135.30365
               1.9219484                       47.462143
               1.9238742                       231.03716
                  1.9258                        414.9982
               1.9277258                       599.04913
               1.9296516                        782.8089
               1.9315774                       965.81165
               1.9335032                       1147.5472
                1.935429                       1327.5253
               1.9373548                       1505.3851
               1.9392806                       1680.7291
               1.9412064                       1853.0219
               1.9431322                       2021.8059
                1.945058                       2186.6746
               1.9469838                       2347.1104
               1.9489096                       2502.6409
               1.9508354                       2652.9053
               1.9527612                       2797.4458
                1.954687                       2935.7258
               1.9566128                       3067.3259
               1.9585386                       3191.8938
               1.9604644                       3309.0242
               1.9623902                       3418.2915
                1.964316                       3519.2861
               1.9662418                       3611.6382
               1.9681676                       3695.0183
               1.9700934                       3769.0603
               1.9720192                       3833.4211
                1.973945                       3887.9175
               1.9758708                       3932.3428
               1.9777966                       3966.2769
               1.9797224                       3989.4214
               1.9816482                       4001.7739
                1.983574                       4003.2295
               1.9854998                       3993.5222
               1.9874256                       3972.5723
               1.9893514                       3940.4048
               1.9912772                       3896.9072
                1.993203                       3842.0115
               1.9951288                       3775.8665
               1.9970546                       3698.6118
               1.9989804                       3610.2688
               2.0009062                       3510.9548
                2.002832                       3400.8875
               2.0047578                       3280.2715
               2.0066836                       3149.3911
               2.0086094                       3008.5642
               2.0105352                       2858.0491
                2.012461                       2698.1694
               2.0143868                       2529.4084
               2.0163126                       2352.3003
               2.0182384                        2167.252
               2.0201642                       1974.6013
                 2.02209                       1774.8754
               2.0240158                       1568.7764
               2.0259416                       1356.9681
               2.0278674                        1140.001
               2.0297932                       918.36542
                2.031719                       692.68005
               2.0336448                       463.77466
               2.0355706                       232.44629
               2.0374964                     -0.69504595
               2.0394222                      -235.03407
                2.041348                      -469.81027
               2.0432738                      -704.24091
               2.0451996                      -937.55798
               2.0471254                       -1168.964
               2.0490512                      -1397.7686
                2.050977                      -1623.3243
               2.0529028                      -1844.7961
               2.0548286                      -2061.3726
               2.0567544                      -2272.4456
               2.0586802                      -2477.3328
                2.060606                      -2675.2449
               2.0625318                      -2865.5281
               2.0644576                      -3047.6252
               2.0663834                      -3220.8953
               2.0683092                      -3384.6389
                2.070235                      -3538.2959
               2.0721608                      -3681.4614
               2.0740866                      -3813.6406
               2.0760124                      -3934.2454
               2.0779382                       -4042.875
                2.079864                      -4139.2534
               2.0817898                        -4222.98
               2.0837156                      -4293.6855
               2.0856414                      -4351.1938
               2.0875672                      -4395.3159
                2.089493                      -4425.8267
               2.0914188                      -4442.6719
               2.0933446                      -4445.8369
               2.0952704                      -4435.1787
               2.0971962                      -4410.6855
                2.099122                      -4372.5947
               2.1010478                      -4321.0962
               2.1029736                      -4256.2085
               2.1048994                      -4178.0776
               2.1068252                       -4087.134
                2.108751                      -3983.7712
               2.1106768                      -3868.1558
               2.1126026                      -3740.6108
               2.1145284                        -3601.79
               2.1164542                      -3452.2393
                 2.11838                      -3292.2798
               2.1203058                      -3122.3887
               2.1222316                       -2943.271
               2.1241574                      -2755.5945
               2.1260832                      -2559.9531
                2.128009                      -2356.9939
               2.1299348                      -2147.3706
               2.1318606                      -1931.7375
               2.1337864                      -1710.8965
               2.1357122                       -1485.674
                2.137638                      -1256.7184
               2.1395638                      -1024.6848
               2.1414896                      -790.38013
               2.1434154                      -554.62231
               2.1453412                      -318.18097
                2.147267                      -81.816734
               2.1491928                       153.74696
               2.1511186                        387.8501
               2.1530444                       619.78204
               2.1549702                       848.71436
                2.156896                       1073.8948
               2.1588218                       1294.7263
               2.1607476                       1510.6173
               2.1626734                       1720.9392
               2.1645992                       1925.0156
                2.166525                       2122.1941
               2.1684508                       2311.9866
               2.1703766                       2493.9221
               2.1723024                       2667.4631
               2.1742282                       2832.1677
                2.176154                       2987.6306
               2.1780798                       3133.4167
               2.1800056                        3269.166
               2.1819314                       3394.5659
               2.1838572                       3509.3716
                2.185783                       3613.3887
               2.1877088                       3706.3335
               2.1896346                       3787.9949
               2.1915604                       3858.3511
               2.1934862                       3917.2856
                2.195412                       3964.6389
               2.1973378                        4000.479
               2.1992636                       4024.8938
               2.2011894                       4037.8167
               2.2031152                       4039.2959
                2.205041                       4029.5669
               2.2069668                       4008.8164
               2.2088926                        3977.126
               2.2108184                       3934.6372
               2.2127442                       3881.6582
                 2.21467                       3818.5571
               2.2165958                       3745.5815
               2.2185216                       3662.9492
               2.2204474                       3571.0376
               2.2223732                        3470.248
                2.224299                       3360.8931
               2.2262248                       3243.3931
               2.2281506                       3118.2466
               2.2300764                       2985.8101
               2.2320022                       2846.4387
                2.233928                       2700.6387
               2.2358538                       2548.9146
               2.2377796                       2391.7122
               2.2397054                       2229.4692
               2.2416312                       2062.6199
                2.243557                       1891.6726
               2.2454828                       1717.1804
               2.2474086                       1539.6006
               2.2493344                       1359.3418
               2.2512602                        1176.864
                2.253186                        1176.864
               2.2551118                       992.65442
               2.2570376                       807.22742
               2.2589634                       621.05322
               2.2608892                       434.49051
                2.262815                       247.99768
               2.2647408                       62.138245
               2.2666666                      -122.76303
               2.2685924                      -306.42728
               2.2705182                      -488.27325
                2.272444                      -667.82355
               2.2743698                      -844.90393
               2.2762956                      -1019.1743
               2.2782214                        -1190.09
               2.2801472                      -1357.2747
                2.282073                      -1520.5502
               2.2839988                      -1679.6807
               2.2859246                      -1834.2444
               2.2878504                       -1983.842
               2.2897762                      -2128.2705
                2.291702                      -2267.3403
               2.2936278                      -2400.7456
               2.2955536                        -2528.21
               2.2974794                      -2649.5669
               2.2994052                      -2764.5938
                2.301331                       -2872.968
               2.3032568                      -2974.5264
               2.3051826                      -3069.2354
               2.3071084                      -3156.8691
               2.3090342                      -3237.1187
                 2.31096                      -3309.8716
               2.3128858                      -3375.1003
               2.3148116                      -3432.6536
               2.3167374                      -3482.3503
               2.3186632                      -3524.1467
                2.320589                      -3557.9431
               2.3225148                      -3583.4951
               2.3244406                      -3600.8037
               2.3263664                      -3610.0281
               2.3282922                      -3611.0173
                2.330218                      -3603.5366
               2.3321438                       -3587.627
               2.3340696                      -3563.4033
               2.3359954                      -3530.8567
               2.3379212                      -3489.9294
                2.339847                      -3440.6426
               2.3417728                      -3383.0769
               2.3436986                      -3317.2708
               2.3456244                      -3243.2734
               2.3475502                      -3161.2266
                2.349476                      -3071.2776
               2.3514018                         -2973.5
               2.3533276                      -2867.9807
               2.3552534                      -2754.9226
               2.3571792                      -2634.5454
                2.359105                      -2507.0203
               2.3610308                      -2372.5757
               2.3629566                      -2231.4553
               2.3648824                      -2083.8586
               2.3668082                      -1930.0734
                2.368734                      -1770.4725
               2.3706598                      -1605.3861
               2.3725856                      -1435.0818
               2.3745114                      -1259.8407
               2.3764372                      -1080.0914
                2.378363                       -896.3772
               2.3802888                      -709.10065
               2.3822146                      -518.52832
               2.3841404                       -325.0744
               2.3860662                      -129.34079
                2.387992                        68.12056
               2.3899178                       266.90906
               2.3918436                       466.58136
               2.3937694                       666.51147
               2.3956952                       866.11542
                2.397621                       1064.9847
               2.3995468                       1262.6005
               2.4014726                       1458.2527
               2.4033984                       1651.3469
               2.4053242                       1841.4512
                 2.40725                       2028.0525
               2.4091758                       2210.4917
               2.4111016                       2388.1216
               2.4130274                       2560.4272
               2.4149532                       2726.9436
                2.416879                       2887.1074
               2.4188048                       3040.3271
               2.4207306                       3186.0962
               2.4226564                       3323.9297
               2.4245822                       3453.3213
                2.426508                        3573.822
               2.4284338                       3685.0073
               2.4303596                       3786.4153
               2.4322854                       3877.6313
               2.4342112                       3958.3047
                2.436137                       4028.0696
               2.4380628                       4086.6255
               2.4399886                       4133.7451
               2.4419144                       4169.1431
               2.4438402                       4192.5371
                2.445766                       4203.8066
               2.4476918                       4202.8877
               2.4496176                       4189.6016
               2.4515434                       4163.7881
               2.4534692                       4125.4922
                2.455395                       4074.8438
               2.4573208                       4011.8564
               2.4592466                       3936.5649
               2.4611724                       3849.1384
               2.4630982                       3749.7461
                2.465024                       3638.5916
               2.4669498                       3516.0251
               2.4688756                       3382.3699
               2.4708014                       3237.8743
               2.4727272                       3082.9131
                2.474653                       2917.9824
               2.4765788                       2743.5566
               2.4785046                       2560.1064
               2.4804304                       2368.1724
               2.4823562                       2168.3103
                2.484282                       1961.0609
               2.4862078                       1747.0796
               2.4881336                        1527.127
               2.4900594                       1301.8485
               2.4919852                       1071.8188
                2.493911                       837.76764
               2.4958368                       600.52173
               2.4977626                       360.84781
               2.4996884                       119.50283
               2.5016142                      -122.74907
                 2.50354                      -365.18829
               2.5054658                      -607.03845
               2.5073916                      -847.44049
               2.5093174                      -1085.5852
               2.5112432                      -1320.7153
                2.513169                      -1552.1113
               2.5150948                      -1779.0555
               2.5170206                      -2000.7179
               2.5189464                      -2216.3191
               2.5208722                      -2425.2437
                2.522798                      -2626.7896
               2.5247238                      -2820.2087
               2.5266496                       -3004.938
               2.5285754                      -3180.4666
               2.5305012                      -3346.1555
                2.532427                      -3501.3337
               2.5343528                      -3645.5276
               2.5362786                      -3778.4292
               2.5382044                      -3899.5996
               2.5401302                      -4008.5361
                2.542056                      -4104.9287
               2.5439818                      -4188.5361
               2.5459076                      -4259.0786
               2.5478334                      -4316.3623
               2.5497592                      -4360.2505
                2.551685                      -4390.6191
               2.5536108                      -4407.3975
               2.5555366                      -4410.5806
               2.5574624                      -4400.2021
               2.5593882                      -4376.3618
                2.561314                      -4339.2139
               2.5632398                      -4288.8926
               2.5651656                      -4225.5693
               2.5670914                      -4149.5347
               2.5690172                      -4061.1423
                2.570943                      -3960.7971
               2.5728688                      -3848.8442
               2.5747946                      -3725.5391
               2.5767204                      -3591.3967
               2.5786462                      -3447.1223
                2.580572                      -3293.1479
               2.5824978                      -3129.8528
               2.5844236                      -2957.9131
               2.5863494                      -2778.0122
               2.5882752                      -2590.7102
                2.590201                      -2396.6301
               2.5921268                      -2196.4514
               2.5940526                      -1990.8516
               2.5959784                      -1780.4916
               2.5979042                      -1566.0222
                 2.59983                      -1348.1914
               2.6017558                      -1127.7838
               2.6036816                      -905.41809
               2.6056074                      -681.67096
               2.6075332                      -457.32538
                2.609459                      -233.19173
               2.6113848                      -9.8568745
               2.6133106                       212.10594
               2.6152364                       431.97086
               2.6171622                       649.06689
                2.619088                       862.81439
               2.6210138                       1072.6136
               2.6229396                       1277.9166
               2.6248654                       1478.1823
               2.6267912                       1672.7979
                2.628717                       1861.2474
               2.6306428                       2043.1372
               2.6325686                       2218.0327
               2.6344944                        2385.467
               2.6364202                       2545.0305
                2.638346                       2696.3748
               2.6402718                       2839.1736
               2.6421976                       2973.1084
               2.6441234                       3097.9241
               2.6460492                       3213.4231
                2.647975                       3319.3604
               2.6499008                       3415.4954
               2.6518266                       3501.7351
               2.6537524                       3578.0349
               2.6556782                       3644.2446
                2.657604                       3700.2478
               2.6595298                       3746.0898
               2.6614556                       3746.0898
               2.6633814                       3781.7993
               2.6653072                       3807.3447
                2.667233                       3822.7805
               2.6691588                       3828.2002
               2.6710846                       3823.6846
               2.6730104                       3809.3843
               2.6749362                       3785.4819
                2.676862                        3752.134
               2.6787878                       3709.4814
               2.6807136                        3657.709
               2.6826394                       3597.1274
               2.6845652                       3528.0376
                2.686491                       3450.5652
               2.6884168                       3364.9309
               2.6903426                       3271.6111
               2.6922684                        3170.947
               2.6941942                       3063.0471
                 2.69612                       2948.1934
               2.6980458                       2826.8604
               2.6999716                       2699.4292
               2.7018974                       2566.2158
               2.7038232                       2427.5181
                2.705749                       2283.6284
               2.7076748                       2134.9761
               2.7096006                       1981.9972
               2.7115264                       1824.9846
               2.7134522                       1664.2847
                2.715378                       1500.3279
               2.7173038                       1333.4685
               2.7192296                       1164.0391
               2.7211554                       992.41656
               2.7230812                       819.00891
                2.725007                       644.21442
               2.7269328                       468.36349
               2.7288586                       291.77911
               2.7307844                       114.81335
               2.7327102                      -62.151207
                2.734636                      -238.65424
               2.7365618                      -414.32758
               2.7384876                       -588.9823
               2.7404134                      -762.30884
               2.7423392                      -933.80444
                2.744265                      -1103.0549
               2.7461908                      -1269.8285
               2.7481166                      -1433.8806
               2.7500424                      -1594.7849
               2.7519682                      -1752.1155
                2.753894                      -1905.6533
               2.7558198                       -2055.144
               2.7577456                      -2200.1563
               2.7596714                      -2340.3567
               2.7615972                      -2475.5422
                2.763523                      -2605.3994
               2.7654488                      -2729.5176
               2.7673746                      -2847.6243
               2.7693004                      -2959.5742
               2.7712262                      -3065.0835
                2.773152                      -3163.7334
               2.7750778                      -3255.2446
               2.7770036                      -3339.4697
               2.7789294                      -3416.1958
               2.7808552                       -3485.145
                2.782781                      -3546.0735
               2.7847068                      -3598.7781
               2.7866326                      -3643.0344
               2.7885584                      -3678.6533
               2.7904842                      -3705.5454
                 2.79241                       -3723.561
               2.7943358                      -3732.4612
               2.7962616                       -3732.125
               2.7981874                      -3722.5212
               2.8001132                      -3703.5637
                2.802039                      -3675.1479
               2.8039648                      -3637.2292
               2.8058906                      -3589.8328
               2.8078164                      -3532.9695
               2.8097422                       -3466.604
                2.811668                      -3390.7803
               2.8135938                      -3305.6311
               2.8155196                      -3211.2517
               2.8174454                      -3107.7678
               2.8193712                      -2995.3726
                2.821297                      -2874.1829
               2.8232228                      -2744.3591
               2.8251486                      -2606.2617
               2.8270744                      -2460.2021
               2.8290002                      -2306.3503
                2.830926                      -2145.0244
               2.8328518                       -1976.673
               2.8347776                      -1801.6661
               2.8367034                        -1620.38
               2.8386292                      -1433.2297
                2.840555                      -1240.6427
               2.8424808                      -1043.1676
               2.8444066                      -841.37323
               2.8463324                       -635.7019
               2.8482582                      -426.64075
                2.850184                      -214.81229
               2.8521098                      -0.8643322
               2.8540356                       214.59947
               2.8559614                       431.03314
               2.8578872                       647.82477
                2.859813                       864.25958
               2.8617388                       1079.7097
               2.8636646                       1293.5645
               2.8655904                       1505.0953
               2.8675162                       1713.6545
                2.869442                       1918.6587
               2.8713678                       2119.4055
               2.8732936                       2315.2188
               2.8752194                       2505.4895
               2.8771452                        2689.554
                2.879071                       2866.7905
               2.8809968                       3036.6575
               2.8829226                       3198.5491
               2.8848484                       3351.8411
               2.8867742                       3496.0044
                  2.8887                       3630.5476
               2.8906258                        3754.968
               2.8925516                       3868.8193
               2.8944774                       3971.6816
               2.8964032                       4063.1057
                2.898329                       4142.7109
               2.9002548                       4210.2256
               2.9021806                       4265.3848
               2.9041064                        4307.877
               2.9060322                       4337.4346
                2.907958                       4353.9746
               2.9098838                       4357.4517
               2.9118096                       4347.6641
               2.9137354                       4324.5239
               2.9156612                       4288.1787
                2.917587                       4238.6929
               2.9195128                         4176.04
               2.9214386                       4100.3569
               2.9233644                       4011.9231
               2.9252902                       3911.0117
                2.927216                       3797.8345
               2.9291418                       3672.6519
               2.9310676                       3535.8784
               2.9329934                       3387.9739
               2.9349192                       3229.3701
                2.936845                       3060.5356
               2.9387708                       2881.9746
               2.9406966                       2694.2241
               2.9426224                       2497.8938
               2.9445482                       2293.6694
                2.946474                       2082.1946
               2.9483998                       1864.0609
               2.9503256                       1639.9922
               2.9522514                       1410.7668
               2.9541772                       1177.0767
                2.956103                       939.69824
               2.9580288                       699.45966
               2.9599546                       457.07504
               2.9618804                       213.29465
               2.9638062                      -31.041302
                2.965732                      -275.09161
               2.9676578                      -518.02161
               2.9695836                      -759.10767
               2.9715094                       -997.6817
               2.9734352                      -1232.9004
                2.975361                      -1463.8572
               2.9772868                      -1689.8545
               2.9792126                      -1910.3232
               2.9811384                      -2124.5547
               2.9830642                      -2331.7322
                 2.98499                      -2531.1868
               2.9869158                      -2722.3965
               2.9888416                      -2904.8062
               2.9907674                      -3077.8079
               2.9926932                      -3240.8313
                2.994619                      -3393.4236
               2.9965448                      -3535.1816
               2.9984706                      -3665.6685

