        Time / ns                e-field (t=0..end(0.00192)) (pb)_Z_0D_61/real
----------------------------------------------------------------------
                       0                               0
               0.0019258                               0
               0.0038516                               0
               0.0057774                               0
               0.0077032                               0
                0.009629                               0
               0.0115548                               0
               0.0134806                               0
               0.0154064                               0
               0.0173322                               0
                0.019258                               0
               0.0211838                               0
               0.0231096                               0
               0.0250354                               0
               0.0269612                               0
                0.028887                               0
               0.0308128                               0
               0.0327386                               0
               0.0346644                               0
               0.0365902                               0
                0.038516                               0
               0.0404418                               0
               0.0423676                               0
               0.0442934                               0
               0.0462192                               0
                0.048145                               0
               0.0500708                               0
               0.0519966                               0
               0.0539224                               0
               0.0558482                               0
                0.057774                               0
               0.0596998                               0
               0.0616256                               0
               0.0635514                               0
               0.0654772                               0
                0.067403                               0
               0.0693288                               0
               0.0712546                               0
               0.0731804                               0
               0.0751062                               0
                0.077032                               0
               0.0789578                               0
               0.0808836                               0
               0.0828094                               0
               0.0847352                               0
                0.086661                               0
               0.0885868                               0
               0.0905126                               0
               0.0924384                               0
               0.0943642                               0
                 0.09629                               0
               0.0982158                               0
               0.1001416                               0
               0.1020674                               0
               0.1039932                               0
                0.105919                               0
               0.1078448                               0
               0.1097706                               0
               0.1116964                               0
               0.1136222                               0
                0.115548                               0
               0.1174738                               0
               0.1193996                               0
               0.1213254                               0
               0.1232512                               0
                0.125177                               0
               0.1271028                               0
               0.1290286                               0
               0.1309544                               0
               0.1328802                  -4.2813123e-35
                0.134806                  -6.1191713e-34
               0.1367318                  -5.7185054e-34
               0.1386576                  -1.6996201e-33
               0.1405834                  -4.4624477e-33
               0.1425092                  -2.7486553e-33
                0.144435                   4.3088094e-33
               0.1463608                   5.1421872e-33
               0.1482866                   2.9154723e-32
               0.1502124                   3.5409891e-31
               0.1521382                   2.4110407e-30
                0.154064                   8.8230612e-30
               0.1559898                  -7.5158152e-29
               0.1579156                  -1.7779176e-27
               0.1598414                  -2.0924287e-26
               0.1617672                  -1.8770792e-25
                0.163693                  -1.4186677e-24
               0.1656188                  -9.4461297e-24
               0.1675446                  -5.6378923e-23
               0.1694704                  -3.0678525e-22
               0.1713962                   -1.532068e-21
                0.173322                  -7.0869499e-21
               0.1752478                   -3.054905e-20
               0.1771736                  -1.2332957e-19
               0.1790994                  -4.6807866e-19
               0.1810252                  -1.6756154e-18
                0.182951                  -5.6781553e-18
               0.1848768                   -1.824955e-17
               0.1868026                  -5.5776875e-17
               0.1887284                   -1.623915e-16
               0.1906542                   -4.512477e-16
                 0.19258                  -1.1984201e-15
               0.1945058                   -3.046297e-15
               0.1964316                  -7.4195885e-15
               0.1983574                   -1.733403e-14
               0.2002832                  -3.8876532e-14
                0.202209                   -8.377372e-14
               0.2041348                  -1.7356529e-13
               0.2060606                  -1.7356529e-13
               0.2079864                  -3.4592452e-13
               0.2099122                  -6.6354919e-13
                0.211838                  -1.2255371e-12
               0.2137638                  -2.1801276e-12
               0.2156896                  -3.7365332e-12
               0.2176154                  -6.1718321e-12
               0.2195412                  -9.8279726e-12
                0.221467                  -1.5092906e-11
               0.2233928                  -2.2366229e-11
               0.2253186                  -3.2009582e-11
               0.2272444                   -4.429955e-11
               0.2291702                  -5.9399596e-11
                0.231096                   -7.739237e-11
               0.2330218                  -9.8390934e-11
               0.2349476                  -1.2274845e-10
               0.2368734                  -1.5135024e-10
               0.2387992                  -1.8594401e-10
                0.240725                  -2.2941002e-10
               0.2426508                  -2.8587963e-10
               0.2445766                  -3.6067638e-10
               0.2465024                  -4.6002899e-10
               0.2484282                  -5.9075472e-10
                0.250354                  -7.6008017e-10
               0.2522798                  -9.7576192e-10
               0.2542056                  -1.2469085e-09
               0.2561314                  -1.5851704e-09
               0.2580572                  -2.0064255e-09
                0.259983                  -2.5324547e-09
               0.2619088                   -3.192324e-09
               0.2638346                   -4.023343e-09
               0.2657604                  -5.0718993e-09
               0.2676862                  -6.3943282e-09
                0.269612                  -8.0590636e-09
               0.2715378                   -1.014977e-08
               0.2734636                  -1.2770497e-08
               0.2753894                  -1.6051242e-08
               0.2773152                  -2.0155291e-08
                0.279241                  -2.5286079e-08
               0.2811668                  -3.1695478e-08
               0.2830926                  -3.9693052e-08
               0.2850184                  -4.9659878e-08
               0.2869442                  -6.2062128e-08
                 0.28887                  -7.7476926e-08
               0.2907958                  -9.6619857e-08
               0.2927216                  -1.2036961e-07
               0.2946474                  -1.4981451e-07
               0.2965732                  -1.8629352e-07
                0.298499                  -2.3144518e-07
               0.3004248                  -2.8727334e-07
               0.3023506                  -3.5623546e-07
               0.3042764                  -4.4133583e-07
               0.3062022                  -5.4623553e-07
                0.308128                  -6.7542112e-07
               0.3100538                  -8.3436885e-07
               0.3119796                  -1.0297235e-06
               0.3139054                   -1.269604e-06
               0.3158312                  -1.5638956e-06
                0.317757                   -1.924551e-06
               0.3196828                  -2.3661444e-06
               0.3216086                  -2.9062255e-06
               0.3235344                  -3.5661772e-06
               0.3254602                  -4.3719028e-06
                0.327386                  -5.3544536e-06
               0.3293118                  -6.5516183e-06
               0.3312376                  -8.0087702e-06
               0.3331634                  -9.7806678e-06
               0.3350892                  -1.1932999e-05
                0.337015                  -1.4545191e-05
               0.3389408                  -1.7712491e-05
               0.3408666                  -2.1548427e-05
               0.3427924                  -2.6189811e-05
               0.3447182                  -3.1801163e-05
                0.346644                  -3.8577273e-05
               0.3485698                   -4.675271e-05
               0.3504956                  -5.6606201e-05
               0.3524214                  -6.8470232e-05
               0.3543472                  -8.2742161e-05
                0.356273                  -9.9893674e-05
               0.3581988                  -0.00012048207
               0.3601246                  -0.00014517683
               0.3620504                  -0.00017476639
               0.3639762                  -0.00021018284
                0.365902                   -0.0002525326
               0.3678278                  -0.00030311945
               0.3697536                  -0.00036349718
               0.3716794                  -0.00043548259
               0.3736052                  -0.00052122248
                0.375531                  -0.00062322814
               0.3774568                  -0.00074449385
               0.3793826                  -0.00088850182
               0.3813084                   -0.0010593224
               0.3832342                   -0.0012617868
                 0.38516                   -0.0015014977
               0.3870858                   -0.0017849959
               0.3890116                   -0.0021199966
               0.3909374                    -0.002515424
               0.3928632                   -0.0029817545
                0.394789                   -0.0035310849
               0.3967148                   -0.0041775354
               0.3986406                   -0.0049377074
               0.4005664                    -0.005830341
               0.4024922                   -0.0068777925
                0.404418                   -0.0081056124
               0.4063438                   -0.0095432382
               0.4082696                    -0.011225074
               0.4101954                    -0.013190259
               0.4121212                    -0.015484575
                0.414047                    -0.018160352
               0.4159728                    -0.021277724
               0.4178986                    -0.024905855
               0.4198244                    -0.029124102
               0.4217502                    -0.034024369
                0.423676                    -0.039709292
               0.4256018                    -0.046299223
               0.4275276                    -0.053930573
               0.4294534                    -0.062757529
               0.4313792                    -0.072957464
                0.433305                    -0.084734552
               0.4352308                     -0.09831354
               0.4371566                     -0.11395763
               0.4390824                     -0.13196251
               0.4410082                     -0.15265909
                0.442934                     -0.17643052
               0.4448598                     -0.20370218
               0.4467856                     -0.23495878
               0.4487114                     -0.27074051
               0.4506372                     -0.31166577
                0.452563                     -0.35842177
               0.4544888                      -0.4117873
               0.4564146                     -0.47262558
               0.4583404                     -0.54191208
               0.4602662                     -0.62075001
                0.462192                     -0.71035701
               0.4641178                     -0.81206447
               0.4660436                     -0.92741174
               0.4679694                      -1.0581113
               0.4698952                      -1.2060107
                0.471821                      -1.3732142
               0.4737468                      -1.5620323
               0.4756726                      -1.7750223
               0.4775984                      -2.0150332
               0.4795242                      -2.2851846
                 0.48145                      -2.5889323
               0.4833758                      -2.9301488
               0.4853016                      -3.3129513
               0.4872274                      -3.7419889
               0.4891532                       -4.222218
                0.491079                      -4.7592955
               0.4930048                      -5.3593526
               0.4949306                      -6.0287247
               0.4968564                      -6.7747002
               0.4987822                      -7.6054163
                0.500708                       -8.529232
               0.5026338                      -9.5551786
               0.5045596                      -10.693435
               0.5064854                      -11.955196
               0.5084112                      -13.352086
                0.510337                      -14.896418
               0.5122628                      -16.601984
               0.5141886                      -18.483791
               0.5161144                      -20.557241
               0.5180402                      -22.839029
                0.519966                      -25.347593
               0.5218918                       -28.10186
               0.5238176                      -31.122725
               0.5257434                       -34.43129
               0.5276692                      -38.050892
                0.529595                      -42.005795
               0.5315208                      -46.321999
               0.5334466                       -51.02647
               0.5353724                      -56.147976
               0.5372982                      -61.716343
                0.539224                      -67.762344
               0.5411498                      -74.318642
               0.5430756                      -81.419518
               0.5450014                      -89.100121
               0.5469272                      -97.396095
                0.548853                      -106.34524
               0.5507788                       -115.9856
               0.5527046                      -126.35727
               0.5546304                       -137.4971
               0.5565562                      -149.44987
                0.558482                      -162.25259
               0.5604078                      -175.94672
               0.5623336                      -190.57152
               0.5642594                      -206.17159
               0.5661852                      -222.78058
                0.568111                      -240.43726
               0.5700368                      -259.17868
               0.5719626                      -279.04089
               0.5738884                      -300.05731
               0.5758142                      -322.24622
                 0.57774                      -345.64636
               0.5796658                      -370.26599
               0.5815916                        -396.138
               0.5835174                      -423.26495
               0.5854432                       -451.6434
                0.587369                      -481.27347
               0.5892948                      -512.15991
               0.5912206                      -544.28375
               0.5931464                      -577.60315
               0.5950722                       -612.0824
                0.596998                      -647.68683
               0.5989238                      -684.35229
               0.6008496                      -722.00354
               0.6027754                      -760.55286
               0.6047012                      -799.89301
                0.606627                      -839.93335
               0.6085528                      -880.51154
               0.6104786                      -921.47229
               0.6124044                       -962.6994
               0.6143302                       -962.6994
                0.616256                      -1003.9448
               0.6181818                      -1045.0211
               0.6201076                      -1085.6952
               0.6220334                      -1125.7355
               0.6239592                      -1164.8593
                0.625885                      -1202.7706
               0.6278108                      -1239.0994
               0.6297366                      -1273.5547
               0.6316624                      -1305.7494
               0.6335882                      -1335.2999
                0.635514                      -1361.8059
               0.6374398                      -1384.7317
               0.6393656                      -1403.7122
               0.6412914                      -1418.1672
               0.6432172                      -1427.6654
                0.645143                       -1431.584
               0.6470688                      -1429.3833
               0.6489946                      -1420.4978
               0.6509204                      -1404.2107
               0.6528462                       -1380.054
                0.654772                      -1347.3252
               0.6566978                      -1305.2539
               0.6586236                      -1253.1445
               0.6605494                      -1190.5507
               0.6624752                      -1116.5107
                0.664401                       -1030.423
               0.6663268                      -931.58313
               0.6682526                       -819.2262
               0.6701784                      -692.56744
               0.6721042                       -550.9502
                 0.67403                      -393.75677
               0.6759558                      -220.23778
               0.6778816                      -29.522141
               0.6798074                       178.89964
               0.6817332                       405.54279
                0.683659                          651.31
               0.6855848                       916.59857
               0.6875106                       1202.0536
               0.6894364                       1508.0605
               0.6913622                       1835.1993
                0.693288                        2183.958
               0.6952138                       2554.5061
               0.6971396                       2947.3772
               0.6990654                       3362.6279
               0.7009912                       3800.4365
                0.702917                        4261.106
               0.7048428                       4744.5962
               0.7067686                       5250.9829
               0.7086944                       5779.8691
               0.7106202                       6331.1553
                0.712546                       6904.7007
               0.7144718                       7500.0293
               0.7163976                       8116.6445
               0.7183234                       8754.1543
               0.7202492                       9411.4766
                0.722175                       10088.411
               0.7241008                        10783.81
               0.7260266                        11496.65
               0.7279524                       12226.036
               0.7298782                       12970.582
                0.731804                        13729.29
               0.7337298                       14500.917
               0.7356556                       15283.654
               0.7375814                       16076.132
               0.7395072                       16876.617
                0.741433                       17683.688
               0.7433588                       18495.309
               0.7452846                        19309.65
               0.7472104                       20124.834
               0.7491362                       20938.615
                0.751062                        21749.08
               0.7529878                       22554.127
               0.7549136                       23351.559
               0.7568394                       24138.896
               0.7587652                       24914.012
                0.760691                       25674.748
               0.7626168                       26418.502
               0.7645426                       27143.014
               0.7664684                       27846.025
               0.7683942                       28525.227
                 0.77032                       29177.939
               0.7722458                       29802.254
               0.7741716                       30395.539
               0.7760974                       30955.594
               0.7780232                       31480.396
                0.779949                       31967.701
               0.7818748                       32415.369
               0.7838006                         32821.5
               0.7857264                       33183.906
               0.7876522                       33500.922
                0.789578                       33770.879
               0.7915038                       33992.086
               0.7934296                       34163.012
               0.7953554                       34282.258
               0.7972812                       34348.445
                0.799207                       34360.664
               0.8011328                       34317.984
               0.8030586                       34219.324
               0.8049844                       34064.051
               0.8069102                       33851.906
                0.808836                       33582.324
               0.8107618                       33255.152
               0.8126876                       32870.473
               0.8146134                       32428.381
               0.8165392                       31929.295
                0.818465                       31373.674
               0.8203908                       30762.209
               0.8223166                       30095.816
               0.8242424                       29375.529
               0.8261682                       28602.566
                0.828094                       27778.422
               0.8300198                        26904.49
               0.8319456                       25982.621
               0.8338714                       25014.721
               0.8357972                       24002.748
                0.837723                       22948.943
               0.8396488                       21855.643
               0.8415746                       20725.313
               0.8435004                       19560.572
               0.8454262                       18364.055
                0.847352                        17138.68
               0.8492778                       15887.348
               0.8512036                       14613.072
               0.8531294                       13318.943
               0.8550552                       12008.118
                0.856981                       10683.827
               0.8589068                       9349.4043
               0.8608326                       8008.1357
               0.8627584                       6663.3159
               0.8646842                       5318.3442
                 0.86661                       3976.5627
               0.8685358                       2641.2952
               0.8704616                       1315.9133
               0.8723874                        3.734479
               0.8743132                      -1292.0111
                0.876239                      -2568.1606
               0.8781648                       -3821.594
               0.8800906                      -5049.1836
               0.8820164                      -6247.9331
               0.8839422                      -7414.9927
                0.885868                      -8547.6436
               0.8877938                      -9643.2041
               0.8897196                      -10699.049
               0.8916454                      -11712.775
               0.8935712                      -12682.182
                0.895497                      -13605.119
               0.8974228                       -14479.56
               0.8993486                      -15303.656
               0.9012744                      -16075.726
               0.9032002                      -16794.273
                0.905126                      -17457.961
               0.9070518                      -18065.582
               0.9089776                      -18616.109
               0.9109034                      -19108.701
               0.9128292                      -19542.639
                0.914755                      -19917.441
               0.9166808                      -20232.824
               0.9186066                      -20488.545
               0.9205324                      -20684.568
               0.9224582                      -20821.096
                0.924384                      -20898.426
               0.9263098                      -20916.986
               0.9282356                      -20877.438
               0.9301614                      -20780.564
               0.9320872                      -20627.227
                0.934013                      -20418.432
               0.9359388                       -20155.35
               0.9378646                      -19839.326
               0.9397904                      -19471.816
               0.9417162                      -19054.209
                0.943642                      -18588.096
               0.9455678                      -18075.338
               0.9474936                       -17517.74
               0.9494194                      -16917.115
               0.9513452                      -16275.445
                0.953271                      -15594.763
               0.9551968                      -14877.193
               0.9571226                      -14124.929
               0.9590484                      -13340.135
               0.9609742                       -12525.05
                  0.9629                      -11681.947
               0.9648258                      -10813.147
               0.9667516                      -9921.0684
               0.9686774                      -9008.0674
               0.9706032                       -8076.437
                0.972529                      -7128.5288
               0.9744548                      -6166.7793
               0.9763806                       -5193.645
               0.9783064                      -4211.4834
               0.9802322                      -3222.5671
                0.982158                      -2229.2563
               0.9840838                      -1233.9799
               0.9860096                       -239.0459
               0.9879354                       753.36658
               0.9898612                       1740.9902
                0.991787                       2721.4666
               0.9937128                       3692.6396
               0.9956386                       4652.4922
               0.9975644                       5598.8428
               0.9994902                       6529.5098
                1.001416                       7442.5249
               1.0033418                       8335.9658
               1.0052676                       9207.8623
               1.0071934                       10056.287
               1.0091192                       10879.438
                1.011045                       11675.551
               1.0129708                       12442.835
               1.0148966                       13179.679
               1.0168224                       13884.584
               1.0187482                       14555.859
                1.020674                       15191.914
               1.0225998                       15791.508
               1.0245256                       15791.508
               1.0264514                       16353.353
               1.0283772                       16876.029
                1.030303                       17358.326
               1.0322288                       17799.178
               1.0341546                        18197.51
               1.0360804                       18552.291
               1.0380062                       18862.629
                1.039932                       19127.723
               1.0418578                       19346.836
               1.0437836                       19519.314
               1.0457094                       19644.537
               1.0476352                       19722.047
                1.049561                       19751.529
               1.0514868                       19732.668
               1.0534126                       19665.195
               1.0553384                       19549.041
               1.0572642                       19384.275
                 1.05919                       19171.016
               1.0611158                       18909.418
               1.0630416                        18599.76
               1.0649674                       18242.541
               1.0668932                       17838.334
                1.068819                        17387.74
               1.0707448                       16891.496
               1.0726706                       16350.478
               1.0745964                         15765.7
               1.0765222                       15138.266
                1.078448                       14469.354
               1.0803738                       13760.312
               1.0822996                       13012.582
               1.0842254                       12227.676
               1.0861512                       11407.299
                1.088077                       10553.244
               1.0900028                       9667.3262
               1.0919286                       8751.5146
               1.0938544                       7807.9438
               1.0957802                       6838.8467
                1.097706                       5846.4565
               1.0996318                        4833.064
               1.1015576                       3801.2158
               1.1034834                       2753.5193
               1.1054092                       1692.4873
                1.107335                        620.8183
               1.1092608                      -458.62936
               1.1111866                      -1543.0359
               1.1131124                      -2629.5942
               1.1150382                      -3715.4351
                1.116964                       -4797.501
               1.1188898                       -5872.709
               1.1208156                      -6938.1675
               1.1227414                      -7990.8643
               1.1246672                      -9027.6426
                1.126593                      -10045.545
               1.1285188                      -11041.611
               1.1304446                      -12012.753
               1.1323704                      -12955.965
               1.1342962                      -13868.376
                1.136222                      -14747.168
               1.1381478                      -15589.534
               1.1400736                      -16392.666
               1.1419994                      -17153.891
               1.1439252                      -17870.752
                1.145851                       -18540.83
               1.1477768                      -19161.691
               1.1497026                      -19731.109
               1.1516284                      -20247.055
               1.1535542                      -20707.568
                 1.15548                       -21110.91
               1.1574058                      -21455.518
               1.1593316                      -21739.756
               1.1612574                      -21962.354
               1.1631832                      -22122.412
                1.165109                      -22218.863
               1.1670348                      -22250.885
               1.1689606                      -22218.223
               1.1708864                      -22120.514
               1.1728122                      -21957.406
                1.174738                      -21729.121
               1.1766638                      -21436.094
               1.1785896                      -21078.734
               1.1805154                      -20657.775
               1.1824412                      -20174.236
                1.184367                      -19629.291
               1.1862928                      -19024.221
               1.1882186                      -18360.568
               1.1901444                      -17640.258
               1.1920702                      -16865.305
                1.193996                      -16037.703
               1.1959218                      -15159.819
               1.1978476                      -14234.386
               1.1997734                      -13264.091
               1.2016992                      -12251.576
                1.203625                      -11199.919
               1.2055508                      -10112.529
               1.2074766                      -8992.6191
               1.2094024                      -7843.4175
               1.2113282                      -6668.5898
                1.213254                      -5471.8257
               1.2151798                      -4256.7339
               1.2171056                      -3027.1794
               1.2190314                      -1787.0076
               1.2209572                      -539.97186
                1.222883                       709.93579
               1.2248088                       1958.6958
               1.2267346                       3202.4448
               1.2286604                       4437.2944
               1.2305862                       5659.3354
                1.232512                       6864.6812
               1.2344378                       8049.5098
               1.2363636                       9210.1338
               1.2382894                       10342.932
               1.2402152                        11444.31
                1.242141                       12510.791
               1.2440668                       13539.049
               1.2459926                       14525.928
               1.2479184                       15468.378
               1.2498442                       16363.425
                 1.25177                        17208.32
               1.2536958                       18000.602
               1.2556216                       18737.844
               1.2575474                       19417.732
               1.2594732                       20038.361
                1.261399                       20597.959
               1.2633248                       21094.801
               1.2652506                        21527.57
               1.2671764                       21895.178
               1.2691022                       22196.566
                1.271028                       22430.969
               1.2729538                        22597.98
               1.2748796                       22697.352
               1.2768054                       22728.914
               1.2787312                       22692.787
                1.280657                       22589.469
               1.2825828                       22419.566
               1.2845086                       22183.791
               1.2864344                       21883.186
               1.2883602                       21519.008
                1.290286                       21092.695
               1.2922118                       20605.822
               1.2941376                       20060.141
               1.2960634                       19457.676
               1.2979892                       18800.545
                1.299915                       18091.018
               1.3018408                       17331.646
               1.3037666                        16524.98
               1.3056924                       15673.626
               1.3076182                       14780.442
                1.309544                        13848.46
               1.3114698                       12880.756
               1.3133956                        11880.37
               1.3153214                       10850.441
               1.3172472                       9794.2949
                1.319173                         8715.25
               1.3210988                       7616.6499
               1.3230246                       6501.8823
               1.3249504                       5374.2944
               1.3268762                       4237.2832
                1.328802                       3094.2605
               1.3307278                       1948.6024
               1.3326536                       803.62183
               1.3345794                      -337.41956
               1.3365052                      -1471.2311
                1.338431                      -2594.6147
               1.3403568                      -3704.5024
               1.3422826                      -4797.8252
               1.3442084                      -5871.6206
               1.3461342                      -6923.0913
                 1.34806                      -7949.4907
               1.3499858                      -8948.0879
               1.3519116                      -9916.3369
               1.3538374                      -10851.959
               1.3557632                      -11752.716
                1.357689                      -12616.296
               1.3596148                      -13440.646
               1.3615406                      -14224.026
               1.3634664                      -14964.737
               1.3653922                      -15661.106
                1.367318                      -16311.652
               1.3692438                      -16915.086
               1.3711696                      -17470.236
               1.3730954                      -17976.145
               1.3750212                      -18432.016
                1.376947                      -18837.053
               1.3788728                      -19190.553
               1.3807986                      -19492.105
               1.3827244                      -19741.539
               1.3846502                      -19938.715
                1.386576                      -20083.486
               1.3885018                      -20175.889
               1.3904276                       -20216.24
               1.3923534                      -20204.926
               1.3942792                      -20142.352
                1.396205                      -20029.047
               1.3981308                      -19865.705
               1.4000566                      -19653.152
               1.4019824                      -19392.313
               1.4039082                      -19084.162
                1.405834                       -18729.68
               1.4077598                      -18330.027
               1.4096856                      -17886.607
               1.4116114                      -17400.746
               1.4135372                      -16873.629
                1.415463                      -16306.758
               1.4173888                      -15701.899
               1.4193146                      -15060.544
               1.4212404                      -14384.165
               1.4231662                      -13674.627
                1.425092                       -12933.81
               1.4270178                      -12163.345
               1.4289436                      -11364.981
               1.4308694                      -10540.764
               1.4327952                      -9692.6816
                1.434721                      -9692.6816
               1.4366468                      -8822.5889
               1.4385726                      -7932.4556
               1.4404984                      -7024.3442
               1.4424242                      -6100.2759
                 1.44435                      -5162.3228
               1.4462758                      -4212.5859
               1.4482016                      -3253.1941
               1.4501274                      -2286.2615
               1.4520532                      -1313.8542
                1.453979                       -338.1391
               1.4559048                       638.69196
               1.4578306                        1614.502
               1.4597564                       2587.1079
               1.4616822                       3554.3931
                1.463608                       4514.2026
               1.4655338                       5464.2925
               1.4674596                       6402.6094
               1.4693854                       7327.0327
               1.4713112                       8235.3174
                1.473237                        9125.501
               1.4751628                       9995.5225
               1.4770886                       10843.106
               1.4790144                        11666.37
               1.4809402                       12463.477
                1.482866                       13232.272
               1.4847918                       13970.769
               1.4867176                       14677.215
               1.4886434                        15349.81
               1.4905692                       15986.725
                1.492495                       16586.211
               1.4944208                       17146.641
               1.4963466                       17666.471
               1.4982724                       18144.164
               1.5001982                       18578.238
                1.502124                       18967.324
               1.5040498                       19310.203
               1.5059756                       19605.725
               1.5079014                       19852.752
               1.5098272                       20050.244
                1.511753                       20197.359
               1.5136788                       20293.338
               1.5156046                       20337.529
               1.5175304                       20329.436
               1.5194562                       20268.578
                1.521382                       20154.627
               1.5233078                       19987.479
               1.5252336                       19767.109
               1.5271594                       19493.613
               1.5290852                       19167.256
                1.531011                       18788.367
               1.5329368                       18357.473
               1.5348626                       17875.313
               1.5367884                       17342.701
               1.5387142                       16760.615
                 1.54064                       16130.152
               1.5425658                       15452.538
               1.5444916                       14729.229
               1.5464174                       13961.813
               1.5483432                       13151.922
                1.550269                       12301.438
               1.5521948                       11412.403
               1.5541206                       10486.861
               1.5560464                        9527.042
               1.5579722                       8535.3926
                1.559898                       7514.4272
               1.5618238                       6466.7681
               1.5637496                       5395.1533
               1.5656754                       4302.3799
               1.5676012                       3191.4128
                1.569527                       2065.3477
               1.5714528                       927.26715
               1.5733786                      -219.69839
               1.5753044                      -1372.2743
               1.5772302                      -2527.0657
                1.579156                      -3680.6997
               1.5810818                      -4829.8794
               1.5830076                      -5971.1924
               1.5849334                      -7101.1313
               1.5868592                      -8216.2813
                1.588785                      -9313.2305
               1.5907108                      -10388.569
               1.5926366                      -11438.964
               1.5945624                      -12461.037
               1.5964882                      -13451.467
                1.598414                      -14407.134
               1.6003398                      -15324.939
               1.6022656                      -16201.773
               1.6041914                      -17034.744
               1.6061172                      -17821.115
                1.608043                      -18558.111
               1.6099688                      -19243.195
               1.6118946                      -19874.068
               1.6138204                      -20448.395
               1.6157462                      -20964.117
                1.617672                      -21419.445
               1.6195978                      -21812.559
               1.6215236                      -22141.967
               1.6234494                       -22406.49
               1.6253752                       -22604.91
                1.627301                      -22736.307
               1.6292268                      -22800.119
               1.6311526                      -22795.836
               1.6330784                      -22723.184
               1.6350042                      -22582.236
                 1.63693                       -22373.24
               1.6388558                      -22096.588
               1.6407816                      -21752.955
               1.6427074                      -21343.359
               1.6446332                      -20868.895
                1.646559                      -20330.781
               1.6484848                      -19730.703
               1.6504106                      -19070.578
               1.6523364                      -18352.244
               1.6542622                      -17577.801
                1.656188                      -16749.758
               1.6581138                      -15870.731
               1.6600396                      -14943.404
               1.6619654                      -13970.605
               1.6638912                       -12955.41
                1.665817                      -11901.129
               1.6677428                      -10811.086
               1.6696686                      -9688.6152
               1.6715944                      -8537.2578
               1.6735202                      -7360.7261
                1.675446                      -6162.8003
               1.6773718                      -4947.2769
               1.6792976                       -3717.926
               1.6812234                      -2478.5649
               1.6831492                      -1233.1697
                1.685075                       14.217939
               1.6870008                       1259.7148
               1.6889266                        2499.551
               1.6908524                       3729.8728
               1.6927782                       4946.7598
                1.694704                       6146.3857
               1.6966298                       7325.1543
               1.6985556                       8479.5498
               1.7004814                       9605.9375
               1.7024072                       10700.847
                1.704333                       11761.106
               1.7062588                       12783.608
               1.7081846                       13765.287
               1.7101104                       14703.224
               1.7120362                       15594.699
                1.713962                       16437.279
               1.7158878                       17228.631
               1.7178136                       17966.461
               1.7197394                       18648.744
               1.7216652                        19273.77
                1.723591                       19839.971
               1.7255168                       20345.881
               1.7274426                       20790.244
               1.7293684                       21172.096
               1.7312942                       21490.697
                 1.73322                       21745.424
               1.7351458                         21935.9
               1.7370716                       22061.969
               1.7389974                       22123.594
               1.7409232                       22121.049
                1.742849                       22054.859
               1.7447748                       21925.564
               1.7467006                       21733.896
               1.7486264                       21480.945
               1.7505522                        21167.91
                1.752478                       20796.129
               1.7544038                       20367.145
               1.7563296                       19882.557
               1.7582554                       19344.166
               1.7601812                       18754.064
                1.762107                       18114.344
               1.7640328                       17427.146
               1.7659586                       16694.877
               1.7678844                       15919.992
               1.7698102                        15104.97
                1.771736                        14252.56
               1.7736618                       13365.517
               1.7755876                       12446.464
               1.7775134                        11498.27
               1.7794392                       10523.946
                1.781365                       9526.4229
               1.7832908                       8508.6211
               1.7852166                       7473.4146
               1.7871424                       6423.8369
               1.7890682                       5363.0645
                1.790994                       4293.9648
               1.7929198                       3219.3674
               1.7948456                       2142.3503
               1.7967714                       1065.8289
               1.7986972                      -7.4053373
                1.800623                      -1074.4825
               1.8025488                      -2132.6426
               1.8044746                      -3179.2493
               1.8064004                      -4211.6821
               1.8083262                      -5227.3418
                1.810252                      -6223.7188
               1.8121778                      -7198.4961
               1.8141036                      -8149.4365
               1.8160294                      -9074.2578
               1.8179552                      -9970.7998
                1.819881                      -10837.153
               1.8218068                       -11671.44
               1.8237326                      -12471.784
               1.8256584                      -13236.523
               1.8275842                      -13964.118
                 1.82951                      -14653.036
               1.8314358                      -15301.917
               1.8333616                      -15909.554
               1.8352874                      -16474.818
               1.8372132                       -16996.65
                1.839139                       -17474.07
               1.8410648                      -17906.268
               1.8429906                      -17906.268
               1.8449164                      -18292.633
               1.8468422                      -18632.539
                1.848768                      -18925.404
               1.8506938                      -19170.895
               1.8526196                      -19368.729
               1.8545454                      -19518.625
               1.8564712                      -19620.563
                1.858397                      -19674.543
               1.8603228                      -19680.604
               1.8622486                      -19638.988
               1.8641744                      -19549.939
               1.8661002                      -19413.783
                1.868026                      -19231.027
               1.8699518                      -19002.156
               1.8718776                      -18727.809
               1.8738034                      -18408.736
               1.8757292                      -18045.633
                1.877655                      -17639.295
               1.8795808                      -17190.754
               1.8815066                      -16701.084
               1.8834324                      -16171.274
               1.8853582                      -15602.402
                1.887284                      -14995.774
               1.8892098                      -14352.722
               1.8911356                       -13674.58
               1.8930614                      -12962.801
               1.8949872                      -12218.852
                1.896913                      -11444.284
               1.8988388                      -10640.798
               1.9007646                      -9810.0908
               1.9026904                      -8953.8496
               1.9046162                      -8073.8994
                1.906542                      -7172.2334
               1.9084678                      -6250.7944
               1.9103936                      -5311.4438
               1.9123194                      -4356.2622
               1.9142452                      -3387.4451
                1.916171                      -2407.1187
               1.9180968                      -1417.4851
               1.9200226                      -420.75119
               1.9219484                       580.84424
               1.9238742                       1584.8594
                  1.9258                       2588.9106
               1.9277258                        3590.749
               1.9296516                       4587.9282
               1.9315774                       5577.8965
               1.9335032                       6558.2959
                1.935429                       7526.7373
               1.9373548                       8480.6162
               1.9392806                       9417.4541
               1.9412064                       10334.944
               1.9431322                       11230.574
                1.945058                       12101.785
               1.9469838                       12946.277
               1.9489096                       13761.768
               1.9508354                        14545.84
               1.9527612                       15296.113
                1.954687                       16010.396
               1.9566128                       16686.631
               1.9585386                       17322.705
               1.9604644                        17916.48
               1.9623902                       18465.984
                1.964316                        18969.43
               1.9662418                       19425.109
               1.9681676                        19831.35
               1.9700934                       20186.549
               1.9720192                       20489.316
                1.973945                       20738.389
               1.9758708                       20932.502
               1.9777966                       21070.709
               1.9797224                       21152.256
               1.9816482                       21176.234
                1.983574                       21141.984
               1.9854998                       21049.297
               1.9874256                       20897.953
               1.9893514                       20687.711
               1.9912772                       20418.648
                1.993203                       20091.164
               1.9951288                       19705.684
               1.9970546                       19262.686
               1.9989804                       18763.023
               2.0009062                       18207.826
                2.002832                       17598.143
               2.0047578                       16935.221
               2.0066836                       16220.693
               2.0086094                       15456.249
               2.0105352                        14643.66
                2.012461                       13784.999
               2.0143868                       12882.513
               2.0163126                       11938.495
               2.0182384                       10955.459
               2.0201642                       9936.1006
                 2.02209                       8883.1719
               2.0240158                       7799.5776
               2.0259416                       6688.4053
               2.0278674                       5552.8501
               2.0297932                       4396.1699
                2.031719                       3221.6934
               2.0336448                       2032.8798
               2.0355706                       833.30908
               2.0374964                      -373.38702
               2.0394222                      -1583.6274
                2.041348                      -2793.7869
               2.0432738                        -4000.04
               2.0451996                      -5198.6216
               2.0471254                      -6385.9297
               2.0490512                      -7558.2354
                2.050977                      -8711.7656
               2.0529028                      -9842.8643
               2.0548286                      -10947.949
               2.0567544                      -12023.516
               2.0586802                      -13066.063
                2.060606                      -14072.189
               2.0625318                       -15038.69
               2.0644576                      -15962.396
               2.0663834                      -16840.238
               2.0683092                      -17669.361
                2.070235                       -18447.02
               2.0721608                      -19170.646
               2.0740866                      -19837.824
               2.0760124                      -20446.295
               2.0779382                        -20994.1
                2.079864                      -21479.395
               2.0817898                      -21900.473
               2.0837156                      -22255.953
               2.0856414                      -22544.658
               2.0875672                      -22765.557
                2.089493                      -22917.885
               2.0914188                      -23001.156
               2.0933446                      -23015.098
               2.0952704                      -22959.598
               2.0971962                      -22834.799
                2.099122                      -22641.109
               2.1010478                      -22379.207
               2.1029736                       -22049.98
               2.1048994                      -21654.438
               2.1068252                      -21193.854
                2.108751                      -20669.842
               2.1106768                      -20084.123
               2.1126026                      -19438.547
               2.1145284                      -18735.295
               2.1164542                      -17976.729
                 2.11838                      -17165.277
               2.1203058                      -16303.561
               2.1222316                      -15394.487
               2.1241574                       -14441.07
               2.1260832                      -13446.291
                2.128009                      -12413.358
               2.1299348                       -11345.74
               2.1318606                      -10246.857
               2.1337864                      -9120.1533
               2.1357122                      -7969.2573
                2.137638                       -6797.856
               2.1395638                       -5609.626
               2.1414896                      -4408.3101
               2.1434154                      -3197.7161
               2.1453412                      -1981.6005
                2.147267                      -763.65552
               2.1491928                        452.3699
               2.1511186                       1662.6906
               2.1530444                       2863.6165
               2.1549702                       4051.6016
                2.156896                       5223.1694
               2.1588218                       6374.8115
               2.1607476                        7503.104
               2.1626734                        8604.834
               2.1645992                       9676.8408
                2.166525                       10716.058
               2.1684508                       11719.657
               2.1703766                        12684.87
               2.1723024                        13608.98
               2.1742282                       14489.541
                2.176154                       15324.334
               2.1780798                       16111.215
               2.1800056                       16848.125
               2.1819314                       17533.271
               2.1838572                        18165.15
                2.185783                        18742.25
               2.1877088                       19263.227
               2.1896346                       19727.088
               2.1915604                       20132.969
               2.1934862                       20480.133
                2.195412                        20768.07
               2.1973378                       20996.383
               2.1992636                        21164.93
               2.2011894                       21273.797
               2.2031152                       21323.113
                2.205041                        21313.24
               2.2069668                       21244.764
               2.2088926                       21118.332
               2.2108184                       20934.775
               2.2127442                       20695.146
                 2.21467                        20400.57
               2.2165958                       20052.299
               2.2185216                       19651.832
               2.2204474                        19200.75
               2.2223732                       18700.621
                2.224299                        18153.23
               2.2262248                       17560.514
               2.2281506                       16924.383
               2.2300764                       16246.985
               2.2320022                       15530.536
                2.233928                       14777.172
               2.2358538                        13989.14
               2.2377796                       13168.821
               2.2397054                       12318.641
               2.2416312                         11441.1
                2.243557                       10538.661
               2.2454828                       9613.7285
               2.2474086                       8668.8438
               2.2493344                       7706.6172
               2.2512602                       6729.5835
                2.253186                       6729.5835
               2.2551118                       5740.2773
               2.2570376                       4741.2446
               2.2589634                       3735.0037
               2.2608892                       2724.0576
                2.262815                       1710.8668
               2.2647408                       697.91193
               2.2666666                      -312.33157
               2.2685924                      -1317.5123
               2.2705182                       -2315.322
                2.272444                      -3303.4675
               2.2743698                      -4279.6719
               2.2762956                      -5241.6577
               2.2782214                      -6187.3569
               2.2801472                      -7114.7813
                2.282073                      -8021.7754
               2.2839988                      -8906.3486
               2.2859246                      -9766.7607
               2.2878504                      -10601.158
               2.2897762                      -11407.621
                2.291702                      -12184.521
               2.2936278                      -12930.403
               2.2955536                      -13643.588
               2.2974794                      -14322.457
               2.2994052                      -14965.793
                2.301331                       -15572.34
               2.3032568                      -16140.686
               2.3051826                      -16669.629
               2.3071084                      -17158.125
               2.3090342                       -17605.17
                 2.31096                       -18009.82
               2.3128858                      -18371.168
               2.3148116                      -18688.398
               2.3167374                      -18960.842
               2.3186632                      -19187.852
                2.320589                      -19368.865
               2.3225148                      -19503.461
               2.3244406                      -19591.244
               2.3263664                      -19631.811
               2.3282922                      -19625.029
                2.330218                      -19570.852
               2.3321438                      -19469.123
               2.3340696                      -19319.861
               2.3359954                      -19123.318
               2.3379212                      -18879.729
                2.339847                      -18589.385
               2.3417728                      -18252.688
               2.3436986                      -17870.174
               2.3456244                      -17442.498
               2.3475502                      -16970.369
                2.349476                      -16454.586
               2.3514018                      -15896.088
               2.3533276                      -15295.908
               2.3552534                      -14655.178
               2.3571792                      -13975.139
                2.359105                      -13257.081
               2.3610308                      -12502.434
               2.3629566                      -11712.809
               2.3648824                      -10889.862
               2.3668082                      -10035.279
                2.368734                      -9150.8779
               2.3706598                      -8238.6387
               2.3725856                      -7300.6343
               2.3745114                      -6338.9507
               2.3764372                        -5355.79
                2.378363                      -4353.5186
               2.3802888                       -3334.499
               2.3822146                      -2301.1384
               2.3841404                       -1256.058
               2.3860662                      -201.90466
                2.387992                        858.7608
               2.3899178                       1923.2365
               2.3918436                       2988.6345
               2.3937694                       4052.1223
               2.3956952                       5110.9404
                2.397621                       6162.2041
               2.3995468                       7202.9194
               2.4014726                       8230.1914
               2.4033984                       9241.1963
               2.4053242                       10232.947
                 2.40725                       11202.455
               2.4091758                       12146.987
               2.4111016                       13063.753
               2.4130274                       13949.768
               2.4149532                       14802.285
                2.416879                       15618.753
               2.4188048                       16396.543
               2.4207306                       17133.057
               2.4226564                       17825.838
               2.4245822                       18472.586
                2.426508                       19071.066
               2.4284338                       19619.137
               2.4303596                       20114.836
               2.4322854                       20556.283
               2.4342112                       20941.752
                2.436137                        21269.75
               2.4380628                       21538.883
               2.4399886                       21747.859
               2.4419144                       21895.578
               2.4438402                       21981.229
                2.445766                       22004.146
               2.4476918                       21963.715
               2.4496176                       21859.635
               2.4515434                        21691.91
               2.4534692                        21460.58
                2.455395                       21165.816
               2.4573208                       20808.061
               2.4592466                       20388.129
               2.4611724                        19906.98
               2.4630982                       19365.543
                2.465024                       18765.117
               2.4669498                       18107.299
               2.4688756                       17393.668
               2.4708014                       16626.188
               2.4727272                       15806.986
                2.474653                       14938.092
               2.4765788                       14021.993
               2.4785046                       13061.467
               2.4804304                       12059.174
               2.4823562                       11017.937
                2.484282                        9940.832
               2.4862078                       8831.0723
               2.4881336                       7692.0059
               2.4900594                       6527.0547
               2.4919852                       5339.7163
                2.493911                       4133.6113
               2.4958368                       2912.4495
               2.4977626                        1679.996
               2.4996884                       440.08792
               2.5016142                      -803.44873
                 2.50354                      -2046.7725
               2.5054658                      -3285.9011
               2.5073916                      -4516.8774
               2.5093174                      -5735.9336
               2.5112432                      -6939.2788
                2.513169                      -8122.9922
               2.5150948                       -9283.252
               2.5170206                      -10416.477
               2.5189464                      -11519.141
               2.5208722                      -12587.652
                2.522798                      -13618.522
               2.5247238                      -14608.578
               2.5266496                      -15554.803
               2.5285754                      -16454.086
               2.5305012                      -17303.484
                2.532427                      -18100.459
               2.5343528                      -18842.582
               2.5362786                      -19527.447
               2.5382044                      -20152.959
               2.5401302                      -20717.254
                2.542056                      -21218.596
               2.5439818                      -21655.473
               2.5459076                      -22026.633
               2.5478334                      -22331.055
               2.5497592                      -22567.916
                2.551685                      -22736.643
               2.5536108                      -22836.803
               2.5555366                      -22868.229
               2.5574624                      -22831.166
               2.5593882                      -22725.947
                2.561314                      -22552.951
               2.5632398                      -22312.961
               2.5651656                       -22007.09
               2.5670914                      -21636.518
               2.5690172                      -21202.582
                2.570943                      -20706.912
               2.5728688                      -20151.326
               2.5747946                      -19537.836
               2.5767204                      -18868.602
               2.5786462                      -18145.887
                2.580572                      -17372.193
               2.5824978                      -16550.246
               2.5844236                      -15682.787
               2.5863494                      -14772.664
               2.5882752                      -13822.908
                2.590201                       -12836.64
               2.5921268                      -11817.102
               2.5940526                      -10767.562
               2.5959784                      -9691.3398
               2.5979042                      -8591.9043
                 2.59983                      -7472.6631
               2.6017558                       -6337.061
               2.6036816                      -5188.6655
               2.6056074                       -4030.929
               2.6075332                      -2867.3005
                2.609459                      -1701.3447
               2.6113848                      -536.53552
               2.6133106                       623.82141
               2.6152364                       1776.4196
               2.6171622                       2917.8784
                2.619088                       4044.9546
               2.6210138                       5154.5659
               2.6229396                       6243.6216
               2.6248654                       7309.1885
               2.6267912                       8348.4873
                2.628717                       9358.7158
               2.6306428                       10337.244
               2.6325686                       11281.636
               2.6344944                       12189.512
               2.6364202                       13058.649
                2.638346                       13886.982
               2.6402718                       14672.551
               2.6421976                       15413.576
               2.6441234                        16108.44
               2.6460492                       16755.654
                2.647975                       17353.857
               2.6499008                       17901.844
               2.6518266                       18398.619
               2.6537524                       18843.363
               2.6556782                       19235.344
                2.657604                       19573.924
               2.6595298                       19858.676
               2.6614556                       19858.676
               2.6633814                       20089.365
               2.6653072                       20265.871
                2.667233                        20388.27
               2.6691588                        20456.74
               2.6710846                        20471.42
               2.6730104                       20432.748
               2.6749362                       20341.436
                2.676862                       20198.113
               2.6787878                        20003.52
               2.6807136                       19758.609
               2.6826394                       19464.377
               2.6845652                       19121.971
                2.686491                        18732.65
               2.6884168                       18297.686
               2.6903426                       17818.494
               2.6922684                       17296.615
               2.6941942                       16733.574
                 2.69612                        16131.03
               2.6980458                       15490.752
               2.6999716                        14814.45
               2.7018974                       14103.924
               2.7038232                       13361.141
                2.705749                       12588.063
               2.7076748                       11786.637
               2.7096006                       10958.844
               2.7115264                       10106.702
               2.7134522                       9232.3408
                2.715378                       8337.9375
               2.7173038                       7425.5825
               2.7192296                       6497.3711
               2.7211554                        5555.478
               2.7230812                       4602.0791
                2.725007                       3639.3684
               2.7269328                       2669.5557
               2.7288586                       1694.7808
               2.7307844                       717.18518
               2.7327102                      -261.00076
                2.734636                       -1237.574
               2.7365618                       -2210.417
               2.7384876                      -3177.4209
               2.7404134                      -4136.4243
               2.7423392                      -5085.2964
                2.744265                      -6022.0156
               2.7461908                      -6944.5088
               2.7481166                      -7850.6348
               2.7500424                      -8738.4063
               2.7519682                      -9605.9082
                2.753894                      -10451.181
               2.7558198                      -11272.295
               2.7577456                       -12067.35
               2.7596714                      -12834.515
               2.7615972                      -13572.005
                2.763523                      -14278.027
               2.7654488                      -14950.899
               2.7673746                      -15589.052
               2.7693004                      -16190.873
               2.7712262                      -16754.736
                2.773152                      -17279.139
               2.7750778                      -17762.793
               2.7770036                      -18204.426
               2.7789294                      -18602.588
               2.7808552                      -18956.033
                2.782781                      -19263.877
               2.7847068                      -19525.096
               2.7866326                      -19738.604
               2.7885584                      -19903.537
               2.7904842                      -20019.211
                 2.79241                      -20085.025
               2.7943358                      -20100.418
               2.7962616                      -20064.912
               2.7981874                      -19978.217
               2.8001132                      -19840.104
                2.802039                      -19650.441
               2.8039648                      -19409.379
               2.8058906                      -19117.078
               2.8078164                      -18773.686
               2.8097422                      -18379.701
                2.811668                      -17935.762
               2.8135938                      -17442.426
               2.8155196                      -16900.527
               2.8174454                      -16311.184
               2.8193712                       -15675.45
                2.821297                      -14994.456
               2.8232228                      -14269.627
               2.8251486                       -13502.55
               2.8270744                       -12694.88
               2.8290002                      -11848.379
                2.830926                      -10964.973
               2.8328518                      -10046.759
               2.8347776                      -9095.9014
               2.8367034                      -8114.6592
               2.8386292                      -7105.5439
                2.840555                      -6071.1494
               2.8424808                      -5014.0088
               2.8444066                      -3936.8459
               2.8463324                      -2842.6377
               2.8482582                      -1734.3198
                2.850184                      -614.79883
               2.8521098                       512.80273
               2.8540356                       1645.2562
               2.8559614                       2779.4041
               2.8578872                       3912.0396
                2.859813                       5039.8516
               2.8617388                        6159.498
               2.8636646                       7267.6353
               2.8655904                       8360.9697
               2.8675162                       9436.2285
                2.869442                       10490.102
               2.8713678                       11519.291
               2.8732936                       12520.557
               2.8752194                       13490.733
               2.8771452                       14426.742
                2.879071                        15325.56
               2.8809968                        16184.22
               2.8829226                       16999.869
               2.8848484                       17769.791
               2.8867742                       18491.393
                  2.8887                       19162.168
               2.8906258                       19779.752
               2.8925516                       20341.953
               2.8944774                       20846.777
               2.8964032                       21292.393
                2.898329                       21677.082
               2.9002548                       21999.305
               2.9021806                       22257.746
               2.9041064                        22451.32
               2.9060322                       22579.131
                2.907958                       22640.434
               2.9098838                       22634.752
               2.9118096                       22561.814
               2.9137354                       22421.537
               2.9156612                       22214.123
                2.917587                       21939.932
               2.9195128                       21599.539
               2.9214386                       21193.816
               2.9233644                       20723.762
               2.9252902                         20190.6
                2.927216                       19595.854
               2.9291418                       18941.195
               2.9310676                       18228.521
               2.9329934                        17459.93
               2.9349192                       16637.635
                2.936845                       15764.135
               2.9387708                       14842.079
               2.9406966                       13874.205
               2.9426224                       12863.522
               2.9445482                       11813.218
                2.946474                        10726.47
               2.9483998                       9606.6025
               2.9503256                       8457.1738
               2.9522514                       7281.7925
               2.9541772                       6084.1255
                2.956103                       4868.0024
               2.9580288                        3637.196
               2.9599546                       2395.4878
               2.9618804                       1146.8899
               2.9638062                      -104.63323
                2.965732                      -1355.1705
               2.9676578                      -2600.7253
               2.9695836                      -3837.4663
               2.9715094                      -5061.5908
               2.9734352                      -6269.1201
                2.975361                      -7456.2271
               2.9772868                      -8619.3291
               2.9792126                      -9754.8623
               2.9811384                      -10859.271
               2.9830642                      -11929.149
                 2.98499                      -12961.215
               2.9869158                      -13952.344
               2.9888416                      -14899.623
               2.9907674                        -15800.2
               2.9926932                       -16651.33
                2.994619                      -17450.615
               2.9965448                      -18195.811
               2.9984706                      -18884.717

