        Time / ns                e-field (t=0..end(0.00192)) (pb)_Z_0D_58/real
----------------------------------------------------------------------
                       0                               0
               0.0019258                               0
               0.0038516                               0
               0.0057774                               0
               0.0077032                               0
                0.009629                               0
               0.0115548                               0
               0.0134806                               0
               0.0154064                               0
               0.0173322                               0
                0.019258                               0
               0.0211838                               0
               0.0231096                               0
               0.0250354                               0
               0.0269612                               0
                0.028887                               0
               0.0308128                               0
               0.0327386                               0
               0.0346644                               0
               0.0365902                               0
                0.038516                               0
               0.0404418                               0
               0.0423676                               0
               0.0442934                               0
               0.0462192                               0
                0.048145                               0
               0.0500708                               0
               0.0519966                               0
               0.0539224                               0
               0.0558482                               0
                0.057774                               0
               0.0596998                               0
               0.0616256                               0
               0.0635514                               0
               0.0654772                               0
                0.067403                               0
               0.0693288                               0
               0.0712546                               0
               0.0731804                               0
               0.0751062                               0
                0.077032                               0
               0.0789578                               0
               0.0808836                               0
               0.0828094                               0
               0.0847352                               0
                0.086661                               0
               0.0885868                               0
               0.0905126                               0
               0.0924384                               0
               0.0943642                               0
                 0.09629                               0
               0.0982158                               0
               0.1001416                               0
               0.1020674                               0
               0.1039932                               0
                0.105919                               0
               0.1078448                               0
               0.1097706                               0
               0.1116964                               0
               0.1136222                               0
                0.115548                               0
               0.1174738                               0
               0.1193996                               0
               0.1213254                               0
               0.1232512                               0
                0.125177                  -2.8417346e-35
               0.1271028                  -5.7070384e-34
               0.1290286                   -6.173739e-34
               0.1309544                   5.0308725e-34
               0.1328802                  -3.6250134e-33
                0.134806                  -7.5331548e-33
               0.1367318                  -1.8104635e-33
               0.1386576                    8.870708e-33
               0.1405834                   4.5992562e-32
               0.1425092                   5.1864264e-31
                0.144435                   4.5636189e-30
               0.1463608                   3.2226192e-29
               0.1482866                   1.4375519e-28
               0.1502124                  -2.3126432e-28
               0.1521382                  -1.3702794e-26
                0.154064                  -1.7698944e-25
               0.1559898                  -1.5974347e-24
               0.1579156                  -1.1995432e-23
               0.1598414                  -7.8410887e-23
               0.1617672                  -4.5674375e-22
                0.163693                   -2.415411e-21
               0.1656188                  -1.1704529e-20
               0.1675446                  -5.2406141e-20
               0.1694704                  -2.1831411e-19
               0.1713962                  -8.5048617e-19
                0.173322                  -3.1113795e-18
               0.1752478                  -1.0721912e-17
               0.1771736                  -3.4920803e-17
               0.1790994                  -1.0780662e-16
               0.1810252                  -3.1603207e-16
                0.182951                  -8.8157379e-16
               0.1848768                  -2.3441012e-15
               0.1868026                  -5.9501507e-15
               0.1887284                  -1.4438154e-14
               0.1906542                  -3.3525977e-14
                 0.19258                  -7.4572733e-14
               0.1945058                  -1.5902863e-13
               0.1964316                  -3.2538539e-13
               0.1983574                   -6.391632e-13
               0.2002832                  -1.2059937e-12
                0.202209                  -2.1867681e-12
               0.2041348                  -3.8118285e-12
               0.2060606                  -3.8118285e-12
               0.2079864                  -6.3902147e-12
               0.2099122                  -1.0306237e-11
                0.211838                  -1.5998244e-11
               0.2137638                  -2.3915855e-11
               0.2156896                  -3.4460629e-11
               0.2176154                  -4.7923554e-11
               0.2195412                   -6.445134e-11
                0.221467                  -8.4077446e-11
               0.2233928                  -1.0685516e-10
               0.2253186                  -1.3310336e-10
               0.2272444                  -1.6376213e-10
               0.2291702                  -2.0076277e-10
                0.231096                  -2.4733263e-10
               0.2330218                  -3.0811481e-10
               0.2349476                  -3.8903725e-10
               0.2368734                  -4.9696169e-10
               0.2387992                  -6.3927191e-10
                0.240725                  -8.2368762e-10
               0.2426508                  -1.0585459e-09
               0.2445766                   -1.353697e-09
               0.2465024                  -1.7220823e-09
               0.2484282                  -2.1815725e-09
                0.250354                  -2.7567415e-09
               0.2522798                  -3.4801211e-09
               0.2542056                  -4.3930646e-09
               0.2561314                  -5.5464442e-09
               0.2580572                  -7.0015282e-09
                0.259983                  -8.8322061e-09
               0.2619088                  -1.1129276e-08
               0.2638346                  -1.4005638e-08
               0.2657604                  -1.7603536e-08
               0.2676862                  -2.2101984e-08
                0.269612                   -2.772426e-08
               0.2715378                  -3.4747778e-08
               0.2734636                  -4.3514341e-08
               0.2753894                  -5.4444897e-08
               0.2773152                  -6.8056202e-08
                0.279241                  -8.4989686e-08
               0.2811668                  -1.0603709e-07
               0.2830926                  -1.3217419e-07
               0.2850184                  -1.6459636e-07
               0.2869442                  -2.0477957e-07
                 0.28887                  -2.5453471e-07
               0.2907958                   -3.160726e-07
               0.2927216                  -3.9210676e-07
               0.2946474                   -4.859624e-07
               0.2965732                  -6.0169162e-07
                0.298499                  -7.4429636e-07
               0.3004248                  -9.1982997e-07
               0.3023506                  -1.1356767e-06
               0.3042764                  -1.4008505e-06
               0.3062022                  -1.7263167e-06
                0.308128                  -2.1254036e-06
               0.3100538                  -2.6142402e-06
               0.3119796                  -3.2124553e-06
               0.3139054                  -3.9438078e-06
               0.3158312                  -4.8370548e-06
                0.317757                  -5.9270628e-06
               0.3196828                  -7.2557596e-06
               0.3216086                  -8.8738134e-06
               0.3235344                  -1.0842354e-05
               0.3254602                     -1.3235e-05
                0.327386                  -1.6140695e-05
               0.3293118                  -1.9665424e-05
               0.3312376                  -2.3936624e-05
               0.3331634                  -2.9108412e-05
               0.3350892                  -3.5364021e-05
                0.337015                  -4.2922402e-05
               0.3389408                  -5.2047268e-05
               0.3408666                  -6.3052088e-05
               0.3427924                  -7.6310913e-05
               0.3447182                  -9.2271192e-05
                0.346644                  -0.00011146329
               0.3485698                    -0.000134516
               0.3504956                  -0.00016218517
               0.3524214                  -0.00019535911
               0.3543472                  -0.00023509498
                0.356273                  -0.00028264199
               0.3581988                  -0.00033948288
               0.3601246                  -0.00040736762
               0.3620504                  -0.00048836193
               0.3639762                  -0.00058490562
                0.365902                  -0.00069986464
               0.3678278                   -0.0008366098
               0.3697536                  -0.00099912484
               0.3716794                   -0.0011920838
               0.3736052                   -0.0014209569
                0.375531                   -0.0016921342
               0.3774568                   -0.0020131471
               0.3793826                    -0.002392797
               0.3813084                   -0.0028413257
               0.3832342                    -0.003370709
                 0.38516                   -0.0039949026
               0.3870858                   -0.0047301133
               0.3890116                   -0.0055954154
               0.3909374                   -0.0066125607
               0.3928632                   -0.0078071966
                0.394789                   -0.0092089176
               0.3967148                    -0.010851844
               0.3986406                    -0.012775634
               0.4005664                    -0.015026261
               0.4024922                    -0.017656168
                0.404418                    -0.020726696
               0.4063438                    -0.024308167
               0.4082696                    -0.028480899
               0.4101954                    -0.033337723
               0.4121212                    -0.038985819
                0.414047                    -0.045547571
               0.4159728                    -0.053162251
               0.4178986                    -0.061990015
               0.4198244                    -0.072214998
               0.4217502                       -0.084045
                0.423676                    -0.097719863
               0.4256018                     -0.11351175
               0.4275276                     -0.13172705
               0.4294534                     -0.15271831
               0.4313792                     -0.17688593
                0.433305                      -0.2046798
               0.4352308                     -0.23661587
               0.4371566                     -0.27327114
               0.4390824                     -0.31529781
               0.4410082                     -0.36343774
                0.442934                     -0.41852584
               0.4448598                      -0.4814966
               0.4467856                     -0.55341125
               0.4487114                     -0.63545954
               0.4506372                     -0.72895408
                0.452563                     -0.83540708
               0.4544888                     -0.95646632
               0.4564146                      -1.0940139
               0.4583404                      -1.2501451
               0.4602662                      -1.4271661
                0.462192                      -1.6276565
               0.4641178                      -1.8545419
               0.4660436                       -2.110996
               0.4679694                      -2.4005804
               0.4698952                      -2.7272246
                0.471821                      -3.0953197
               0.4737468                      -3.5096686
               0.4756726                      -3.9755988
               0.4775984                      -4.4989877
               0.4795242                       -5.086329
                 0.48145                      -5.7447481
               0.4833758                      -6.4820032
               0.4853016                      -7.3067503
               0.4872274                      -8.2283888
               0.4891532                      -9.2571611
                0.491079                      -10.404404
               0.4930048                      -11.682258
               0.4949306                      -13.104028
               0.4968564                      -14.684646
               0.4987822                      -16.439604
                0.500708                      -18.386032
               0.5026338                      -20.542601
               0.5045596                      -22.929331
               0.5064854                       -25.56822
               0.5084112                      -28.482563
                0.510337                      -31.697567
               0.5122628                      -35.240196
               0.5141886                       -39.13958
               0.5161144                      -43.426815
               0.5180402                      -48.136158
                0.519966                      -53.302341
               0.5218918                      -58.963192
               0.5238176                      -65.161079
               0.5257434                      -71.937721
               0.5276692                      -79.337105
                0.529595                      -87.409904
               0.5315208                      -96.206741
               0.5334466                       -105.7812
               0.5353724                      -116.19136
               0.5372982                      -127.49337
                0.539224                      -139.75189
               0.5411498                      -153.03288
               0.5430756                      -167.40384
               0.5450014                      -182.93459
               0.5469272                      -199.69844
                0.548853                      -217.77196
               0.5507788                      -237.23563
               0.5527046                       -258.1694
               0.5546304                      -280.65302
               0.5565562                      -304.77393
                0.558482                      -330.61792
               0.5604078                      -358.27533
               0.5623336                       -387.8334
               0.5642594                      -419.37582
               0.5661852                      -452.99924
                0.568111                      -488.79239
               0.5700368                      -526.83966
               0.5719626                      -567.23035
               0.5738884                      -610.04114
               0.5758142                      -655.37134
                 0.57774                      -703.28027
               0.5796658                      -753.85809
               0.5815916                      -807.16663
               0.5835174                      -863.25189
               0.5854432                       -922.1947
                0.587369                      -984.03876
               0.5892948                      -1048.8182
               0.5912206                      -1116.5684
               0.5931464                      -1187.2754
               0.5950722                      -1260.9777
                0.596998                      -1337.6702
               0.5989238                      -1417.3098
               0.6008496                      -1499.8464
               0.6027754                      -1585.2511
               0.6047012                      -1673.4293
                0.606627                      -1764.2965
               0.6085528                      -1857.7295
               0.6104786                       -1953.558
               0.6124044                      -2051.6401
               0.6143302                      -2051.6401
                0.616256                      -2151.8298
               0.6181818                      -2253.8723
               0.6201076                      -2357.4773
               0.6220334                      -2462.3677
               0.6239592                       -2568.376
                0.625885                      -2675.0547
               0.6278108                      -2782.0581
               0.6297366                      -2888.9468
               0.6316624                      -2995.3696
               0.6335882                      -3100.8064
                0.635514                      -3204.7617
               0.6374398                      -3306.7576
               0.6393656                      -3406.1101
               0.6412914                      -3502.3386
               0.6432172                      -3594.7432
                0.645143                       -3682.696
               0.6470688                      -3765.4202
               0.6489946                      -3842.1873
               0.6509204                      -3912.3765
               0.6528462                      -3975.1177
                0.654772                      -4029.5056
               0.6566978                      -4074.7275
               0.6586236                      -4110.0078
               0.6605494                      -4134.3574
               0.6624752                      -4146.9482
                0.664401                      -4146.8657
               0.6663268                      -4133.1201
               0.6682526                      -4104.7598
               0.6701784                      -4060.8467
               0.6721042                      -4000.5144
                 0.67403                      -3922.7534
               0.6759558                       -3826.604
               0.6778816                      -3711.3811
               0.6798074                      -3575.7937
               0.6817332                      -3419.0945
                0.683659                      -3240.6382
               0.6855848                      -3039.4353
               0.6875106                      -2814.6526
               0.6894364                      -2565.7209
               0.6913622                       -2291.833
                0.693288                      -1992.2356
               0.6952138                      -1666.4674
               0.6971396                      -1314.2159
               0.6990654                       -934.7373
               0.7009912                      -527.56403
                0.702917                      -92.827606
               0.7048428                       370.04831
               0.7067686                       861.03595
               0.7086944                       1380.1217
               0.7106202                       1927.3058
                0.712546                        2502.501
               0.7144718                       3105.2456
               0.7163976                       3735.1624
               0.7183234                        4392.001
               0.7202492                       5074.9766
                0.722175                       5783.1729
               0.7241008                       6516.1265
               0.7260266                       7272.7529
               0.7279524                       8051.7583
               0.7298782                        8852.167
                0.731804                       9672.7539
               0.7337298                       10511.662
               0.7356556                       11367.845
               0.7375814                       12239.426
               0.7395072                       13124.501
                0.741433                       14021.421
               0.7433588                       14928.089
               0.7452846                       15842.588
               0.7472104                       16762.582
               0.7491362                        17685.82
                0.751062                        18610.01
               0.7529878                       19532.689
               0.7549136                       20451.514
               0.7568394                       21363.926
               0.7587652                       22267.121
                0.760691                       23158.684
               0.7626168                       24036.006
               0.7645426                        24895.98
               0.7664684                       25736.307
               0.7683942                       26554.295
                 0.77032                       27347.041
               0.7722458                       28111.768
               0.7741716                         28845.9
               0.7760974                       29546.814
               0.7780232                       30212.053
                0.779949                       30838.855
               0.7818748                       31424.732
               0.7838006                       31967.539
               0.7857264                       32464.801
               0.7876522                       32914.195
                0.789578                       33313.734
               0.7915038                       33661.527
               0.7934296                       33955.512
               0.7953554                       34194.047
               0.7972812                       34375.641
                0.799207                       34498.633
               0.8011328                        34561.82
               0.8030586                       34564.258
               0.8049844                       34504.746
               0.8069102                       34382.652
                0.808836                       34197.465
               0.8107618                       33948.617
               0.8126876                       33635.934
               0.8146134                       33259.414
               0.8165392                       32819.383
                0.818465                       32316.012
               0.8203908                       31749.967
               0.8223166                       31121.994
               0.8242424                       30433.078
               0.8261682                       29684.416
                0.828094                       28877.334
               0.8300198                       28013.355
               0.8319456                       27094.309
               0.8338714                       26122.037
               0.8357972                         25098.6
                0.837723                       24026.402
               0.8396488                       22907.775
               0.8415746                       21745.285
               0.8435004                       20541.758
               0.8454262                       19300.023
                0.847352                       18023.035
               0.8492778                       16713.965
               0.8512036                       15376.084
               0.8531294                       14012.674
               0.8550552                       12627.159
                0.856981                       11223.055
               0.8589068                       9803.9102
               0.8608326                       8373.3467
               0.8627584                       6935.0386
               0.8646842                       5492.6357
                 0.86661                       4049.8401
               0.8685358                       2610.3523
               0.8704616                       1177.8755
               0.8723874                      -243.94263
               0.8743132                       -1651.472
                0.876239                      -3041.0796
               0.8781648                      -4409.2729
               0.8800906                      -5752.6333
               0.8820164                      -7067.7588
               0.8839422                      -8351.3252
                0.885868                       -9600.165
               0.8877938                      -10811.243
               0.8897196                      -11981.615
               0.8916454                      -13108.438
               0.8935712                      -14189.044
                0.895497                      -15220.903
               0.8974228                      -16201.624
               0.8993486                      -17129.006
               0.9012744                      -18001.029
               0.9032002                      -18815.764
                0.905126                      -19571.482
               0.9070518                       -20266.66
               0.9089776                      -20899.994
               0.9109034                      -21470.318
               0.9128292                      -21976.609
                0.914755                      -22418.047
               0.9166808                      -22794.072
               0.9186066                      -23104.254
               0.9205324                      -23348.299
               0.9224582                       -23526.16
                0.924384                      -23637.963
               0.9263098                      -23683.969
               0.9282356                       -23664.66
               0.9301614                      -23580.688
               0.9320872                      -23432.787
                0.934013                      -23221.902
               0.9359388                      -22949.188
               0.9378646                      -22615.855
               0.9397904                      -22223.283
               0.9417162                      -21773.045
                0.943642                      -21266.795
               0.9455678                      -20706.258
               0.9474936                      -20093.293
               0.9494194                      -19429.963
               0.9513452                      -18718.414
                0.953271                      -17960.766
               0.9551968                      -17159.283
               0.9571226                      -16316.372
               0.9590484                      -15434.442
               0.9609742                      -14516.016
                  0.9629                       -13563.64
               0.9648258                      -12579.884
               0.9667516                      -11567.451
               0.9686774                      -10529.029
               0.9706032                       -9467.292
                0.972529                      -8385.0518
               0.9744548                      -7285.0562
               0.9763806                      -6170.0322
               0.9783064                      -5042.7998
               0.9802322                      -3906.1877
                0.982158                      -2763.0054
               0.9840838                      -1615.9696
               0.9860096                      -467.78836
               0.9879354                       678.71564
               0.9898612                       1820.8018
                0.991787                       2955.8406
               0.9937128                       4081.1323
               0.9956386                       5194.0229
               0.9975644                        6292.001
               0.9994902                       7372.5352
                1.001416                       8433.0605
               1.0033418                        9471.166
               1.0052676                       10484.554
               1.0071934                       11470.824
               1.0091192                       12427.655
                1.011045                       13352.979
               1.0129708                       14244.711
               1.0148966                       15100.702
               1.0168224                       15918.944
               1.0187482                       16697.594
                1.020674                       17434.922
               1.0225998                       18129.205
               1.0245256                       18129.205
               1.0264514                       18778.662
               1.0283772                       19381.754
                1.030303                       19937.205
               1.0322288                       20443.621
               1.0341546                       20899.602
               1.0360804                       21304.074
               1.0380062                       21656.053
                1.039932                       21954.549
               1.0418578                       22198.727
               1.0437836                       22387.881
               1.0457094                       22521.385
               1.0476352                       22598.768
                1.049561                       22619.695
               1.0514868                       22583.914
               1.0534126                       22491.266
               1.0553384                       22341.744
               1.0572642                       22135.494
                 1.05919                       21872.791
               1.0611158                       21554.053
               1.0630416                       21179.742
               1.0649674                       20750.455
               1.0668932                       20267.018
                1.068819                       19730.379
               1.0707448                       19141.541
               1.0726706                       18501.662
               1.0745964                       17812.035
               1.0765222                       17074.098
                1.078448                       16289.439
               1.0803738                       15459.732
               1.0822996                       14586.751
               1.0842254                       13672.463
               1.0861512                       12718.979
                1.088077                        11728.41
               1.0900028                       10702.991
               1.0919286                       9645.2275
               1.0938544                       8557.6504
               1.0957802                       7442.8042
                1.097706                       6303.4131
               1.0996318                       5142.2822
               1.1015576                       3962.2915
               1.1034834                       2766.4644
               1.1054092                       1557.8547
                1.107335                       339.53299
               1.1092608                       -885.3205
               1.1111866                      -2113.4275
               1.1131124                      -3341.4966
               1.1150382                       -4566.269
                1.116964                      -5784.4028
               1.1188898                      -6992.4639
               1.1208156                      -8187.0952
               1.1227414                      -9364.9805
               1.1246672                      -10522.717
                1.126593                      -11656.936
               1.1285188                      -12764.335
               1.1304446                      -13841.619
               1.1323704                      -14885.567
               1.1342962                      -15893.048
                1.136222                      -16860.928
               1.1381478                      -17786.188
               1.1400736                      -18665.943
               1.1419994                      -19497.346
               1.1439252                      -20277.688
                1.145851                      -21004.398
               1.1477768                      -21675.039
               1.1497026                      -22287.314
               1.1516284                      -22839.088
               1.1535542                      -23328.363
                 1.15548                       -23753.26
               1.1574058                      -24112.133
               1.1593316                      -24403.654
               1.1612574                      -24626.611
               1.1631832                      -24779.785
                1.165109                      -24862.258
               1.1670348                      -24873.586
               1.1689606                      -24813.385
               1.1708864                      -24681.252
               1.1728122                      -24477.232
                1.174738                      -24201.752
               1.1766638                      -23855.188
               1.1785896                      -23438.133
               1.1805154                      -22951.609
               1.1824412                      -22396.779
                1.184367                      -21774.988
               1.1862928                      -21087.873
               1.1882186                      -20337.201
               1.1901444                      -19524.996
               1.1920702                      -18653.488
                1.193996                      -17725.102
               1.1959218                      -16742.551
               1.1978476                      -15708.637
               1.1997734                      -14626.234
               1.2016992                      -13498.544
                1.203625                      -12328.929
               1.2055508                       -11120.82
               1.2074766                      -9877.8496
               1.2094024                      -8603.7715
               1.2113282                      -7302.3755
                1.213254                      -5977.5249
               1.2151798                      -4633.2959
               1.2171056                      -3273.8887
               1.2190314                       -1903.374
               1.2209572                      -525.88776
                1.222883                       854.27411
               1.2248088                       2232.9019
               1.2267346                       3605.7405
               1.2286604                       4968.5044
               1.2305862                       6317.1021
                1.232512                        7647.418
               1.2344378                       8955.2295
               1.2363636                       10236.496
               1.2382894                       11487.381
               1.2402152                       12704.045
                1.242141                       13882.708
               1.2440668                       15019.805
               1.2459926                       16111.892
               1.2479184                       17155.582
               1.2498442                       18147.752
                 1.25177                       19085.477
               1.2536958                        19965.92
               1.2556216                       20786.438
               1.2575474                       21544.631
               1.2594732                       22238.309
                1.261399                       22865.471
               1.2633248                        23424.34
               1.2652506                       23913.373
               1.2671764                        24331.18
               1.2691022                       24676.705
                1.271028                       24949.113
               1.2729538                       25147.738
               1.2748796                       25272.244
               1.2768054                       25322.482
               1.2787312                       25298.432
                1.280657                       25200.457
               1.2825828                       25029.184
               1.2845086                       24785.334
               1.2864344                       24469.926
               1.2883602                       24084.209
                1.290286                       23629.563
               1.2922118                       23107.623
               1.2941376                       22520.295
               1.2960634                       21869.633
               1.2979892                       21157.826
                1.299915                       20387.264
               1.3018408                       19560.551
               1.3037666                       18680.404
               1.3056924                       17749.672
               1.3076182                       16771.348
                1.309544                        15748.59
               1.3114698                       14684.678
               1.3133956                       13582.941
               1.3153214                        12446.73
               1.3172472                       11279.605
                1.319173                       10085.247
               1.3210988                       8867.1875
               1.3230246                       7629.0371
               1.3249504                       6374.5952
               1.3268762                       5107.5503
                1.328802                       3831.5688
               1.3307278                       2550.4143
               1.3326536                       1267.7886
               1.3345794                      -12.681379
               1.3365052                      -1287.3949
                1.338431                       -2552.793
               1.3403568                      -3805.3442
               1.3422826                      -5041.6089
               1.3442084                      -6258.2759
               1.3461342                      -7452.1016
                 1.34806                      -8619.9082
               1.3499858                      -9758.6699
               1.3519116                      -10865.486
               1.3538374                      -11937.488
               1.3557632                      -12971.989
                1.357689                      -13966.537
               1.3596148                      -14918.727
               1.3615406                      -15826.203
               1.3634664                      -16686.842
               1.3653922                      -17498.795
                1.367318                      -18260.316
               1.3692438                      -18969.617
               1.3711696                      -19625.098
               1.3730954                      -20225.607
               1.3750212                      -20770.074
                1.376947                      -21257.316
               1.3788728                      -21686.422
               1.3807986                      -22056.828
               1.3827244                      -22367.996
               1.3846502                      -22619.438
                1.386576                       -22810.98
               1.3885018                      -22942.631
               1.3904276                      -23014.396
               1.3923534                      -23026.383
               1.3942792                      -22979.006
                1.396205                      -22872.875
               1.3981308                      -22708.613
               1.4000566                      -22486.826
               1.4019824                      -22208.367
               1.4039082                      -21874.398
                1.405834                      -21486.072
               1.4077598                      -21044.523
               1.4096856                      -20551.068
               1.4116114                      -20007.186
               1.4135372                      -19414.475
                1.415463                       -18774.59
               1.4173888                      -18089.178
               1.4193146                      -17360.076
               1.4212404                       -16589.24
               1.4231662                      -15778.588
                1.425092                      -14930.194
               1.4270178                      -14046.242
               1.4289436                      -13128.835
               1.4308694                      -12180.172
               1.4327952                      -11202.607
                1.434721                      -11202.607
               1.4366468                      -10198.491
               1.4385726                       -9170.209
               1.4404984                      -8120.2134
               1.4424242                      -7050.9614
                 1.44435                       -5964.959
               1.4462758                      -4864.7378
               1.4482016                      -3752.8335
               1.4501274                      -2631.8572
               1.4520532                      -1504.4747
                1.453979                      -373.28702
               1.4559048                       759.18848
               1.4578306                       1890.3008
               1.4597564                       3017.2603
               1.4616822                       4137.5034
                1.463608                       5248.5396
               1.4655338                        6347.623
               1.4674596                       7432.1338
               1.4693854                       8499.6191
               1.4713112                       9547.4443
                1.473237                       10573.076
               1.4751628                        11574.12
               1.4770886                       12548.049
               1.4790144                       13492.436
               1.4809402                       14405.001
                1.482866                       15283.454
               1.4847918                       16125.561
               1.4867176                       16929.096
               1.4886434                       17691.926
               1.4905692                       18412.109
                1.492495                       19087.709
               1.4944208                       19716.779
               1.4963466                       20297.592
               1.4982724                       20828.521
               1.5001982                       21307.943
                1.502124                       21734.393
               1.5040498                       22106.559
               1.5059756                        22423.16
               1.5079014                       22683.066
               1.5098272                       22885.346
                1.511753                       23029.125
               1.5136788                       23113.625
               1.5156046                       23138.252
               1.5175304                       23102.625
               1.5194562                       23006.455
                1.521382                       22849.543
               1.5233078                       22631.879
               1.5252336                       22353.613
               1.5271594                        22015.07
               1.5290852                       21616.783
                1.531011                       21159.355
               1.5329368                       20643.475
               1.5348626                       20070.121
               1.5367884                       19440.496
               1.5387142                       18755.914
                 1.54064                       18017.742
               1.5425658                       17227.516
               1.5444916                       16387.045
               1.5464174                       15498.301
               1.5483432                       14563.325
                1.550269                       13584.315
               1.5521948                       12563.625
               1.5541206                        11503.76
               1.5560464                       10407.396
               1.5579722                       9277.3359
                1.559898                       8116.4707
               1.5618238                       6927.7764
               1.5637496                       5714.3716
               1.5656754                       4479.5464
               1.5676012                       3226.6729
                1.569527                       1959.1324
               1.5714528                       680.39911
               1.5733786                      -605.95496
               1.5753044                      -1896.3284
               1.5772302                      -3186.9817
                1.579156                      -4474.1084
               1.5810818                      -5754.0923
               1.5830076                      -7023.2891
               1.5849334                      -8277.8174
               1.5868592                      -9513.8604
                1.588785                      -10727.756
               1.5907108                      -11915.876
               1.5926366                      -13074.589
               1.5945624                      -14200.216
               1.5964882                      -15289.193
                1.598414                      -16338.197
               1.6003398                      -17343.934
               1.6022656                      -18303.109
               1.6041914                      -19212.635
               1.6061172                      -20069.584
                1.608043                      -20871.043
               1.6099688                      -21614.318
               1.6118946                      -22297.033
               1.6138204                      -22916.844
               1.6157462                      -23471.504
                1.617672                      -23959.086
               1.6195978                      -24377.871
               1.6215236                      -24726.334
               1.6234494                       -25003.16
               1.6253752                      -25207.201
                1.627301                      -25337.592
               1.6292268                      -25393.721
               1.6311526                      -25375.178
               1.6330784                      -25281.826
               1.6350042                      -25113.678
                 1.63693                      -24871.016
               1.6388558                      -24554.521
               1.6407816                      -24165.035
               1.6427074                      -23703.475
               1.6446332                      -23171.084
                1.646559                      -22569.455
               1.6484848                      -21900.396
               1.6504106                      -21165.814
               1.6523364                      -20367.799
               1.6542622                      -19508.773
                1.656188                      -18591.424
               1.6581138                      -17618.533
               1.6600396                       -16592.98
               1.6619654                      -15517.854
               1.6638912                      -14396.563
                1.665817                      -13232.637
               1.6677428                      -12029.528
               1.6696686                      -10790.862
               1.6715944                       -9520.624
               1.6735202                      -8222.8271
                1.675446                      -6901.3218
               1.6773718                      -5560.1147
               1.6792976                      -4203.5195
               1.6812234                       -2835.781
               1.6831492                      -1460.9225
                1.685075                      -83.135483
               1.6870008                       1293.1609
               1.6889266                       2663.7524
               1.6908524                       4024.6467
               1.6927782                        5371.687
                1.694704                       6700.6216
               1.6966298                       8007.4927
               1.6985556                       9288.5439
               1.7004814                       10539.894
               1.7024072                       11757.712
                1.704333                       12938.421
               1.7062588                       14078.609
               1.7081846                       15175.056
               1.7101104                        16224.57
               1.7120362                       17223.973
                1.713962                       18170.521
               1.7158878                       19061.758
               1.7178136                       19895.105
               1.7197394                       20668.184
               1.7216652                       21379.078
                1.723591                       22025.967
               1.7255168                       22607.129
               1.7274426                       23121.119
               1.7293684                       23566.752
               1.7312942                       23943.068
                 1.73322                       24249.291
               1.7351458                       24484.844
               1.7370716                       24649.402
               1.7389974                       24742.863
               1.7409232                       24765.324
                1.742849                       24717.117
               1.7447748                       24598.785
               1.7467006                       24411.063
               1.7486264                       24154.873
               1.7505522                       23831.369
                1.752478                       23441.902
               1.7544038                       22987.963
               1.7563296                       22471.258
               1.7582554                        21893.68
               1.7601812                       21257.271
                1.762107                       20564.189
               1.7640328                       19816.723
               1.7659586                       19017.391
               1.7678844                       18168.828
               1.7698102                       17273.691
                1.771736                       16334.838
               1.7736618                       15355.216
               1.7755876                       14337.741
               1.7775134                       13285.536
               1.7794392                       12201.805
                1.781365                        11089.71
               1.7832908                       9952.5469
               1.7852166                       8793.5742
               1.7871424                       7616.0605
               1.7890682                       6423.4243
                1.790994                       5218.9839
               1.7929198                       4006.0129
               1.7948456                       2787.9165
               1.7967714                       1567.9536
               1.7986972                       349.31531
                1.800623                      -864.70062
               1.8025488                       -2070.895
               1.8044746                      -3266.1892
               1.8064004                      -4447.5591
               1.8083262                      -5612.0244
                1.810252                      -6756.6089
               1.8121778                      -7878.5054
               1.8141036                      -8975.0605
               1.8160294                      -10043.603
               1.8179552                      -11081.572
                1.819881                      -12086.566
               1.8218068                      -13056.216
               1.8237326                      -13988.342
               1.8256584                      -14880.902
               1.8275842                      -15731.859
                 1.82951                      -16539.354
               1.8314358                      -17301.729
               1.8333616                      -18017.303
               1.8352874                      -18684.516
               1.8372132                      -19302.148
                1.839139                      -19869.014
               1.8410648                      -20383.846
               1.8429906                      -20383.846
               1.8449164                      -20845.699
               1.8468422                      -21253.814
                1.848768                      -21607.396
               1.8506938                      -21905.865
               1.8526196                      -22148.768
               1.8545454                      -22335.695
               1.8564712                      -22466.436
                1.858397                      -22540.908
               1.8603228                       -22559.15
               1.8622486                      -22521.295
               1.8641744                      -22427.486
               1.8661002                      -22278.109
                1.868026                      -22073.746
               1.8699518                      -21814.936
               1.8718776                      -21502.328
               1.8738034                      -21136.754
               1.8757292                      -20719.115
                1.877655                      -20250.469
               1.8795808                      -19731.922
               1.8815066                      -19164.637
               1.8834324                      -18549.957
               1.8853582                       -17889.32
                1.887284                      -17184.217
               1.8892098                      -16436.229
               1.8911356                      -15647.053
               1.8930614                      -14818.505
               1.8949872                      -13952.414
                1.896913                      -13050.665
               1.8988388                      -12115.366
               1.9007646                        -11148.7
               1.9026904                      -10152.746
               1.9046162                      -9129.6729
                1.906542                      -8081.8848
               1.9084678                      -7011.8584
               1.9103936                      -5921.9883
               1.9123194                      -4814.7456
               1.9142452                       -3692.728
                1.916171                      -2558.5483
               1.9180968                      -1414.8926
               1.9200226                      -264.49243
               1.9219484                       889.96155
               1.9238742                       2045.6901
                  1.9258                       3199.8386
               1.9277258                       4349.5708
               1.9296516                       5492.0498
               1.9315774                       6624.4556
               1.9335032                       7743.8857
                1.935429                       8847.3994
               1.9373548                       9932.2529
               1.9392806                       10995.702
               1.9412064                       12034.778
               1.9431322                       13046.605
                1.945058                       14028.587
               1.9469838                       14978.072
               1.9489096                       15892.293
               1.9508354                       16768.656
               1.9527612                       17604.688
                1.954687                       18397.854
               1.9566128                       19145.838
               1.9585386                       19846.492
               1.9604644                       20497.518
               1.9623902                        21096.75
                1.964316                       21642.322
               1.9662418                       22132.432
               1.9681676                       22565.373
               1.9700934                       22939.549
               1.9720192                       23253.469
                1.973945                       23505.895
               1.9758708                       23695.746
               1.9777966                       23822.006
               1.9797224                       23883.861
               1.9816482                       23880.727
                1.983574                       23812.172
               1.9854998                       23677.859
               1.9874256                       23477.652
               1.9893514                       23211.738
               1.9912772                       22880.438
                1.993203                       22484.131
               1.9951288                       22023.496
               1.9970546                       21499.475
               1.9989804                       20913.045
               2.0009062                       20265.426
                2.002832                       19558.182
               2.0047578                       18792.975
               2.0066836                       17971.453
               2.0086094                       17095.572
               2.0105352                       16167.705
                2.012461                       15190.252
               2.0143868                       14165.629
               2.0163126                       13096.481
               2.0182384                       11985.682
               2.0201642                       10836.317
                 2.02209                       9651.5596
               2.0240158                        8434.623
               2.0259416                       7188.8901
               2.0278674                       5917.9087
               2.0297932                       4625.3403
                2.031719                       3314.9104
               2.0336448                        1990.375
               2.0355706                       655.65747
               2.0374964                      -685.27441
               2.0394222                      -2028.5283
                2.041348                      -3370.0579
               2.0432738                      -4705.7388
               2.0451996                      -6031.5913
               2.0471254                      -7343.6182
               2.0490512                      -8637.7432
                2.050977                      -9909.9658
               2.0529028                      -11156.369
               2.0548286                      -12373.106
               2.0567544                      -13556.374
               2.0586802                      -14702.408
                2.060606                      -15807.601
               2.0625318                       -16868.51
               2.0644576                       -17881.76
               2.0663834                      -18844.086
               2.0683092                       -19752.42
                2.070235                      -20603.881
               2.0721608                      -21395.736
               2.0740866                      -22125.389
               2.0760124                      -22790.463
               2.0779382                      -23388.883
                2.079864                      -23918.719
               2.0817898                      -24378.154
               2.0837156                      -24765.656
               2.0856414                      -25080.033
               2.0875672                      -25320.313
                2.089493                      -25485.646
               2.0914188                      -25575.387
               2.0933446                      -25589.268
               2.0952704                      -25527.363
               2.0971962                      -25389.801
                2.099122                      -25176.871
               2.1010478                      -24889.334
               2.1029736                      -24528.219
               2.1048994                      -24094.572
               2.1068252                       -23589.76
                2.108751                      -23015.465
               2.1106768                      -22373.512
               2.1126026                      -21665.959
               2.1145284                      -20895.064
               2.1164542                       -20063.27
                 2.11838                      -19173.301
               2.1203058                      -18227.971
               2.1222316                      -17230.182
               2.1241574                      -16183.164
               2.1260832                      -15090.343
                2.128009                      -13955.098
               2.1299348                      -12780.897
               2.1318606                      -11571.471
               2.1337864                      -10330.697
               2.1357122                      -9062.4043
                2.137638                      -7770.4229
               2.1395638                      -6458.7769
               2.1414896                      -5131.5898
               2.1434154                      -3792.8638
               2.1453412                       -2446.606
                2.147267                      -1096.9666
               2.1491928                       251.94992
               2.1511186                       1596.1727
               2.1530444                       2931.7087
               2.1549702                       4254.5869
                2.156896                       5560.9678
               2.1588218                       6847.0435
               2.1607476                       8109.0488
               2.1626734                       9343.3555
               2.1645992                       10546.487
                2.166525                       11715.152
               2.1684508                       12846.085
               2.1703766                       13936.018
               2.1723024                       14982.018
               2.1742282                       15981.426
                2.176154                       16931.564
               2.1780798                       17829.889
               2.1800056                       18674.092
               2.1819314                        19462.09
               2.1838572                       20192.033
                2.185783                       20862.123
               2.1877088                       21470.717
               2.1896346                       22016.574
               2.1915604                       22498.619
               2.1934862                       22915.768
                2.195412                       23267.223
               2.1973378                       23552.523
               2.1992636                       23771.336
               2.2011894                       23923.432
               2.2031152                       24008.809
                2.205041                       24027.748
               2.2069668                        23980.68
               2.2088926                       23868.113
               2.2108184                        23690.82
               2.2127442                       23449.807
                 2.21467                       23146.146
               2.2165958                       22781.063
               2.2185216                       22356.021
               2.2204474                       21872.676
               2.2223732                       21332.691
                2.224299                       20737.844
               2.2262248                       20090.129
               2.2281506                       19391.717
               2.2300764                        18644.85
               2.2320022                       17851.832
                2.233928                       17015.016
               2.2358538                       16136.888
               2.2377796                       15220.091
               2.2397054                       14267.297
               2.2416312                        13281.18
                2.243557                        12264.49
               2.2454828                       11220.099
               2.2474086                       10150.856
               2.2493344                       9059.5469
               2.2512602                       7949.1729
                2.253186                       7949.1729
               2.2551118                       6822.7549
               2.2570376                       5683.0537
               2.2589634                       4532.9771
               2.2608892                       3375.6116
                2.262815                       2213.8354
               2.2647408                       1050.4387
               2.2666666                      -111.67936
               2.2685924                      -1269.6171
               2.2705182                      -2420.5962
                2.272444                      -3561.9297
               2.2743698                       -4690.875
               2.2762956                      -5804.7051
               2.2782214                       -6900.875
               2.2801472                      -7976.9233
                2.282073                      -9030.3223
               2.2839988                      -10058.561
               2.2859246                      -11059.336
               2.2878504                      -12030.523
               2.2897762                      -12969.941
                2.291702                      -13875.408
               2.2936278                      -14744.854
               2.2955536                      -15576.364
               2.2974794                      -16368.164
               2.2994052                       -17118.51
                2.301331                      -17825.746
               2.3032568                      -18488.299
               2.3051826                      -19104.604
               2.3071084                      -19673.258
               2.3090342                      -20193.152
                 2.31096                      -20663.158
               2.3128858                      -21082.045
               2.3148116                      -21448.787
               2.3167374                      -21762.627
               2.3186632                      -22022.842
                2.320589                       -22228.77
               2.3225148                      -22379.826
               2.3244406                       -22475.57
               2.3263664                      -22515.723
               2.3282922                      -22500.029
                2.330218                      -22428.426
               2.3321438                      -22301.025
               2.3340696                      -22117.871
               2.3359954                      -21879.146
               2.3379212                      -21585.322
                2.339847                      -21236.947
               2.3417728                      -20834.568
               2.3436986                      -20378.922
               2.3456244                        -19870.9
               2.3475502                      -19311.445
                2.349476                      -18701.654
               2.3514018                      -18042.787
               2.3533276                      -17336.195
               2.3552534                      -16583.354
               2.3571792                      -15785.784
                2.359105                      -14945.144
               2.3610308                      -14063.416
               2.3629566                      -13142.576
               2.3648824                      -12184.466
               2.3668082                      -11191.257
                2.368734                      -10165.386
               2.3706598                      -9109.2051
               2.3725856                      -8025.0801
               2.3745114                      -6915.5996
               2.3764372                      -5783.4961
                2.378363                      -4631.4927
               2.3802888                      -3462.4075
               2.3822146                       -2279.188
               2.3841404                       -1084.767
               2.3860662                       117.84151
                2.387992                        1325.454
               2.3899178                       2534.9099
               2.3918436                       3743.1174
               2.3937694                       4946.8823
               2.3956952                       6142.8428
                2.397621                       7327.7046
               2.3995468                        8498.334
               2.4014726                       9651.4717
               2.4033984                       10783.751
               2.4053242                       11891.968
                 2.40725                       12972.973
               2.4091758                        14023.57
               2.4111016                       15040.649
               2.4130274                       16021.184
               2.4149532                       16962.188
                2.416879                       17860.746
               2.4188048                       18714.068
               2.4207306                       19519.484
               2.4226564                       20274.361
               2.4245822                       20976.238
                2.426508                       21622.846
               2.4284338                       22211.889
               2.4303596                       22741.252
               2.4322854                       23209.146
               2.4342112                       23613.908
                2.436137                       23953.895
               2.4380628                        24227.65
               2.4399886                       24433.988
               2.4419144                           24572
               2.4438402                         24640.9
                2.445766                       24639.941
               2.4476918                       24568.705
               2.4496176                       24427.156
               2.4515434                       24215.262
               2.4534692                       23933.141
                2.455395                       23581.354
               2.4573208                       23160.598
               2.4592466                       22671.639
               2.4611724                       22115.609
               2.4630982                       21493.863
                2.465024                       20807.934
               2.4669498                       20059.568
               2.4688756                       19250.604
               2.4708014                       18383.219
               2.4727272                       17459.902
                2.474653                         16483.1
               2.4765788                       15455.416
               2.4785046                         14379.8
               2.4804304                       13259.353
               2.4823562                       12097.314
                2.484282                       10897.012
               2.4862078                        9661.876
               2.4881336                       8395.6172
               2.4900594                       7101.9717
               2.4919852                       5784.6899
                2.493911                        4447.835
               2.4958368                       3095.5071
               2.4977626                       1731.6191
               2.4996884                       360.27042
               2.5016142                      -1014.1989
                 2.50354                      -2387.5955
               2.5054658                      -3755.8533
               2.5073916                      -5114.7393
               2.5093174                      -6459.9424
               2.5112432                      -7787.3384
                2.513169                      -9092.9199
               2.5150948                      -10372.619
               2.5170206                      -11622.396
               2.5189464                      -12838.403
               2.5208722                      -14016.943
                2.522798                      -15154.345
               2.5247238                      -16247.022
               2.5266496                      -17291.592
               2.5285754                      -18284.883
               2.5305012                      -19223.852
                2.532427                      -20105.584
               2.5343528                      -20927.369
               2.5362786                      -21686.736
               2.5382044                      -22381.396
               2.5401302                      -23009.283
                2.542056                      -23568.514
               2.5439818                      -24057.396
               2.5459076                      -24474.584
               2.5478334                      -24818.982
               2.5497592                      -25089.592
                2.551685                      -25285.619
               2.5536108                      -25406.705
               2.5555366                       -25452.75
               2.5574624                       -25423.73
               2.5593882                      -25319.828
                2.561314                      -25141.607
               2.5632398                      -24889.914
               2.5651656                      -24565.713
               2.5670914                      -24170.172
               2.5690172                      -23704.725
                2.570943                      -23171.043
               2.5728688                      -22571.035
               2.5747946                      -21906.779
               2.5767204                      -21180.479
               2.5786462                      -20394.529
                2.580572                      -19551.621
               2.5824978                      -18654.621
               2.5844236                      -17706.361
               2.5863494                      -16709.818
               2.5882752                      -15668.301
                2.590201                      -14585.199
               2.5921268                      -13463.855
               2.5940526                      -12307.763
               2.5959784                      -11120.566
               2.5979042                      -9905.9443
                 2.59983                       -8667.585
               2.6017558                      -7409.2383
               2.6036816                      -6134.7173
               2.6056074                      -4847.8491
               2.6075332                      -3552.4453
                2.609459                      -2252.2913
               2.6113848                      -951.17969
               2.6133106                       347.09915
               2.6152364                       1638.8749
               2.6171622                       2920.5388
                2.619088                       4188.4248
               2.6210138                       5438.9746
               2.6229396                       6668.8228
               2.6248654                       7874.6548
               2.6267912                       9053.2051
                2.628717                       10201.337
               2.6306428                       11316.055
               2.6325686                       12394.486
               2.6344944                       13433.886
               2.6364202                       14431.657
                2.638346                       15385.329
               2.6402718                       16292.593
               2.6421976                       17151.313
               2.6441234                       17959.453
               2.6460492                       18715.195
                2.647975                       19416.926
               2.6499008                       20063.053
               2.6518266                       20652.193
               2.6537524                       21183.326
               2.6556782                       21655.445
                2.657604                       22067.561
               2.6595298                       22419.031
               2.6614556                       22419.031
               2.6633814                       22709.447
               2.6653072                       22938.469
                2.667233                       23105.945
               2.6691588                       23211.793
               2.6710846                       23256.104
               2.6730104                       23239.295
               2.6749362                       23161.865
                2.676862                       23024.322
               2.6787878                       22827.424
               2.6807136                       22572.076
               2.6826394                       22259.227
               2.6845652                       21890.088
                2.686491                       21466.027
               2.6884168                        20988.32
               2.6903426                       20458.412
               2.6922684                       19878.094
               2.6941942                       19249.055
                 2.69612                       18572.986
               2.6980458                       17851.861
               2.6999716                       17087.744
               2.7018974                       16282.678
               2.7038232                       15438.764
                2.705749                       14558.232
               2.7076748                       13643.452
               2.7096006                       12696.747
               2.7115264                       11720.432
               2.7134522                       10716.979
                2.715378                       9688.9404
               2.7173038                       8638.8262
               2.7192296                       7569.1401
               2.7211554                       6482.4609
               2.7230812                        5381.436
                2.725007                       4268.6904
               2.7269328                       3146.8293
               2.7288586                       2018.4989
               2.7307844                       886.35333
               2.7327102                      -246.98946
                2.734636                      -1378.8999
               2.7365618                      -2506.6943
               2.7384876                      -3627.7449
               2.7404134                      -4739.5308
               2.7423392                      -5839.4932
                2.744265                      -6925.0415
               2.7461908                      -7993.6597
               2.7481166                      -9042.8623
               2.7500424                      -10070.164
               2.7519682                      -11073.178
                2.753894                      -12049.615
               2.7558198                      -12997.173
               2.7577456                      -13913.509
               2.7596714                      -14796.396
               2.7615972                      -15643.763
                2.763523                      -16453.549
               2.7654488                      -17223.709
               2.7673746                      -17952.316
               2.7693004                      -18637.539
               2.7712262                      -19277.582
                2.773152                      -19870.764
               2.7750778                      -20415.469
               2.7770036                      -20910.197
               2.7789294                      -21353.572
               2.7808552                       -21744.25
                2.782781                      -22081.006
               2.7847068                      -22362.814
               2.7866326                      -22588.697
               2.7885584                      -22757.746
               2.7904842                      -22869.223
                 2.79241                      -22922.586
               2.7943358                      -22917.371
               2.7962616                      -22853.143
               2.7981874                      -22729.688
               2.8001132                      -22547.045
                2.802039                      -22305.258
               2.8039648                      -22004.506
               2.8058906                      -21645.182
               2.8078164                      -21227.797
               2.8097422                      -20753.045
                2.811668                      -20221.744
               2.8135938                      -19634.828
               2.8155196                      -18993.477
               2.8174454                      -18299.033
               2.8193712                      -17552.865
                2.821297                      -16756.514
               2.8232228                      -15911.788
               2.8251486                      -15020.643
               2.8270744                      -14085.072
               2.8290002                      -13107.227
                2.830926                      -12089.445
               2.8328518                      -11034.192
               2.8347776                      -9944.0791
               2.8367034                      -8821.8418
               2.8386292                      -7670.3018
                2.840555                      -6492.4209
               2.8424808                      -5291.2593
               2.8444066                      -4069.9448
               2.8463324                      -2831.7412
               2.8482582                      -1580.0352
                2.850184                      -318.24155
               2.8521098                       950.21368
               2.8540356                       2221.8259
               2.8559614                       3492.9734
               2.8578872                       4760.0293
                2.859813                       6019.3955
               2.8617388                        7267.396
               2.8636646                       8500.3545
               2.8655904                       9714.6914
               2.8675162                       10906.828
                2.869442                       12073.102
               2.8713678                       13209.923
               2.8732936                       14313.899
               2.8752194                       15381.697
               2.8771452                       16409.887
                2.879071                       17395.141
               2.8809968                       18334.441
               2.8829226                       19224.826
               2.8848484                       20063.311
               2.8867742                       20847.119
                  2.8887                       21573.732
               2.8906258                       22240.689
               2.8925516                       22845.654
               2.8944774                       23386.551
               2.8964032                       23861.488
                2.898329                       24268.746
               2.9002548                       24606.801
               2.9021806                       24874.252
               2.9041064                       25069.992
               2.9060322                       25193.281
                2.907958                       25243.445
               2.9098838                       25219.898
               2.9118096                       25122.486
               2.9137354                       24951.334
               2.9156612                        24706.66
                2.917587                       24388.895
               2.9195128                       23998.816
               2.9214386                        23537.43
               2.9233644                       23005.875
               2.9252902                       22405.578
                2.927216                       21738.219
               2.9291418                       21005.646
               2.9310676                       20209.982
               2.9329934                       19353.521
               2.9349192                       18438.684
                2.936845                       17468.195
               2.9387708                       16444.994
               2.9406966                       15372.087
               2.9426224                       14252.712
               2.9445482                       13090.288
                2.946474                        11888.25
               2.9483998                       10650.223
               2.9503256                       9380.0977
               2.9522514                        8081.772
               2.9541772                       6759.1787
                2.956103                       5416.3867
               2.9580288                       4057.4795
               2.9599546                       2686.6265
               2.9618804                       1308.1442
               2.9638062                      -73.706238
                2.965732                      -1454.7328
               2.9676578                      -2830.7109
               2.9695836                      -4197.4185
               2.9715094                      -5550.6079
               2.9734352                      -6886.0786
                2.975361                      -8199.8242
               2.9772868                      -9487.9053
               2.9792126                      -10746.346
               2.9811384                      -11971.295
               2.9830642                      -13159.104
                 2.98499                      -14306.226
               2.9869158                      -15409.218
               2.9888416                      -16464.861
               2.9907674                      -17470.055
               2.9926932                      -18421.801
                2.994619                      -19317.389
               2.9965448                      -20154.328
               2.9984706                      -20930.225

