        Time / ns                e-field (t=0..end(0.00192)) (pb)_Z_0D_73/real
----------------------------------------------------------------------
                       0                               0
               0.0019258                               0
               0.0038516                               0
               0.0057774                               0
               0.0077032                               0
                0.009629                               0
               0.0115548                               0
               0.0134806                               0
               0.0154064                               0
               0.0173322                               0
                0.019258                               0
               0.0211838                               0
               0.0231096                               0
               0.0250354                               0
               0.0269612                               0
                0.028887                               0
               0.0308128                               0
               0.0327386                               0
               0.0346644                               0
               0.0365902                               0
                0.038516                               0
               0.0404418                               0
               0.0423676                               0
               0.0442934                               0
               0.0462192                               0
                0.048145                               0
               0.0500708                               0
               0.0519966                               0
               0.0539224                               0
               0.0558482                               0
                0.057774                               0
               0.0596998                               0
               0.0616256                               0
               0.0635514                               0
               0.0654772                               0
                0.067403                               0
               0.0693288                               0
               0.0712546                               0
               0.0731804                               0
               0.0751062                               0
                0.077032                               0
               0.0789578                               0
               0.0808836                               0
               0.0828094                               0
               0.0847352                               0
                0.086661                               0
               0.0885868                               0
               0.0905126                               0
               0.0924384                               0
               0.0943642                               0
                 0.09629                               0
               0.0982158                               0
               0.1001416                               0
               0.1020674                               0
               0.1039932                               0
                0.105919                               0
               0.1078448                               0
               0.1097706                               0
               0.1116964                               0
               0.1136222                               0
                0.115548                               0
               0.1174738                               0
               0.1193996                               0
               0.1213254                               0
               0.1232512                               0
                0.125177                               0
               0.1271028                               0
               0.1290286                               0
               0.1309544                               0
               0.1328802                               0
                0.134806                               0
               0.1367318                               0
               0.1386576                               0
               0.1405834                               0
               0.1425092                               0
                0.144435                               0
               0.1463608                               0
               0.1482866                               0
               0.1502124                               0
               0.1521382                               0
                0.154064                               0
               0.1559898                               0
               0.1579156                               0
               0.1598414                               0
               0.1617672                  -1.6522278e-35
                0.163693                  -1.3177631e-34
               0.1656188                   -1.646508e-33
               0.1675446                  -1.6573614e-33
               0.1694704                  -4.6795094e-34
               0.1713962                  -4.9255248e-33
                0.173322                  -5.3033728e-33
               0.1752478                  -1.2297929e-33
               0.1771736                  -2.2804025e-33
               0.1790994                  -8.0550251e-32
               0.1810252                  -9.1096994e-31
                0.182951                  -8.6253495e-30
               0.1848768                   -7.134903e-29
               0.1868026                  -5.2774978e-28
               0.1887284                  -3.5392426e-27
               0.1906542                  -2.1775881e-26
                 0.19258                  -1.2380097e-25
               0.1945058                  -6.5507641e-25
               0.1964316                  -3.2455722e-24
               0.1983574                  -1.5116364e-23
               0.2002832                  -6.6466454e-23
                0.202209                  -2.7666049e-22
               0.2041348                  -1.0934596e-21
               0.2060606                  -1.0934596e-21
               0.2079864                  -4.1149909e-21
               0.2099122                  -1.4775601e-20
                0.211838                  -5.0722285e-20
               0.2137638                  -1.6674838e-19
               0.2156896                  -5.2575564e-19
               0.2176154                  -1.5923182e-18
               0.2195412                  -4.6379434e-18
                0.221467                  -1.3005784e-17
               0.2233928                  -3.5148234e-17
               0.2253186                  -9.1625446e-17
               0.2272444                  -2.3058667e-16
               0.2291702                  -5.6057943e-16
                0.231096                  -1.3173458e-15
               0.2330218                  -2.9941022e-15
               0.2349476                  -6.5843513e-15
               0.2368734                  -1.4015736e-14
               0.2387992                  -2.8888045e-14
                0.240725                  -5.7667155e-14
               0.2426508                  -1.1151044e-13
               0.2445766                  -2.0889207e-13
               0.2465024                  -3.7910408e-13
               0.2484282                  -6.6654397e-13
                0.250354                  -1.1352249e-12
               0.2522798                  -1.8725689e-12
               0.2542056                   -2.990915e-12
               0.2561314                  -4.6244497e-12
               0.2580572                  -6.9196671e-12
                0.259983                  -1.0016517e-11
               0.2619088                   -1.402338e-11
               0.2638346                  -1.8986663e-11
               0.2657604                  -2.4863438e-11
               0.2676862                  -3.1513129e-11
                0.269612                  -3.8723143e-11
               0.2715378                  -4.6276673e-11
               0.2734636                  -5.4082246e-11
               0.2753894                  -6.2345712e-11
               0.2773152                  -7.1771353e-11
                0.279241                   -8.372586e-11
               0.2811668                  -1.0033067e-10
               0.2830926                  -1.2442605e-10
               0.2850184                  -1.5936093e-10
               0.2869442                  -2.0867971e-10
                 0.28887                  -2.7578886e-10
               0.2907958                  -3.6369141e-10
               0.2927216                  -4.7507354e-10
               0.2946474                  -6.1265609e-10
               0.2965732                  -7.8007223e-10
                0.298499                  -9.8299413e-10
               0.3004248                  -1.2301828e-09
               0.3023506                  -1.5343996e-09
               0.3042764                  -1.9131534e-09
               0.3062022                  -2.3886513e-09
                0.308128                   -2.987423e-09
               0.3100538                  -3.7405687e-09
               0.3119796                  -4.6845474e-09
               0.3139054                  -5.8622005e-09
               0.3158312                  -7.3263111e-09
                0.317757                  -9.1414947e-09
               0.3196828                  -1.1390133e-08
               0.3216086                  -1.4173702e-08
               0.3235344                  -1.7620083e-08
               0.3254602                  -2.1883725e-08
                0.327386                  -2.7155185e-08
               0.3293118                   -3.366479e-08
               0.3312376                  -4.1693667e-08
               0.3331634                  -5.1584138e-08
               0.3350892                   -6.375739e-08
                0.337015                  -7.8723254e-08
               0.3389408                  -9.7111574e-08
               0.3408666                  -1.1967614e-07
               0.3427924                  -1.4733787e-07
               0.3447182                  -1.8120961e-07
                0.346644                  -2.2263734e-07
               0.3485698                  -2.7326226e-07
               0.3504956                  -3.3503878e-07
               0.3524214                  -4.1037029e-07
               0.3543472                   -5.021156e-07
                0.356273                  -6.1376602e-07
               0.3581988                  -7.4947621e-07
               0.3601246                  -9.1423323e-07
               0.3620504                  -1.1141002e-06
               0.3639762                  -1.3562797e-06
                0.365902                  -1.6494278e-06
               0.3678278                  -2.0038071e-06
               0.3697536                  -2.4318001e-06
               0.3716794                  -2.9482053e-06
               0.3736052                  -3.5706416e-06
                0.375531                   -4.319958e-06
               0.3774568                  -5.2211735e-06
               0.3793826                  -6.3035718e-06
               0.3813084                  -7.6026827e-06
               0.3832342                  -9.1603897e-06
                 0.38516                  -1.1025199e-05
               0.3870858                  -1.3255333e-05
               0.3890116                  -1.5920921e-05
               0.3909374                  -1.9101835e-05
               0.3928632                  -2.2894428e-05
                0.394789                  -2.7412241e-05
               0.3967148                  -3.2785334e-05
               0.3986406                  -3.9170147e-05
               0.4005664                  -4.6749701e-05
               0.4024922                  -5.5737059e-05
                0.404418                  -6.6378365e-05
               0.4063438                  -7.8970428e-05
               0.4082696                  -9.3850111e-05
               0.4101954                  -0.00011141312
               0.4121212                  -0.00013211559
                0.414047                  -0.00015650193
               0.4159728                   -0.0001851979
               0.4178986                  -0.00021889994
               0.4198244                  -0.00025846501
               0.4217502                  -0.00030483829
                0.423676                  -0.00035913708
               0.4256018                  -0.00042266809
               0.4275276                  -0.00049687043
               0.4294534                  -0.00058345601
               0.4313792                  -0.00068435894
                0.433305                  -0.00080181437
               0.4352308                  -0.00093844341
               0.4371566                   -0.0010970051
               0.4390824                   -0.0012809749
               0.4410082                   -0.0014941284
                0.442934                   -0.0017408035
               0.4448598                   -0.0020258448
               0.4467856                   -0.0023546766
               0.4487114                   -0.0027339736
               0.4506372                    -0.003170548
                0.452563                   -0.0036727216
               0.4544888                   -0.0042494442
               0.4564146                   -0.0049105147
               0.4583404                   -0.0056679882
               0.4602662                    -0.006534962
                0.462192                   -0.0075249113
               0.4641178                   -0.0086542862
               0.4660436                   -0.0099412659
               0.4679694                     -0.01140561
               0.4698952                    -0.013069951
                0.471821                    -0.014957724
               0.4737468                    -0.017097211
               0.4756726                     -0.01951763
               0.4775984                    -0.022252647
               0.4795242                    -0.025337713
                 0.48145                    -0.028813627
               0.4833758                    -0.032721918
               0.4853016                    -0.037114874
               0.4872274                    -0.042035136
               0.4891532                     -0.04754642
                0.491079                    -0.053704787
               0.4930048                    -0.060583152
               0.4949306                     -0.06823726
               0.4968564                    -0.076749094
               0.4987822                    -0.086200513
                0.500708                    -0.096669614
               0.5026338                     -0.10825486
               0.5045596                     -0.12103494
               0.5064854                     -0.13511202
               0.5084112                     -0.15058941
                0.510337                     -0.16757736
               0.5122628                     -0.18615904
               0.5141886                     -0.20644616
               0.5161144                     -0.22856294
               0.5180402                     -0.25258845
                0.519966                      -0.2786321
               0.5218918                     -0.30679047
               0.5238176                     -0.33713895
               0.5257434                     -0.36974779
               0.5276692                     -0.40461063
                0.529595                     -0.44182861
               0.5315208                     -0.48145789
               0.5334466                     -0.52337563
               0.5353724                     -0.56747955
               0.5372982                     -0.61371899
                0.539224                     -0.66205788
               0.5411498                     -0.71206903
               0.5430756                     -0.76344585
               0.5450014                     -0.81584072
               0.5469272                     -0.86889058
                0.548853                     -0.92179763
               0.5507788                     -0.97425979
               0.5527046                      -1.0247086
               0.5546304                      -1.0723345
               0.5565562                      -1.1162595
                0.558482                      -1.1546929
               0.5604078                      -1.1860294
               0.5623336                      -1.2084187
               0.5642594                      -1.2195686
               0.5661852                      -1.2169032
                0.568111                      -1.1971598
               0.5700368                      -1.1577821
               0.5719626                      -1.0940048
               0.5738884                      -1.0026546
               0.5758142                     -0.87831748
                 0.57774                     -0.71683788
               0.5796658                     -0.51105446
               0.5815916                     -0.25332421
               0.5835174                     0.060694609
               0.5854432                      0.44105995
                0.587369                        0.896815
               0.5892948                       1.4362195
               0.5912206                       2.0722854
               0.5931464                       2.8143003
               0.5950722                       3.6764841
                0.596998                       4.6739044
               0.5989238                       5.8189182
               0.6008496                       7.1313844
               0.6027754                       8.6246634
               0.6047012                       10.323853
                0.606627                        12.24581
               0.6085528                       14.413112
               0.6104786                       16.849577
               0.6124044                       19.584312
               0.6143302                       19.584312
                0.616256                       22.641211
               0.6181818                       26.051207
               0.6201076                       29.842758
               0.6220334                       34.043514
               0.6239592                       38.702389
                0.625885                       43.856377
               0.6278108                       49.525105
               0.6297366                       55.756363
               0.6316624                       62.605736
               0.6335882                       70.111877
                0.635514                        78.31012
               0.6374398                       87.266869
               0.6393656                       97.017151
               0.6412914                       107.61533
               0.6432172                       119.12152
                0.645143                        131.5865
               0.6470688                       145.07768
               0.6489946                       159.64087
               0.6509204                       175.33754
               0.6528462                       192.24107
                0.654772                       210.38864
               0.6566978                       229.86353
               0.6586236                       250.72324
               0.6605494                       273.03372
               0.6624752                       296.86987
                0.664401                       322.25897
               0.6663268                       349.27771
               0.6682526                       377.99533
               0.6701784                       408.51395
               0.6721042                       440.83749
                 0.67403                       474.99234
               0.6759558                       511.10907
               0.6778816                       549.20221
               0.6798074                       589.33337
               0.6817332                       631.55463
                0.683659                       675.89117
               0.6855848                       722.37555
               0.6875106                       771.01178
               0.6894364                       821.91492
               0.6913622                       875.08508
                0.693288                       930.48145
               0.6952138                       988.10156
               0.6971396                       1048.0571
               0.6990654                       1110.2607
               0.7009912                       1174.7394
                0.702917                       1241.4065
               0.7048428                       1310.3064
               0.7067686                       1381.3922
               0.7086944                       1454.5695
               0.7106202                       1529.9377
                0.712546                       1607.2117
               0.7144718                       1686.4305
               0.7163976                       1767.4952
               0.7183234                       1850.3734
               0.7202492                       1934.8826
                0.722175                       2020.9701
               0.7241008                       2108.4685
               0.7260266                       2197.2683
               0.7279524                       2287.1855
               0.7298782                        2378.168
                0.731804                       2469.9307
               0.7337298                       2562.4392
               0.7356556                       2655.4214
               0.7375814                       2748.6079
               0.7395072                       2841.8989
                0.741433                       2935.1899
               0.7433588                       3028.1665
               0.7452846                       3120.6045
               0.7472104                       3212.1311
               0.7491362                       3302.7832
                0.751062                       3392.2463
               0.7529878                       3480.1919
               0.7549136                       3566.4097
               0.7568394                        3650.616
               0.7587652                        3732.687
                0.760691                       3812.2817
               0.7626168                       3889.1008
               0.7645426                       3962.9309
               0.7664684                       4033.6304
               0.7683942                       4100.7852
                 0.77032                       4164.1021
               0.7722458                       4223.6602
               0.7741716                       4278.9043
               0.7760974                       4329.6611
               0.7780232                       4375.8584
                0.779949                       4417.0352
               0.7818748                       4453.2681
               0.7838006                       4484.0889
               0.7857264                       4509.6001
               0.7876522                       4529.2324
                0.789578                        4543.147
               0.7915038                       4551.1201
               0.7934296                       4552.9829
               0.7953554                       4548.4741
               0.7972812                       4537.7988
                0.799207                        4520.646
               0.8011328                         4496.96
               0.8030586                       4466.6616
               0.8049844                       4429.6934
               0.8069102                        4386.248
                0.808836                       4336.2017
               0.8107618                       4279.2759
               0.8126876                        4215.957
               0.8146134                       4146.0898
               0.8165392                       4069.7686
                0.818465                       3987.1338
               0.8203908                       3898.0781
               0.8223166                       3802.9419
               0.8242424                       3701.9436
               0.8261682                       3595.2104
                0.828094                       3482.7627
               0.8300198                       3364.8022
               0.8319456                       3241.7944
               0.8338714                       3113.9807
               0.8357972                       2981.4185
                0.837723                        2844.469
               0.8396488                       2703.3494
               0.8415746                       2558.4475
               0.8435004                       2410.1685
               0.8454262                       2258.8005
                0.847352                       2104.5874
               0.8492778                       1947.9342
               0.8512036                       1789.1765
               0.8531294                       1628.7384
               0.8550552                       1466.9808
                0.856981                        1304.319
               0.8589068                       1141.0732
               0.8608326                       977.74634
               0.8627584                       814.56488
               0.8646842                       652.04028
                 0.86661                       490.58228
               0.8685358                       330.49237
               0.8704616                        172.2123
               0.8723874                       16.141636
               0.8743132                      -137.38586
                0.876239                      -288.06802
               0.8781648                      -435.48849
               0.8800906                      -579.22839
               0.8820164                      -719.05627
               0.8839422                      -854.63312
                0.885868                      -985.68591
               0.8877938                      -1111.8635
               0.8897196                      -1232.8772
               0.8916454                      -1348.4897
               0.8935712                      -1458.5692
                0.895497                      -1562.8427
               0.8974228                       -1660.968
               0.8993486                      -1752.7881
               0.9012744                       -1838.281
               0.9032002                       -1917.365
                0.905126                      -1989.7808
               0.9070518                      -2055.3455
               0.9089776                      -2114.0813
               0.9109034                      -2166.0034
               0.9128292                       -2210.979
                0.914755                      -2248.9646
               0.9166808                      -2280.0229
               0.9186066                      -2304.1941
               0.9205324                      -2321.4963
               0.9224582                        -2331.97
                0.924384                      -2335.6545
               0.9263098                      -2332.6968
               0.9282356                      -2323.2383
               0.9301614                      -2307.3782
               0.9320872                      -2285.2141
                0.934013                      -2256.9172
               0.9359388                      -2222.7134
               0.9378646                      -2182.7627
               0.9397904                      -2137.2375
               0.9417162                      -2086.3687
                0.943642                      -2030.3395
               0.9455678                      -1969.3579
               0.9474936                       -1903.741
               0.9494194                      -1833.7092
               0.9513452                      -1759.3912
                0.953271                      -1681.0636
               0.9551968                      -1599.0891
               0.9571226                       -1513.698
               0.9590484                      -1425.0591
               0.9609742                      -1333.4376
                  0.9629                       -1239.137
               0.9648258                      -1142.4211
               0.9667516                      -1043.5538
               0.9686774                      -942.81085
               0.9706032                      -840.40186
                0.972529                      -736.53815
               0.9744548                      -631.53009
               0.9763806                      -525.66516
               0.9783064                      -419.16006
               0.9802322                      -312.26483
                0.982158                      -205.18102
               0.9840838                      -98.072113
               0.9860096                       8.7521677
               0.9879354                       114.95987
               0.9898612                       220.40617
                0.991787                       324.98709
               0.9937128                       428.46512
               0.9956386                       530.52869
               0.9975644                        630.9505
               0.9994902                       729.64435
                1.001416                       826.47339
               1.0033418                       921.14655
               1.0052676                       1013.4269
               1.0071934                       1103.2046
               1.0091192                       1190.3455
                1.011045                       1274.6624
               1.0129708                       1355.9664
               1.0148966                       1434.1117
               1.0168224                       1508.9763
               1.0187482                       1580.3665
                1.020674                       1648.1105
               1.0225998                       1712.1741
               1.0245256                       1712.1741
               1.0264514                       1772.4323
               1.0283772                       1828.6248
                1.030303                       1880.6554
               1.0322288                       1928.5109
               1.0341546                       1972.0247
               1.0360804                       2011.0643
               1.0380062                       2045.6146
                1.039932                       2075.5352
               1.0418578                       2100.6516
               1.0437836                        2120.968
               1.0457094                       2136.4558
               1.0476352                         2146.96
                1.049561                       2152.4731
               1.0514868                       2153.0618
               1.0534126                       2148.5779
               1.0553384                       2138.8462
               1.0572642                       2123.9546
                 1.05919                       2104.0576
               1.0611158                       2079.0879
               1.0630416                       2048.9138
               1.0649674                       2013.5719
               1.0668932                       1973.1423
                1.068819                       1927.6891
               1.0707448                       1877.3265
               1.0726706                       1822.0504
               1.0745964                       1761.8308
               1.0765222                       1696.8708
                1.078448                       1627.3279
               1.0803738                       1553.2206
               1.0822996                       1474.7325
               1.0842254                       1392.0197
               1.0861512                       1305.1099
                1.088077                       1214.2268
               1.0900028                       1119.6638
               1.0919286                        1021.546
               1.0938544                       920.00879
               1.0957802                       815.30902
                1.097706                       707.72113
               1.0996318                       597.45032
               1.1015576                       484.72647
               1.1034834                       369.89212
               1.1054092                       253.19897
                1.107335                       134.81532
               1.1092608                       15.131991
               1.1111866                      -105.40466
               1.1131124                      -226.60492
               1.1150382                      -348.27957
                1.116964                      -469.99127
               1.1188898                      -591.28973
               1.1208156                      -711.90167
               1.1227414                      -831.57123
               1.1246672                      -949.90735
                1.126593                      -1066.4885
               1.1285188                      -1180.9821
               1.1304446                      -1293.0677
               1.1323704                      -1402.3923
               1.1342962                      -1508.6252
                1.136222                      -1611.4015
               1.1381478                      -1710.3235
               1.1400736                      -1805.0964
               1.1419994                      -1895.4419
               1.1439252                      -1980.9974
                1.145851                       -2061.417
               1.1477768                      -2136.3896
               1.1497026                      -2205.6934
               1.1516284                      -2269.1797
               1.1535542                      -2326.4788
                 1.15548                      -2377.1526
               1.1574058                      -2421.1294
               1.1593316                      -2458.4111
               1.1612574                       -2488.699
               1.1631832                      -2511.6926
                1.165109                       -2527.311
               1.1670348                      -2535.4978
               1.1689606                      -2536.1589
               1.1708864                      -2529.2561
               1.1728122                      -2514.7368
                1.174738                         -2492.5
               1.1766638                       -2462.554
               1.1785896                      -2425.0503
               1.1805154                      -2380.1143
               1.1824412                      -2327.7097
                1.184367                      -2267.8171
               1.1862928                      -2200.7271
               1.1882186                      -2126.7949
               1.1901444                      -2046.0641
               1.1920702                      -1958.6194
                1.193996                       -1864.844
               1.1959218                      -1765.0513
               1.1978476                      -1659.4543
               1.1997734                      -1548.3748
               1.2016992                      -1432.1758
                1.203625                      -1311.2454
               1.2055508                      -1185.9644
               1.2074766                      -1056.6572
               1.2094024                      -923.72668
               1.2113282                       -787.6189
                1.213254                       -648.7655
               1.2151798                      -507.71301
               1.2171056                      -364.91803
               1.2190314                      -220.62738
               1.2209572                      -75.341568
                1.222883                       70.183563
               1.2248088                       215.52263
               1.2267346                       360.45496
               1.2286604                       504.45062
               1.2305862                       646.86896
                1.232512                       787.28253
               1.2344378                       925.30737
               1.2363636                       1060.4827
               1.2382894                       1192.3469
               1.2402152                       1320.4603
                1.242141                       1444.4088
               1.2440668                       1563.7709
               1.2459926                       1678.1542
               1.2479184                       1787.2616
               1.2498442                       1890.7417
                 1.25177                       1988.1848
               1.2536958                       2079.3391
               1.2556216                       2163.9753
               1.2575474                       2241.7356
               1.2594732                       2312.3665
                1.261399                       2375.7534
               1.2633248                        2431.707
               1.2652506                       2480.0249
               1.2671764                       2520.6099
               1.2691022                       2553.3638
                1.271028                       2578.1538
               1.2729538                       2594.9539
               1.2748796                       2603.8406
               1.2768054                       2604.7917
               1.2787312                       2597.7109
                1.280657                       2582.6907
               1.2825828                       2559.9604
               1.2845086                       2529.5923
               1.2864344                       2491.6067
               1.2883602                       2446.2239
                1.290286                       2393.7114
               1.2922118                       2334.2422
               1.2941376                       2267.9966
               1.2960634                       2195.2095
               1.2979892                        2116.198
                1.299915                       2031.3293
               1.3018408                       1940.8871
               1.3037666                       1845.1061
               1.3056924                       1744.2896
               1.3076182                       1638.8342
                1.309544                       1529.1948
               1.3114698                       1415.7667
               1.3133956                       1298.8547
               1.3153214                       1178.7727
               1.3172472                       1055.9022
                1.319173                       930.74176
               1.3210988                       803.79767
               1.3230246                       675.39081
               1.3249504                        545.7915
               1.3268762                       415.41345
                1.328802                       284.75055
               1.3307278                       154.27429
               1.3326536                       24.336695
               1.3345794                      -104.79547
               1.3365052                      -232.74789
                1.338431                      -359.07626
               1.3403568                      -483.42328
               1.3422826                      -605.46411
               1.3442084                        -724.883
               1.3461342                      -841.42004
                 1.34806                      -954.74506
               1.3499858                      -1064.4553
               1.3519116                      -1170.3247
               1.3538374                      -1272.2346
               1.3557632                      -1369.8867
                1.357689                      -1462.9589
               1.3596148                       -1551.317
               1.3615406                       -1634.824
               1.3634664                       -1713.275
               1.3653922                      -1786.5164
                1.367318                      -1854.3936
               1.3692438                       -1916.774
               1.3711696                      -1973.6088
               1.3730954                      -2024.8344
               1.3750212                      -2070.3767
                1.376947                      -2110.1887
               1.3788728                      -2144.2129
               1.3807986                      -2172.4629
               1.3827244                       -2194.988
               1.3846502                      -2211.7295
                1.386576                      -2222.6677
               1.3885018                      -2227.9404
               1.3904276                      -2227.6565
               1.3923534                      -2221.8398
               1.3942792                      -2210.5242
                1.396205                      -2193.8091
               1.3981308                      -2171.8318
               1.4000566                      -2144.6892
               1.4019824                      -2112.4924
               1.4039082                      -2075.4382
                1.405834                      -2033.6571
               1.4077598                      -1987.1853
               1.4096856                      -1936.1824
               1.4116114                      -1880.9355
               1.4135372                      -1821.6084
                1.415463                      -1758.2197
               1.4173888                      -1690.9423
               1.4193146                       -1620.109
               1.4212404                      -1545.8717
               1.4231662                        -1468.27
                1.425092                      -1387.5425
               1.4270178                      -1303.9636
               1.4289436                      -1217.6622
               1.4308694                       -1128.804
               1.4327952                      -1037.6172
                1.434721                      -1037.6172
               1.4366468                      -944.26709
               1.4385726                      -848.94287
               1.4404984                      -751.90143
               1.4424242                      -653.33521
                 1.44435                      -553.37427
               1.4462758                      -452.19489
               1.4482016                      -350.04428
               1.4501274                      -247.19745
               1.4520532                      -143.85364
                1.453979                      -40.115482
               1.4559048                       63.843582
               1.4578306                       167.74178
               1.4597564                       271.33096
               1.4616822                       374.42303
                1.463608                       476.85999
               1.4655338                       578.46991
               1.4674596                       678.97198
               1.4693854                       778.08203
               1.4713112                       875.67542
                1.473237                       971.62958
               1.4751628                       1065.6683
               1.4770886                       1157.5208
               1.4790144                       1247.0209
               1.4809402                       1333.9795
                1.482866                       1418.1575
               1.4847918                       1499.3524
               1.4867176                       1577.3893
               1.4886434                       1652.0747
               1.4905692                       1723.1974
                1.492495                       1790.5565
               1.4944208                       1853.9744
               1.4963466                       1913.2695
               1.4982724                       1968.2671
               1.5001982                       2018.8191
                1.502124                       2064.7324
               1.5040498                       2105.7944
               1.5059756                       2141.8894
               1.5079014                       2172.9387
               1.5098272                       2198.8059
                1.511753                       2219.3318
               1.5136788                        2234.365
               1.5156046                       2243.8145
               1.5175304                       2247.6536
               1.5194562                       2245.7939
                1.521382                       2238.1006
               1.5233078                       2224.5642
               1.5252336                       2205.2244
               1.5271594                       2179.9958
               1.5290852                       2148.8003
                1.531011                       2111.7114
               1.5329368                       2068.8047
               1.5348626                       2020.0815
               1.5367884                        1965.606
               1.5387142                       1905.4653
                 1.54064                       1839.6808
               1.5425658                       1768.3608
               1.5444916                       1691.7317
               1.5464174                       1609.9399
               1.5483432                       1523.0897
                1.550269                       1431.3783
               1.5521948                       1335.0017
               1.5541206                        1234.156
               1.5560464                       1129.1255
               1.5579722                       1020.1572
                1.559898                        907.4472
               1.5618238                       791.32013
               1.5637496                       672.13782
               1.5656754                       550.13672
               1.5676012                       425.60391
                1.569527                       298.98233
               1.5714528                       170.63831
               1.5733786                       40.802677
               1.5753044                      -90.159836
               1.5772302                      -221.72621
                1.579156                      -353.50568
               1.5810818                      -485.23016
               1.5830076                      -616.46814
               1.5849334                      -746.70343
               1.5868592                       -875.6109
                1.588785                      -1002.8883
               1.5907108                      -1128.0071
               1.5926366                      -1250.4657
               1.5945624                      -1369.9772
               1.5964882                       -1486.187
                1.598414                      -1598.6112
               1.6003398                      -1706.8918
               1.6022656                      -1810.7166
               1.6041914                      -1909.6475
               1.6061172                      -2003.2986
                1.608043                      -2091.4136
               1.6099688                      -2173.6924
               1.6118946                      -2249.7764
               1.6138204                      -2319.3516
               1.6157462                      -2382.1721
                1.617672                      -2438.0173
               1.6195978                      -2486.6499
               1.6215236                      -2527.8765
               1.6234494                      -2561.5627
               1.6253752                      -2587.4976
                1.627301                        -2605.49
               1.6292268                       -2615.543
               1.6311526                      -2617.6465
               1.6330784                      -2611.6558
               1.6350042                      -2597.5251
                 1.63693                       -2575.335
               1.6388558                      -2545.1343
               1.6407816                      -2506.9849
               1.6427074                      -2460.9912
               1.6446332                      -2407.2571
                1.646559                      -2345.9265
               1.6484848                       -2277.199
               1.6504106                      -2201.2949
               1.6523364                      -2118.4548
               1.6542622                      -2028.9343
                1.656188                      -1933.0089
               1.6581138                      -1830.9984
               1.6600396                      -1723.2372
               1.6619654                      -1610.0565
               1.6638912                      -1491.8263
                1.665817                      -1368.9769
               1.6677428                      -1241.9041
               1.6696686                      -1110.9517
               1.6715944                      -976.59167
               1.6735202                      -839.36841
                1.675446                      -699.64502
               1.6773718                      -557.78729
               1.6792976                       -414.4111
               1.6812234                      -270.06793
               1.6831492                      -125.05854
                1.685075                       20.191051
               1.6870008                       165.05211
               1.6889266                        309.0705
               1.6908524                       451.90289
               1.6927782                       592.99115
                1.694704                       731.76807
               1.6966298                       867.91724
               1.6985556                       1001.1387
               1.7004814                       1130.9369
               1.7024072                       1256.7574
                1.704333                       1378.2188
               1.7062588                       1495.0905
               1.7081846                       1607.0548
               1.7101104                       1713.7163
               1.7120362                       1814.7268
                1.713962                       1909.7493
               1.7158878                        1998.551
               1.7178136                       2081.0093
               1.7197394                        2156.864
               1.7216652                       2225.7998
                1.723591                       2287.6736
               1.7255168                       2342.4172
               1.7274426                       2389.9136
               1.7293684                       2430.0015
               1.7312942                       2462.5552
                 1.73322                        2487.616
               1.7351458                       2505.2539
               1.7370716                       2515.3892
               1.7389974                       2517.9636
               1.7409232                       2513.0713
                1.742849                       2500.8345
               1.7447748                       2481.3728
               1.7467006                       2454.8208
               1.7486264                         2421.27
               1.7505522                       2380.8354
                1.752478                       2333.7493
               1.7544038                       2280.2827
               1.7563296                       2220.6367
               1.7582554                       2154.9717
               1.7601812                       2083.5415
                1.762107                       2006.6984
               1.7640328                       1924.7388
               1.7659586                       1837.8787
               1.7678844                       1746.3887
               1.7698102                       1650.6345
                1.771736                       1550.9929
               1.7736618                       1447.7789
               1.7755876                       1341.2987
               1.7775134                       1231.8927
               1.7794392                       1119.8751
                1.781365                       1005.5875
               1.7832908                       889.46582
               1.7852166                       771.88684
               1.7871424                       653.07733
               1.7890682                       533.30835
                1.790994                       413.04529
               1.7929198                       292.75018
               1.7948456                       172.65581
               1.7967714                       52.943115
               1.7986972                      -66.045364
                1.800623                      -183.92035
               1.8025488                      -300.34006
               1.8044746                      -415.00699
               1.8064004                      -527.70038
               1.8083262                      -638.20343
                1.810252                      -746.23309
               1.8121778                      -851.48615
               1.8141036                      -953.70557
               1.8160294                      -1052.7509
               1.8179552                      -1148.4988
                1.819881                      -1240.6595
               1.8218068                      -1328.9303
               1.8237326                      -1413.2155
               1.8256584                      -1493.4766
               1.8275842                      -1569.5535
                 1.82951                       -1641.225
               1.8314358                       -1708.354
               1.8333616                      -1770.9231
               1.8352874                      -1828.8588
               1.8372132                      -1881.9883
                1.839139                      -1930.2546
               1.8410648                      -1973.6689
               1.8429906                      -1973.6689
               1.8449164                      -2012.1554
               1.8468422                      -2045.6787
                1.848768                      -2074.2222
               1.8506938                      -2097.7024
               1.8526196                      -2116.1514
               1.8545454                      -2129.6663
               1.8564712                       -2138.217
                1.858397                      -2141.7385
               1.8603228                      -2140.2271
               1.8622486                      -2133.7947
               1.8641744                      -2122.6116
               1.8661002                      -2106.6511
                1.868026                      -2085.7935
               1.8699518                      -2060.1663
               1.8718776                      -2030.0088
               1.8738034                      -1995.3435
               1.8757292                      -1956.1041
                1.877655                      -1912.4186
               1.8795808                      -1864.4889
               1.8815066                       -1812.377
               1.8834324                      -1756.1384
               1.8853582                      -1695.8936
                1.887284                      -1631.7334
               1.8892098                      -1563.8066
               1.8911356                      -1492.3107
               1.8930614                      -1417.3197
               1.8949872                      -1338.8813
                1.896913                      -1257.1958
               1.8988388                      -1172.4944
               1.9007646                      -1084.8682
               1.9026904                       -994.4007
               1.9046162                      -901.34924
                1.906542                      -805.97302
               1.9084678                      -708.33813
               1.9103936                      -608.53381
               1.9123194                       -506.8927
               1.9142452                      -403.72552
                1.916171                      -299.06451
               1.9180968                      -193.00777
               1.9200226                      -85.960861
               1.9219484                       21.763367
               1.9238742                       130.05951
                  1.9258                       238.71092
               1.9277258                       347.44186
               1.9296516                       456.04092
               1.9315774                       564.24396
               1.9335032                       671.74951
                1.935429                       778.28339
               1.9373548                       883.60217
               1.9392806                       987.48889
               1.9412064                       1089.6659
               1.9431322                        1189.803
                1.945058                       1287.6392
               1.9469838                       1382.9493
               1.9489096                       1475.4323
               1.9508354                       1564.7917
               1.9527612                       1650.8438
                1.954687                       1733.3097
               1.9566128                       1811.7629
               1.9585386                       1886.0283
               1.9604644                       1956.0723
               1.9623902                       2021.5255
                1.964316                        2081.991
               1.9662418                        2137.374
               1.9681676                       2187.5093
               1.9700934                       2232.1072
               1.9720192                       2271.0361
                1.973945                       2304.1638
               1.9758708                       2331.2271
               1.9777966                       2352.0671
               1.9797224                        2366.625
               1.9816482                        2374.738
                1.983574                       2376.2847
               1.9854998                       2371.2947
               1.9874256                       2359.6929
               1.9893514                       2341.3115
               1.9912772                       2316.1519
                1.993203                       2284.2837
               1.9951288                       2245.7122
               1.9970546                       2200.4839
               1.9989804                       2148.6584
               2.0009062                       2090.2585
                2.002832                       2025.4059
               2.0047578                       1954.3206
               2.0066836                       1877.1271
               2.0086094                       1793.8851
               2.0105352                        1704.802
                2.012461                       1610.1819
               2.0143868                       1510.2662
               2.0163126                       1405.2949
               2.0182384                       1295.5247
               2.0201642                       1181.1898
                 2.02209                       1062.6191
               2.0240158                       940.23779
               2.0259416                       814.38483
               2.0278674                       685.33386
               2.0297932                       553.47614
                2.031719                       419.27402
               2.0336448                       283.08041
               2.0355706                       145.26088
               2.0374964                       6.3530102
               2.0394222                      -133.18225
                2.041348                      -273.06183
               2.0432738                       -412.8573
               2.0451996                      -551.98322
               2.0471254                      -689.99084
               2.0490512                      -826.52429
                2.050977                      -961.13312
               2.0529028                      -1093.3079
               2.0548286                      -1222.5985
               2.0567544                      -1348.6436
               2.0586802                      -1471.0299
                2.060606                      -1589.2386
               2.0625318                      -1702.8943
               2.0644576                      -1811.7583
               2.0663834                      -1915.3728
               2.0683092                      -2013.2021
                2.070235                      -2105.0229
               2.0721608                      -2190.6748
               2.0740866                      -2269.7458
               2.0760124                      -2341.8601
               2.0779382                      -2406.8518
                2.079864                      -2464.5271
               2.0817898                      -2514.6265
               2.0837156                        -2556.96
               2.0856414                       -2591.386
               2.0875672                      -2617.7915
                2.089493                      -2636.0967
               2.0914188                      -2646.2126
               2.0933446                      -2648.0984
               2.0952704                      -2641.7578
               2.0971962                       -2627.175
                2.099122                      -2604.4163
               2.1010478                       -2573.614
               2.1029736                      -2534.8323
               2.1048994                      -2488.1631
               2.1068252                      -2433.8069
                2.108751                      -2371.9727
               2.1106768                      -2302.8538
               2.1126026                      -2226.6658
               2.1145284                      -2143.6833
               2.1164542                      -2054.2466
                 2.11838                      -1958.6573
               2.1203058                      -1857.1687
               2.1222316                      -1750.1241
               2.1241574                      -1637.9669
               2.1260832                      -1521.1123
                2.128009                      -1399.8977
               2.1299348                      -1274.6821
               2.1318606                      -1145.9275
               2.1337864                      -1014.1277
               2.1357122                      -879.70618
                2.137638                      -743.04858
               2.1395638                       -604.5946
               2.1414896                      -464.83749
               2.1434154                      -324.25903
               2.1453412                      -183.30463
                2.147267                      -42.413757
               2.1491928                       97.952133
               2.1511186                       237.37068
               2.1530444                        375.4725
               2.1549702                       511.78906
                2.156896                       645.79285
               2.1588218                       777.12238
               2.1607476                       905.48206
               2.1626734                       1030.4812
               2.1645992                       1151.7351
                2.166525                       1268.8591
               2.1684508                       1381.4713
               2.1703766                       1489.3303
               2.1723024                       1592.2167
               2.1742282                       1689.8132
                2.176154                       1781.8358
               2.1780798                       1868.0393
               2.1800056                       1948.2056
               2.1819314                       2022.2256
               2.1838572                       2089.9722
                2.185783                       2151.2046
               2.1877088                       2205.7632
               2.1896346                       2253.6401
               2.1915604                       2294.7993
               2.1934862                        2329.127
                2.195412                       2356.5464
               2.1973378                       2377.0908
               2.1992636                       2390.8438
               2.2011894                       2397.8057
               2.2031152                       2397.9351
                2.205041                       2391.3606
               2.2069668                       2378.2844
               2.2088926                       2358.7395
               2.2108184                       2332.7771
               2.2127442                       2300.6145
                 2.21467                       2262.4197
               2.2165958                       2218.3542
               2.2185216                        2168.686
               2.2204474                       2113.5693
               2.2223732                       2053.0957
                2.224299                       1987.5524
               2.2262248                       1917.3063
               2.2281506                       1842.5887
               2.2300764                       1763.5491
               2.2320022                       1680.4175
                2.233928                       1593.5507
               2.2358538                       1503.2585
               2.2377796                       1409.7415
               2.2397054                       1313.2585
               2.2416312                       1214.1295
                2.243557                       1112.6375
               2.2454828                       1009.0865
               2.2474086                       903.79297
               2.2493344                       796.98352
               2.2512602                       688.87317
                2.253186                       688.87317
               2.2551118                       579.80292
               2.2570376                       470.10455
               2.2589634                       359.97287
               2.2608892                       249.66095
                2.262815                       139.50897
               2.2647408                       29.750032
               2.2666666                      -79.405716
               2.2685924                      -187.71506
               2.2705182                      -294.99228
                2.272444                      -400.96399
               2.2743698                      -505.29459
               2.2762956                      -607.84869
               2.2782214                       -708.5321
               2.2801472                      -807.04114
                2.282073                      -903.10059
               2.2839988                      -996.65253
               2.2859246                      -1087.5804
               2.2878504                      -1175.5935
               2.2897762                      -1260.4963
                2.291702                      -1342.2131
               2.2936278                       -1420.618
               2.2955536                      -1495.5691
               2.2974794                      -1566.9053
               2.2994052                      -1634.4419
                2.301331                      -1698.0986
               2.3032568                      -1757.8218
               2.3051826                       -1813.491
               2.3071084                      -1864.9921
               2.3090342                      -1912.2007
                 2.31096                       -1955.004
               2.3128858                      -1993.3761
               2.3148116                      -2027.2825
               2.3167374                      -2056.6218
               2.3186632                      -2081.3079
                2.320589                      -2101.2886
               2.3225148                      -2116.4949
               2.3244406                      -2126.8625
               2.3263664                      -2132.4348
               2.3282922                      -2133.2463
                2.330218                      -2129.1436
               2.3321438                      -2120.0286
               2.3340696                      -2106.0432
               2.3359954                      -2087.2297
               2.3379212                      -2063.4475
                2.339847                      -2034.7217
               2.3417728                       -2001.197
               2.3436986                       -1962.843
               2.3456244                      -1919.6034
               2.3475502                      -1871.6127
                2.349476                      -1819.0098
               2.3514018                      -1761.7969
               2.3533276                      -1699.9771
               2.3552534                      -1633.6552
               2.3571792                       -1563.014
                2.359105                      -1488.1896
               2.3610308                      -1409.2333
               2.3629566                      -1326.2803
               2.3648824                      -1239.5062
               2.3668082                      -1148.9978
                2.368734                      -1054.9672
               2.3706598                      -957.74835
               2.3725856                      -857.44623
               2.3745114                      -754.07318
               2.3764372                      -647.93085
                2.378363                      -539.44171
               2.3802888                      -428.82947
               2.3822146                      -316.21271
               2.3841404                      -201.82098
               2.3860662                      -85.983719
                2.387992                       30.978958
               2.3899178                       148.75865
               2.3918436                       267.03168
               2.3937694                       385.53223
               2.3956952                       504.02988
                2.397621                       622.15112
               2.3995468                       739.46301
               2.4014726                       855.69885
               2.4033984                       970.58173
               2.4053242                       1083.6852
                 2.40725                       1194.6865
               2.4091758                       1303.3499
               2.4111016                       1409.2828
               2.4130274                       1512.0439
               2.4149532                       1611.3303
                2.416879                       1706.9144
               2.4188048                       1798.4927
               2.4207306                       1885.6738
               2.4226564                       1968.1428
               2.4245822                        2045.651
                2.426508                       2117.8674
               2.4284338                       2184.5208
               2.4303596                       2245.4636
               2.4322854                       2300.4185
               2.4342112                       2349.0337
                2.436137                       2391.1375
               2.4380628                       2426.6335
               2.4399886                        2455.343
               2.4419144                       2477.0745
               2.4438402                       2491.6743
                2.445766                        2499.033
               2.4476918                       2499.0957
               2.4496176                       2491.8171
               2.4515434                       2477.1201
               2.4534692                       2454.9399
                2.455395                       2425.3223
               2.4573208                       2388.3833
               2.4592466                       2344.1392
               2.4611724                       2292.5845
               2.4630982                        2233.877
                2.465024                       2168.1863
               2.4669498                       2095.6147
               2.4688756                       2016.3647
               2.4708014                       1930.6953
               2.4727272                       1838.8053
                2.474653                       1740.8948
               2.4765788                       1637.2153
               2.4785046                       1528.1146
               2.4804304                       1414.0016
               2.4823562                        1295.184
                2.484282                       1171.8809
               2.4862078                       1044.4281
               2.4881336                       913.36615
               2.4900594                        779.2193
               2.4919852                       642.25873
                2.493911                       502.75531
               2.4958368                       361.28769
               2.4977626                       218.42569
               2.4996884                        74.50531
               2.5016142                       -70.02021
                 2.50354                       -214.5746
               2.5054658                      -358.78848
               2.5073916                      -502.28378
               2.5093174                      -644.43158
               2.5112432                       -784.6933
                2.513169                      -922.76215
               2.5150948                      -1058.2271
               2.5170206                      -1190.5172
               2.5189464                      -1319.1835
               2.5208722                      -1443.8972
                2.522798                      -1564.1997
               2.5247238                      -1679.5947
               2.5266496                      -1789.8136
               2.5285754                      -1894.5986
               2.5305012                       -1993.453
                2.532427                      -2085.9482
               2.5343528                      -2171.9307
               2.5362786                      -2251.2144
               2.5382044                      -2323.4336
               2.5401302                      -2388.2866
                2.542056                       -2445.655
               2.5439818                      -2495.4128
               2.5459076                      -2537.3354
               2.5478334                      -2571.2856
               2.5497592                      -2597.2449
                2.551685                       -2615.134
               2.5536108                      -2624.8608
               2.5555366                      -2626.4729
               2.5574624                      -2620.0278
               2.5593882                      -2605.4834
                2.561314                      -2582.9167
               2.5632398                      -2552.5615
               2.5651656                      -2514.4885
               2.5670914                      -2468.7202
               2.5690172                      -2415.5737
                2.570943                      -2355.3809
               2.5728688                      -2288.2507
               2.5747946                      -2214.3511
               2.5767204                      -2133.9836
               2.5786462                      -2047.5195
                2.580572                      -1955.3599
               2.5824978                      -1857.7422
               2.5844236                      -1754.8784
               2.5863494                      -1647.2421
               2.5882752                      -1535.3218
                2.590201                      -1419.4232
               2.5921268                      -1299.8878
               2.5940526                      -1177.1418
               2.5959784                      -1051.5837
               2.5979042                      -923.63202
                 2.59983                      -793.76477
               2.6017558                      -662.41589
               2.6036816                      -529.91687
               2.6056074                      -396.63641
               2.6075332                      -263.06287
                2.609459                      -129.67841
               2.6113848                       3.1451066
               2.6133106                        135.0979
               2.6152364                         265.797
               2.6171622                       394.77185
                2.619088                        521.6474
               2.6210138                       646.14142
               2.6229396                       767.91241
               2.6248654                        886.6261
               2.6267912                       1001.9645
                2.628717                       1113.5548
               2.6306428                       1221.1368
               2.6325686                       1324.5652
               2.6344944                       1423.5577
               2.6364202                       1517.7657
                2.638346                       1607.0127
               2.6402718                       1691.2095
               2.6421976                       1770.1438
               2.6441234                       1843.5575
               2.6460492                        1911.354
                2.647975                       1973.5178
               2.6499008                        2029.912
               2.6518266                       2080.3582
               2.6537524                       2124.8198
               2.6556782                       2163.3262
                2.657604                       2195.8169
               2.6595298                       2222.2334
               2.6614556                       2222.2334
               2.6633814                       2242.6418
               2.6653072                       2257.0813
                2.667233                       2265.5029
               2.6691588                       2267.9473
               2.6710846                       2264.5454
               2.6730104                       2255.4158
               2.6749362                       2240.6326
                2.676862                       2220.1953
               2.6787878                       2194.2168
               2.6807136                       2163.0049
               2.6826394                       2126.6824
               2.6845652                        2085.187
                2.686491                       2038.7264
               2.6884168                       1987.6494
               2.6903426                       1932.0743
               2.6922684                        1872.077
               2.6941942                       1807.8635
                 2.69612                       1739.6316
               2.6980458                         1667.59
               2.6999716                       1591.9908
               2.7018974                       1513.0232
               2.7038232                       1430.8579
                2.705749                       1345.7141
               2.7076748                       1257.7847
               2.7096006                       1167.2854
               2.7115264                        1074.496
               2.7134522                       979.61279
                2.715378                       882.77722
               2.7173038                       784.23889
               2.7192296                       684.27893
               2.7211554                       583.09827
               2.7230812                       480.87344
                2.725007                       377.81274
               2.7269328                       274.15408
               2.7288586                       170.11757
               2.7307844                       65.883484
               2.7327102                      -38.351635
                2.734636                       -142.3367
               2.7365618                      -245.79977
               2.7384876                      -348.57471
               2.7404134                      -450.61362
               2.7423392                        -551.698
                2.744265                      -651.41229
               2.7461908                      -749.55945
               2.7481166                      -846.15369
               2.7500424                      -940.99316
               2.7519682                       -1033.724
                2.753894                      -1124.1901
               2.7558198                      -1212.3164
               2.7577456                      -1297.8657
               2.7596714                      -1380.5898
               2.7615972                      -1460.3715
                2.763523                      -1537.0591
               2.7654488                      -1610.4117
               2.7673746                      -1680.2618
               2.7693004                      -1746.5138
               2.7712262                      -1808.9916
                2.773152                      -1867.4728
               2.7750778                      -1921.8241
               2.7770036                      -1971.9144
               2.7789294                      -2017.5452
               2.7808552                      -2058.6199
                2.782781                      -2095.0969
               2.7847068                      -2126.7651
               2.7866326                      -2153.3882
               2.7885584                      -2174.9336
               2.7904842                      -2191.4067
                 2.79241                      -2202.6643
               2.7943358                      -2208.5503
               2.7962616                      -2209.0208
               2.7981874                      -2204.0078
               2.8001132                      -2193.4128
                2.802039                      -2177.2661
               2.8039648                      -2155.6177
               2.8058906                      -2128.3398
               2.8078164                      -2095.3191
               2.8097422                      -2056.6787
                2.811668                      -2012.5442
               2.8135938                      -1962.8492
               2.8155196                      -1907.6135
               2.8174454                      -1847.0149
               2.8193712                      -1781.0991
                2.821297                      -1709.8726
               2.8232228                      -1633.5272
               2.8251486                      -1552.2793
               2.8270744                      -1466.2623
               2.8290002                      -1375.5881
                2.830926                      -1280.3839
               2.8328518                      -1180.9189
               2.8347776                      -1077.5353
               2.8367034                      -970.40295
               2.8386292                      -859.65527
                2.840555                      -745.62378
               2.8424808                      -628.69403
               2.8444066                      -509.12415
               2.8463324                      -387.12497
               2.8482582                      -263.04022
                2.850184                      -137.32263
               2.8521098                      -10.308493
               2.8540356                       117.74631
               2.8559614                       246.44118
               2.8578872                       375.34125
                2.859813                       504.11642
               2.8617388                       632.37836
               2.8636646                       759.68701
               2.8655904                       885.70966
               2.8675162                       1010.0814
                2.869442                       1132.3037
               2.8713678                       1251.9789
               2.8732936                       1368.8384
               2.8752194                       1482.4822
               2.8771452                       1592.4238
                2.879071                       1698.3047
               2.8809968                       1799.8318
               2.8829226                       1896.6594
               2.8848484                       1988.4073
               2.8867742                       2074.7251
                  2.8887                        2155.324
               2.8906258                       2229.9082
               2.8925516                       2298.1946
               2.8944774                       2359.9736
               2.8964032                       2414.9661
                2.898329                       2462.8521
               2.9002548                        2503.501
               2.9021806                       2536.8574
               2.9041064                       2562.7131
               2.9060322                       2580.8208
                2.907958                        2591.084
               2.9098838                       2593.5261
               2.9118096                       2588.1211
               2.9137354                       2574.7888
               2.9156612                       2553.5225
                2.917587                       2524.3525
               2.9195128                       2487.3137
               2.9214386                       2442.5208
               2.9233644                       2390.1125
               2.9252902                       2330.2061
                2.927216                       2262.9712
               2.9291418                       2188.5996
               2.9310676                        2107.252
               2.9329934                       2019.1566
               2.9349192                       1924.6871
                2.936845                       1824.1953
               2.9387708                       1717.8669
               2.9406966                       1605.9344
               2.9426224                       1488.8679
               2.9445482                        1367.146
                2.946474                        1241.085
               2.9483998                       1111.0104
               2.9503256                       977.36157
               2.9522514                       840.60327
               2.9541772                       701.18713
                2.956103                       559.58624
               2.9580288                       416.27695
               2.9599546                       271.67438
               2.9618804                       126.19975
               2.9638062                      -19.597225
                2.965732                      -165.15242
               2.9676578                      -310.05298
               2.9695836                      -453.92108
               2.9715094                      -596.25568
               2.9734352                      -736.50934
                2.975361                       -874.2135
               2.9772868                      -1008.9736
               2.9792126                      -1140.4098
               2.9811384                      -1268.1025
               2.9830642                       -1391.573
                 2.98499                      -1510.3915
               2.9869158                      -1624.2559
               2.9888416                      -1732.8521
               2.9907674                      -1835.7946
               2.9926932                       -1932.766
                2.994619                      -2023.5092
               2.9965448                      -2107.7283
               2.9984706                      -2185.1682

