        Time / ns                e-field (t=0..end(0.00192)) (pb)_Z_0D_91/real
----------------------------------------------------------------------
                       0                               0
               0.0019258                               0
               0.0038516                               0
               0.0057774                               0
               0.0077032                               0
                0.009629                               0
               0.0115548                               0
               0.0134806                               0
               0.0154064                               0
               0.0173322                               0
                0.019258                               0
               0.0211838                               0
               0.0231096                               0
               0.0250354                               0
               0.0269612                               0
                0.028887                               0
               0.0308128                               0
               0.0327386                               0
               0.0346644                               0
               0.0365902                               0
                0.038516                               0
               0.0404418                               0
               0.0423676                               0
               0.0442934                               0
               0.0462192                               0
                0.048145                               0
               0.0500708                               0
               0.0519966                               0
               0.0539224                               0
               0.0558482                               0
                0.057774                               0
               0.0596998                               0
               0.0616256                               0
               0.0635514                               0
               0.0654772                               0
                0.067403                               0
               0.0693288                               0
               0.0712546                               0
               0.0731804                               0
               0.0751062                               0
                0.077032                               0
               0.0789578                               0
               0.0808836                               0
               0.0828094                               0
               0.0847352                               0
                0.086661                               0
               0.0885868                               0
               0.0905126                               0
               0.0924384                               0
               0.0943642                               0
                 0.09629                               0
               0.0982158                               0
               0.1001416                               0
               0.1020674                               0
               0.1039932                               0
                0.105919                               0
               0.1078448                               0
               0.1097706                               0
               0.1116964                               0
               0.1136222                               0
                0.115548                               0
               0.1174738                               0
               0.1193996                               0
               0.1213254                               0
               0.1232512                               0
                0.125177                               0
               0.1271028                               0
               0.1290286                               0
               0.1309544                               0
               0.1328802                               0
                0.134806                               0
               0.1367318                               0
               0.1386576                               0
               0.1405834                               0
               0.1425092                               0
                0.144435                               0
               0.1463608                               0
               0.1482866                               0
               0.1502124                               0
               0.1521382                               0
                0.154064                               0
               0.1559898                               0
               0.1579156                               0
               0.1598414                               0
               0.1617672                               0
                0.163693                               0
               0.1656188                               0
               0.1675446                               0
               0.1694704                               0
               0.1713962                               0
                0.173322                               0
               0.1752478                               0
               0.1771736                               0
               0.1790994                               0
               0.1810252                               0
                0.182951                               0
               0.1848768                               0
               0.1868026                               0
               0.1887284                               0
               0.1906542                               0
                 0.19258                               0
               0.1945058                               0
               0.1964316                               0
               0.1983574                               0
               0.2002832                               0
                0.202209                               0
               0.2041348                               0
               0.2060606                               0
               0.2079864                               0
               0.2099122                               0
                0.211838                  -3.0476818e-35
               0.2137638                  -1.5472322e-34
               0.2156896                  -1.2179762e-33
               0.2176154                  -1.1663294e-33
               0.2195412                  -1.3786368e-33
                0.221467                   -3.083728e-33
               0.2233928                  -3.6542391e-33
               0.2253186                  -1.1982148e-32
               0.2272444                  -2.8093354e-32
               0.2291702                  -1.6387098e-31
                0.231096                  -9.5755215e-31
               0.2330218                  -5.3702849e-30
               0.2349476                  -2.8587806e-29
               0.2368734                  -1.4454075e-28
               0.2387992                  -6.9591803e-28
                0.240725                  -3.1982777e-27
               0.2426508                  -1.4058796e-26
               0.2445766                  -5.9234012e-26
               0.2465024                  -2.3961113e-25
               0.2484282                  -9.3211489e-25
                0.250354                  -3.4905679e-24
               0.2522798                  -1.2604502e-23
               0.2542056                  -4.3929335e-23
               0.2561314                  -1.4793297e-22
               0.2580572                  -4.8177818e-22
                0.259983                  -1.5188686e-21
               0.2619088                  -4.6386819e-21
               0.2638346                    -1.37324e-20
               0.2657604                   -3.944086e-20
               0.2676862                  -1.0994205e-19
                0.269612                  -2.9763799e-19
               0.2715378                  -7.8283293e-19
               0.2734636                   -2.001542e-18
               0.2753894                  -4.9762019e-18
               0.2773152                  -1.2034482e-17
                0.279241                  -2.8319878e-17
               0.2811668                  -6.4860238e-17
               0.2830926                  -1.4460787e-16
               0.2850184                  -3.1389156e-16
               0.2869442                  -6.6347318e-16
                 0.28887                  -1.3655954e-15
               0.2907958                  -2.7370925e-15
               0.2927216                  -5.3420877e-15
               0.2946474                  -1.0152198e-14
               0.2965732                  -1.8782353e-14
                0.298499                  -3.3823144e-14
               0.3004248                  -5.9268264e-14
               0.3023506                  -1.0102008e-13
               0.3042764                   -1.674022e-13
               0.3062022                  -2.6952876e-13
                0.308128                  -4.2139182e-13
               0.3100538                  -6.3917708e-13
               0.3119796                  -9.3965981e-13
               0.3139054                  -1.3371123e-12
               0.3158312                   -1.839038e-12
                0.317757                  -2.4403474e-12
               0.3196828                  -3.1181355e-12
               0.3216086                  -3.8264335e-12
               0.3235344                  -4.4976267e-12
               0.3254602                  -5.0489916e-12
                0.327386                  -5.4031801e-12
               0.3293118                  -5.5152658e-12
               0.3312376                  -5.4136253e-12
               0.3331634                  -5.2485355e-12
               0.3350892                  -5.3285163e-12
                0.337015                  -6.1365479e-12
               0.3389408                  -8.3115407e-12
               0.3408666                  -1.2584605e-11
               0.3427924                   -1.966842e-11
               0.3447182                  -3.0130579e-11
                0.346644                  -4.4227174e-11
               0.3485698                  -6.1861703e-11
               0.3504956                  -8.2636488e-11
               0.3524214                  -1.0594738e-10
               0.3543472                  -1.3136753e-10
                0.356273                  -1.5896087e-10
               0.3581988                  -1.8974448e-10
               0.3601246                  -2.2594407e-10
               0.3620504                   -2.708869e-10
               0.3639762                  -3.2896982e-10
                0.365902                  -4.0516129e-10
               0.3678278                  -5.0468485e-10
               0.3697536                  -6.3231287e-10
               0.3716794                  -7.9316431e-10
               0.3736052                   -9.922233e-10
                0.375531                  -1.2359112e-09
               0.3774568                  -1.5338131e-09
               0.3793826                  -1.8969297e-09
               0.3813084                   -2.342446e-09
               0.3832342                  -2.8891949e-09
                 0.38516                  -3.5622396e-09
               0.3870858                  -4.3869957e-09
               0.3890116                  -5.3992877e-09
               0.3909374                  -6.6376717e-09
               0.3928632                  -8.1469036e-09
                0.394789                  -9.9864401e-09
               0.3967148                  -1.2226719e-08
               0.3986406                  -1.4957802e-08
               0.4005664                  -1.8279941e-08
               0.4024922                  -2.2324322e-08
                0.404418                   -2.723613e-08
               0.4063438                  -3.3184627e-08
               0.4082696                  -4.0382179e-08
               0.4101954                  -4.9091494e-08
               0.4121212                  -5.9599795e-08
                0.414047                  -7.2286738e-08
               0.4159728                  -8.7579366e-08
               0.4178986                  -1.0599106e-07
               0.4198244                   -1.281343e-07
               0.4217502                  -1.5477494e-07
                0.423676                  -1.8670124e-07
               0.4256018                  -2.2496667e-07
               0.4275276                  -2.7085414e-07
               0.4294534                  -3.2561695e-07
               0.4313792                  -3.9115474e-07
                0.433305                  -4.6931342e-07
               0.4352308                  -5.6254765e-07
               0.4371566                  -6.7320184e-07
               0.4390824                  -8.0476434e-07
               0.4410082                  -9.6144311e-07
                0.442934                  -1.1470785e-06
               0.4448598                   -1.366488e-06
               0.4467856                  -1.6265383e-06
               0.4487114                  -1.9344445e-06
               0.4506372                  -2.2968031e-06
                0.452563                  -2.7245724e-06
               0.4544888                      -3.228e-06
               0.4564146                  -3.8199978e-06
               0.4583404                  -4.5155716e-06
               0.4602662                  -5.3315416e-06
                0.462192                  -6.2873619e-06
               0.4641178                  -7.4057925e-06
               0.4660436                  -8.7160643e-06
               0.4679694                  -1.0242555e-05
               0.4698952                  -1.2016599e-05
                0.471821                  -1.4087394e-05
               0.4737468                  -1.6496891e-05
               0.4756726                  -1.9288105e-05
               0.4775984                  -2.2529641e-05
               0.4795242                   -2.628471e-05
                 0.48145                  -3.0621137e-05
               0.4833758                   -3.563652e-05
               0.4853016                  -4.1407897e-05
               0.4872274                  -4.8058551e-05
               0.4891532                  -5.5715696e-05
                0.491079                  -6.4519867e-05
               0.4930048                  -7.4596115e-05
               0.4949306                  -8.6138869e-05
               0.4968564                  -9.9313562e-05
               0.4987822                  -0.00011434326
                0.500708                  -0.00013155019
               0.5026338                  -0.00015113267
               0.5045596                  -0.00017336283
               0.5064854                  -0.00019855343
               0.5084112                  -0.00022707299
                0.510337                  -0.00025936688
               0.5122628                  -0.00029599635
               0.5141886                  -0.00033707276
               0.5161144                   -0.0003830666
               0.5180402                  -0.00043504409
                0.519966                   -0.0004935133
               0.5218918                  -0.00055870623
               0.5238176                  -0.00063170178
               0.5257434                  -0.00071294524
               0.5276692                  -0.00080282538
                0.529595                  -0.00090264075
               0.5315208                   -0.0010139217
               0.5334466                   -0.0011373454
               0.5353724                   -0.0012725608
               0.5372982                   -0.0014221773
                0.539224                   -0.0015851534
               0.5411498                   -0.0017638851
               0.5430756                   -0.0019582973
               0.5450014                    -0.002173709
               0.5469272                    -0.002404901
                0.548853                    -0.002652677
               0.5507788                   -0.0029227817
               0.5527046                   -0.0032164701
               0.5546304                   -0.0035250105
               0.5565562                   -0.0038538228
                0.558482                   -0.0042034592
               0.5604078                   -0.0045758756
               0.5623336                   -0.0049607358
               0.5642594                   -0.0053664702
               0.5661852                   -0.0057878597
                0.568111                   -0.0062097511
               0.5700368                   -0.0066611469
               0.5719626                   -0.0070948796
               0.5738884                   -0.0075360397
               0.5758142                   -0.0079422751
                 0.57774                   -0.0083555365
               0.5796658                   -0.0087236371
               0.5815916                   -0.0090536047
               0.5835174                   -0.0093133226
               0.5854432                    -0.009495968
                0.587369                   -0.0096099712
               0.5892948                   -0.0096260281
               0.5912206                   -0.0094253188
               0.5931464                   -0.0090495907
               0.5950722                   -0.0084932232
                0.596998                   -0.0077546122
               0.5989238                   -0.0066523156
               0.6008496                   -0.0052023907
               0.6027754                   -0.0033317779
               0.6047012                  -0.00090399606
                0.606627                    0.0018352872
               0.6085528                    0.0052698283
               0.6104786                    0.0094285291
               0.6124044                     0.014402912
               0.6143302                     0.014402912
                0.616256                     0.020298954
               0.6181818                     0.027113443
               0.6201076                     0.034997314
               0.6220334                     0.043992311
               0.6239592                     0.054612249
                0.625885                     0.067245707
               0.6278108                     0.081105903
               0.6297366                     0.096758038
               0.6316624                      0.11508843
               0.6335882                      0.13544841
                0.635514                      0.15813982
               0.6374398                       0.1841903
               0.6393656                      0.21282272
               0.6412914                      0.24525736
               0.6432172                      0.28149426
                0.645143                      0.32130218
               0.6470688                      0.36447561
               0.6489946                      0.41301838
               0.6509204                      0.46782973
               0.6528462                      0.52756089
                0.654772                      0.59219897
               0.6566978                      0.66290009
               0.6586236                      0.74028087
               0.6605494                      0.82801497
               0.6624752                      0.91839522
                0.664401                       1.0185637
               0.6663268                       1.1295995
               0.6682526                        1.248625
               0.6701784                       1.3725574
               0.6721042                       1.5113393
                 0.67403                       1.6589073
               0.6759558                       1.8164948
               0.6778816                       1.9901646
               0.6798074                       2.1673799
               0.6817332                       2.3660727
                0.683659                       2.5701091
               0.6855848                       2.7903309
               0.6875106                       3.0230896
               0.6894364                       3.2719822
               0.6913622                       3.5350561
                0.693288                       3.8143666
               0.6952138                       4.1133051
               0.6971396                       4.4104967
               0.6990654                       4.7310152
               0.7009912                       5.0710583
                0.702917                        5.438026
               0.7048428                       5.8159895
               0.7067686                        6.186554
               0.7086944                       6.5947299
               0.7106202                        7.017498
                0.712546                       7.4507475
               0.7144718                       7.9162645
               0.7163976                       8.3673954
               0.7183234                       8.8546991
               0.7202492                        9.355979
                0.722175                       9.8607521
               0.7241008                       10.376623
               0.7260266                       10.924557
               0.7279524                       11.479479
               0.7298782                       12.052897
                0.731804                       12.582745
               0.7337298                        13.17014
               0.7356556                       13.786308
               0.7375814                       14.373292
               0.7395072                       14.946711
                0.741433                       15.562879
               0.7433588                       16.178637
               0.7452846                       16.765619
               0.7472104                       17.353428
               0.7491362                       17.976582
                0.751062                       18.592751
               0.7529878                        19.16576
               0.7549136                       19.767542
               0.7568394                       20.326574
               0.7587652                       20.899582
                0.760691                       21.501362
               0.7626168                       22.017645
               0.7645426                       22.532284
               0.7664684                       23.078163
               0.7683942                       23.564848
                 0.77032                       24.008785
               0.7722458                       24.452723
               0.7741716                       24.940233
               0.7760974                       25.313469
               0.7780232                       25.570789
                0.779949                       25.971153
               0.7818748                       26.372341
               0.7838006                       26.631306
               0.7857264                       26.803127
               0.7876522                       26.932198
                0.789578                       27.189516
               0.7915038                       27.289812
               0.7934296                       27.448479
               0.7953554                       27.433681
               0.7972812                       27.390932
                0.799207                        27.36298
               0.8011328                       27.303789
               0.8030586                       27.190338
               0.8049844                       27.047291
               0.8069102                       26.761198
                0.808836                       26.445509
               0.8107618                       26.187366
               0.8126876                       25.901276
               0.8146134                       25.472134
               0.8165392                         24.9279
                0.818465                        24.46752
               0.8203908                       23.980833
               0.8223166                       23.410294
               0.8242424                       22.693417
               0.8261682                       22.032444
                0.828094                       21.374758
               0.8300198                       20.715427
               0.8319456                        19.94265
               0.8338714                       19.025179
               0.8357972                        18.13566
                0.837723                       17.334929
               0.8396488                       16.475006
               0.8415746                       15.472036
               0.8435004                       14.437828
               0.8454262                       13.551597
                0.847352                       12.548628
               0.8492778                       11.432208
               0.8512036                       10.399642
               0.8531294                       9.3670769
               0.8550552                       8.2210608
                0.856981                       7.2493315
               0.8589068                       6.1592193
               0.8608326                        5.011559
               0.8627584                        3.895139
               0.8646842                        2.920121
                 0.86661                       1.8891997
               0.8685358                      0.68563664
               0.8704616                     -0.43407187
               0.8723874                      -1.3794941
               0.8743132                      -2.2361286
                0.876239                      -3.3402166
               0.8781648                      -4.3440084
               0.8800906                      -5.3034067
               0.8820164                      -6.2348528
               0.8839422                      -7.1079288
                0.885868                      -7.9111271
               0.8877938                      -8.7422762
               0.8897196                      -9.5726032
               0.8916454                      -10.302633
               0.8935712                       -10.97676
                0.895497                      -11.621291
               0.8974228                      -12.338168
               0.8993486                      -12.896379
               0.9012744                      -13.324696
               0.9032002                      -13.783431
                0.905126                      -14.229012
               0.9070518                      -14.643353
               0.9089776                       -15.04454
               0.9109034                      -15.331457
               0.9128292                      -15.473681
                0.914755                      -15.603574
               0.9166808                      -15.818143
               0.9186066                      -15.874045
               0.9205324                      -15.866236
               0.9224582                      -15.960779
                0.924384                      -15.918852
               0.9263098                      -15.731822
               0.9282356                      -15.601108
               0.9301614                      -15.486012
               0.9320872                      -15.259111
                0.934013                       -14.91506
               0.9359388                      -14.584163
               0.9378646                      -14.304235
               0.9397904                      -13.981969
               0.9417162                      -13.595581
                0.943642                      -13.145065
               0.9455678                      -12.686331
               0.9474936                      -12.237665
               0.9494194                      -11.710695
               0.9513452                      -11.113436
                0.953271                      -10.562624
               0.9551968                      -10.020857
               0.9571226                       -9.431818
               0.9590484                      -8.8497658
               0.9609742                      -8.2206488
                  0.9629                      -7.5417957
               0.9648258                      -6.9192557
               0.9667516                      -6.3513856
               0.9686774                      -5.6712985
               0.9706032                      -4.8933811
                0.972529                       -4.237237
               0.9744548                      -3.6614547
               0.9763806                       -2.985889
               0.9783064                      -2.2895653
               0.9802322                      -1.6161578
                0.982158                     -0.89671183
               0.9840838                     -0.20408772
               0.9860096                      0.35602343
               0.9879354                       0.9525643
               0.9898612                       1.6767882
                0.991787                       2.3920207
               0.9937128                       3.0183113
               0.9956386                       3.5896749
               0.9975644                       4.1439285
               0.9994902                       4.7703733
                1.001416                       5.4648728
               1.0033418                       6.0517802
               1.0052676                       6.4894743
               1.0071934                       6.9780369
               1.0091192                       7.5999336
                1.011045                       8.1990442
               1.0129708                       8.6606827
               1.0148966                       9.0492039
               1.0168224                       9.4744129
               1.0187482                       9.9672012
                1.020674                       10.453914
               1.0225998                       10.889835
               1.0245256                       10.889835
               1.0264514                       11.280375
               1.0283772                       11.576153
                1.030303                       11.807447
               1.0322288                        12.13069
               1.0341546                       12.522667
               1.0360804                        12.80364
               1.0380062                       12.972668
                1.039932                       13.133961
               1.0418578                       13.304696
               1.0437836                        13.50215
               1.0457094                       13.703215
               1.0476352                       13.775984
                1.049561                       13.733806
               1.0514868                       13.760959
               1.0534126                        13.85984
               1.0553384                       13.875821
               1.0572642                       13.774891
                 1.05919                       13.615156
               1.0611158                       13.457035
               1.0630416                       13.346285
               1.0649674                        13.21808
               1.0668932                       12.982494
                1.068819                       12.685542
               1.0707448                       12.397081
               1.0726706                       12.105941
               1.0745964                       11.787822
               1.0765222                       11.400916
                1.078448                       10.908745
               1.0803738                       10.405137
               1.0822996                       10.010532
               1.0842254                       9.6474562
               1.0861512                        9.135849
                1.088077                       8.4484253
               1.0900028                       7.7344046
               1.0919286                       7.1462946
               1.0938544                       6.6594529
               1.0957802                       6.0817747
                1.097706                        5.303699
               1.0996318                       4.4547062
               1.1015576                       3.7311585
               1.1034834                       3.1254339
               1.1054092                       2.4400225
                1.107335                       1.5925152
               1.1092608                      0.72639388
               1.1111866                    -0.039028805
               1.1131124                      -0.7715885
               1.1150382                      -1.5866935
                1.116964                      -2.4685407
               1.1188898                      -3.3113041
               1.1208156                      -4.0930285
               1.1227414                      -4.8796382
               1.1246672                      -5.6960258
                1.126593                       -6.513104
               1.1285188                      -7.3148127
               1.1304446                        -8.11271
               1.1323704                      -8.9027576
               1.1342962                      -9.6553249
                1.136222                      -10.370715
               1.1381478                      -11.081154
               1.1400736                      -11.791096
               1.1419994                      -12.460636
               1.1439252                      -13.066424
                1.145851                      -13.653564
               1.1477768                      -14.245747
               1.1497026                      -14.791636
               1.1516284                       -15.27647
               1.1535542                      -15.726076
                 1.15548                      -16.143276
               1.1574058                      -16.529129
               1.1593316                      -16.853689
               1.1612574                       -17.08894
               1.1631832                      -17.287184
                1.165109                      -17.483774
               1.1670348                      -17.625702
               1.1689606                      -17.651062
               1.1708864                      -17.581083
               1.1728122                      -17.524498
                1.174738                      -17.510956
               1.1766638                      -17.418053
               1.1785896                      -17.163708
               1.1805154                      -16.795713
               1.1824412                      -16.406448
                1.184367                      -16.062582
               1.1862928                      -15.716212
               1.1882186                      -15.237553
               1.1901444                      -14.614315
               1.1920702                      -13.968807
                1.193996                      -13.361308
               1.1959218                      -12.721805
               1.1978476                      -11.979369
               1.1997734                      -11.166882
               1.2016992                      -10.342373
                1.203625                      -9.4754877
               1.2055508                      -8.5512972
               1.2074766                      -7.6601481
               1.2094024                      -6.8026762
               1.2113282                      -5.8442426
                1.213254                      -4.7802076
               1.2151798                      -3.7394009
               1.2171056                      -2.7426846
               1.2190314                      -1.7278216
               1.2209572                     -0.69297945
                1.222883                      0.35345495
               1.2248088                       1.4240265
               1.2267346                       2.4649374
               1.2286604                       3.4315677
               1.2305862                       4.4182596
                1.232512                       5.4956236
               1.2344378                       6.5541415
               1.2363636                       7.4802861
               1.2382894                       8.3229771
               1.2402152                       9.2105188
                1.242141                       10.169236
               1.2440668                        11.07083
               1.2459926                       11.834949
               1.2479184                       12.551979
               1.2498442                       13.283985
                 1.25177                       13.980392
               1.2536958                       14.631826
               1.2556216                        15.25164
               1.2575474                        15.78546
               1.2594732                        16.22613
                1.261399                       16.651606
               1.2633248                       17.067358
               1.2652506                       17.401228
               1.2671764                       17.636597
               1.2691022                       17.819633
                1.271028                        17.99758
               1.2729538                       18.150581
               1.2748796                       18.172714
               1.2768054                        18.04705
               1.2787312                       17.929777
                1.280657                       17.884464
               1.2825828                       17.758524
               1.2845086                       17.476191
               1.2864344                       17.151361
               1.2883602                       16.814941
                1.290286                       16.385489
               1.2922118                       15.904797
               1.2941376                       15.443469
               1.2960634                       14.923124
               1.2979892                       14.292557
                1.299915                        13.62923
               1.3018408                        12.97909
               1.3037666                       12.313179
               1.3056924                       11.600885
               1.3076182                       10.830675
                1.309544                       10.014507
               1.3114698                       9.1744881
               1.3133956                       8.3182173
               1.3153214                       7.4581823
               1.3172472                       6.6176891
                1.319173                       5.7677865
               1.3210988                       4.8463683
               1.3230246                       3.8902009
               1.3249504                       2.9895542
               1.3268762                       2.1196716
                1.328802                       1.2104697
               1.3307278                      0.28567538
               1.3326536                     -0.60929692
               1.3345794                      -1.4812936
               1.3365052                      -2.3495495
                1.338431                      -3.2225511
               1.3403568                      -4.0792603
               1.3422826                      -4.8794599
               1.3442084                      -5.6444721
               1.3461342                      -6.4191265
                 1.34806                      -7.1716762
               1.3499858                      -7.8942423
               1.3519116                      -8.6302176
               1.3538374                       -9.307683
               1.3557632                      -9.8568611
                1.357689                      -10.393205
               1.3596148                      -10.990316
               1.3615406                      -11.550081
               1.3634664                      -12.019423
               1.3653922                      -12.444237
                1.367318                      -12.843836
               1.3692438                      -13.195401
               1.3711696                      -13.497431
               1.3730954                       -13.79227
               1.3750212                       -14.08408
                1.376947                      -14.293756
               1.3788728                      -14.399122
               1.3807986                      -14.499491
               1.3827244                      -14.638095
               1.3846502                      -14.724873
                1.386576                      -14.706764
               1.3885018                      -14.644011
               1.3904276                      -14.584074
               1.3923534                      -14.497599
               1.3942792                      -14.355822
                1.396205                      -14.198386
               1.3981308                      -14.060961
               1.4000566                      -13.866033
               1.4019824                      -13.544978
               1.4039082                      -13.201898
                1.405834                      -12.942784
               1.4077598                      -12.679329
               1.4096856                      -12.285017
               1.4116114                      -11.815328
               1.4135372                       -11.42063
                1.415463                      -11.084688
               1.4173888                      -10.660047
               1.4193146                      -10.148491
               1.4212404                      -9.6523867
               1.4231662                      -9.1591959
                1.425092                      -8.6377888
               1.4270178                      -8.1259146
               1.4289436                      -7.6093297
               1.4308694                      -7.0316892
               1.4327952                       -6.415895
                1.434721                       -6.415895
               1.4366468                      -5.8461571
               1.4385726                      -5.3334217
               1.4404984                      -4.7803464
               1.4424242                      -4.1400967
                 1.44435                       -3.495018
               1.4462758                      -2.8901258
               1.4482016                      -2.2660017
               1.4501274                      -1.6207579
               1.4520532                      -1.0126941
                1.453979                     -0.40356445
               1.4559048                      0.25989619
               1.4578306                      0.91262782
               1.4597564                       1.5126667
               1.4616822                       2.1328018
                1.463608                       2.8093038
               1.4655338                       3.4641025
               1.4674596                       4.0446601
               1.4693854                       4.6344399
               1.4713112                       5.2929182
                1.473237                        5.929594
               1.4751628                       6.5033484
               1.4770886                       7.0834799
               1.4790144                       7.6697922
               1.4809402                       8.2354336
                1.482866                       8.8002167
               1.4847918                       9.3398457
               1.4867176                       9.8270864
               1.4886434                       10.303164
               1.4905692                       10.806068
                1.492495                       11.308167
               1.4944208                       11.741793
               1.4963466                        12.10405
               1.4982724                       12.475612
               1.5001982                       12.876437
                1.502124                       13.242371
               1.5040498                       13.536575
               1.5059756                       13.772821
               1.5079014                       13.997038
               1.5098272                       14.230696
                1.511753                       14.424719
               1.5136788                       14.563898
               1.5156046                       14.685358
               1.5175304                       14.766107
               1.5194562                       14.779601
                1.521382                       14.758799
               1.5233078                       14.725245
               1.5252336                       14.677968
               1.5271594                       14.585279
               1.5290852                       14.407937
                1.531011                        14.18604
               1.5329368                       13.956728
               1.5348626                       13.690067
               1.5367884                       13.390369
               1.5387142                        13.06103
                 1.54064                       12.660797
               1.5425658                       12.205006
               1.5444916                       11.734697
               1.5464174                       11.240314
               1.5483432                       10.727868
                1.550269                       10.204357
               1.5521948                       9.5911827
               1.5541206                       8.8547068
               1.5560464                       8.1365452
               1.5579722                       7.5200343
                1.559898                       6.8572683
               1.5618238                       6.0399961
               1.5637496                       5.1810842
               1.5656754                       4.3924928
               1.5676012                       3.6106091
                1.569527                       2.7492819
               1.5714528                        1.867509
               1.5733786                       1.0173417
               1.5753044                       0.1177067
               1.5772302                     -0.83792728
                1.579156                      -1.7496237
               1.5810818                      -2.6384947
               1.5830076                      -3.5764394
               1.5849334                      -4.5041823
               1.5868592                       -5.366539
                1.588785                      -6.2493391
               1.5907108                      -7.2076993
               1.5926366                       -8.130928
               1.5945624                      -8.9392147
               1.5964882                       -9.723053
                1.598414                      -10.555207
               1.6003398                      -11.386728
               1.6022656                      -12.178049
               1.6041914                      -12.927349
               1.6061172                      -13.604306
                1.608043                      -14.207449
               1.6099688                       -14.80299
               1.6118946                      -15.416204
               1.6138204                       -15.98623
               1.6157462                      -16.459845
                1.617672                      -16.863255
               1.6195978                      -17.252914
               1.6215236                      -17.596636
               1.6234494                      -17.838745
               1.6253752                       -18.04631
                1.627301                      -18.250193
               1.6292268                      -18.361847
               1.6311526                      -18.388166
               1.6330784                      -18.380196
               1.6350042                      -18.297071
                 1.63693                      -18.135836
               1.6388558                      -17.939278
               1.6407816                      -17.713734
               1.6427074                      -17.435238
               1.6446332                      -17.052168
                1.646559                      -16.587938
               1.6484848                      -16.123493
               1.6504106                       -15.61171
               1.6523364                      -14.989962
               1.6542622                      -14.335188
                1.656188                      -13.692984
               1.6581138                      -12.999146
               1.6600396                      -12.215138
               1.6619654                      -11.372957
               1.6638912                      -10.518725
                1.665817                      -9.6532955
               1.6677428                      -8.7362156
               1.6696686                      -7.7751861
               1.6715944                      -6.8202147
               1.6735202                      -5.8488235
                1.675446                       -4.825264
               1.6773718                      -3.8062689
               1.6792976                      -2.7985642
               1.6812234                      -1.7283921
               1.6831492                     -0.65454972
                1.685075                      0.32152808
               1.6870008                        1.291334
               1.6889266                       2.3637753
               1.6908524                       3.4599493
               1.6927782                       4.4763513
                1.694704                       5.4170742
               1.6966298                       6.3274307
               1.6985556                       7.2572141
               1.7004814                       8.2091904
               1.7024072                       9.0994864
                1.704333                       9.8988848
               1.7062588                       10.698863
               1.7081846                       11.523192
               1.7101104                       12.274775
               1.7120362                       12.934736
                1.713962                       13.577968
               1.7158878                       14.184388
               1.7178136                       14.689902
               1.7197394                       15.149205
               1.7216652                       15.619792
                1.723591                       16.054449
               1.7255168                       16.411648
               1.7274426                       16.689623
               1.7293684                       16.900961
               1.7312942                       17.074291
                 1.73322                          17.209
               1.7351458                       17.295725
               1.7370716                       17.333105
               1.7389974                       17.296465
               1.7409232                       17.210522
                1.742849                       17.103931
               1.7447748                       16.894424
               1.7467006                       16.586252
               1.7486264                       16.341541
               1.7505522                       16.129219
                1.752478                       15.735209
               1.7544038                       15.204758
               1.7563296                       14.752184
               1.7582554                        14.33442
               1.7601812                       13.805961
                1.762107                       13.203506
               1.7640328                       12.591024
               1.7659586                       11.977779
               1.7678844                       11.354109
               1.7698102                       10.649479
                1.771736                        9.878294
               1.7736618                       9.1539516
               1.7755876                       8.4505424
               1.7775134                       7.6807513
               1.7794392                       6.8685255
                1.781365                       6.0510321
               1.7832908                        5.237103
               1.7852166                       4.4442668
               1.7871424                       3.6653457
               1.7890682                       2.8644369
                1.790994                       2.0080514
               1.7929198                       1.1275351
               1.7948456                      0.32143551
               1.7967714                     -0.40202513
               1.7986972                       -1.157827
                1.800623                      -1.9798446
               1.8025488                      -2.7810252
               1.8044746                      -3.5270624
               1.8064004                      -4.2487102
               1.8083262                       -4.952661
                1.810252                      -5.6368537
               1.8121778                      -6.2985573
               1.8141036                      -6.9456358
               1.8160294                      -7.5908365
               1.8179552                      -8.1804018
                1.819881                      -8.7016077
               1.8218068                      -9.2574959
               1.8237326                      -9.8300495
               1.8256584                      -10.279235
               1.8275842                      -10.634969
                 1.82951                      -11.046975
               1.8314358                      -11.518554
               1.8333616                      -11.910547
               1.8352874                      -12.169317
               1.8372132                      -12.406001
                1.839139                      -12.696131
               1.8410648                      -12.974147
               1.8429906                      -12.974147
               1.8449164                      -13.182156
               1.8468422                      -13.341358
                1.848768                      -13.468475
               1.8506938                      -13.550231
               1.8526196                      -13.607402
               1.8545454                      -13.676401
               1.8564712                      -13.729529
                1.858397                      -13.732087
               1.8603228                      -13.688215
               1.8622486                      -13.592742
               1.8641744                      -13.483915
               1.8661002                      -13.407483
                1.868026                      -13.286747
               1.8699518                      -13.062857
               1.8718776                      -12.835966
               1.8738034                      -12.674293
               1.8757292                      -12.476859
                1.877655                      -12.170923
               1.8795808                      -11.849427
               1.8815066                      -11.555704
               1.8834324                      -11.208281
               1.8853582                      -10.829835
                1.887284                      -10.483266
               1.8892098                      -10.098309
               1.8911356                      -9.6312666
               1.8930614                       -9.142498
               1.8949872                       -8.695303
                1.896913                      -8.2873955
               1.8988388                       -7.799695
               1.9007646                      -7.1806965
               1.9026904                      -6.5783362
               1.9046162                       -6.060009
                1.906542                      -5.5361876
               1.9084678                      -4.9620161
               1.9103936                       -4.326498
               1.9123194                      -3.6613421
               1.9142452                      -3.0462177
                1.916171                      -2.4414425
               1.9180968                      -1.7640884
               1.9200226                      -1.0592961
               1.9219484                     -0.38826731
               1.9238742                      0.26760411
                  1.9258                      0.95657873
               1.9277258                       1.6882875
               1.9296516                       2.4025631
               1.9315774                       3.0716066
               1.9335032                       3.7435336
                1.935429                       4.4409747
               1.9373548                       5.1552291
               1.9392806                       5.8617854
               1.9412064                       6.5269918
               1.9431322                       7.1893482
                1.945058                       7.8799515
               1.9469838                       8.5274076
               1.9489096                       9.1147623
               1.9508354                        9.713933
               1.9527612                       10.339088
                1.954687                        10.96644
               1.9566128                       11.563472
               1.9585386                       12.073086
               1.9604644                       12.533753
               1.9623902                        13.02995
                1.964316                       13.499206
               1.9662418                       13.883821
               1.9681676                       14.267736
               1.9700934                        14.65965
               1.9720192                       14.985603
                1.973945                       15.251459
               1.9758708                       15.479149
               1.9777966                       15.681198
               1.9797224                       15.854025
               1.9816482                       15.944578
                1.983574                       15.990138
               1.9854998                       16.052423
               1.9874256                       16.054054
               1.9893514                       15.970003
               1.9912772                       15.858779
                1.993203                       15.693752
               1.9951288                        15.46764
               1.9970546                       15.209709
               1.9989804                       14.900912
               2.0009062                       14.565682
                2.002832                       14.211761
               2.0047578                       13.756399
               2.0066836                       13.202703
               2.0086094                       12.644291
               2.0105352                       12.093977
                2.012461                       11.513338
               2.0143868                       10.881997
               2.0163126                       10.166913
               2.0182384                       9.3835926
               2.0201642                       8.6203585
                 2.02209                       7.8781142
               2.0240158                       7.0537362
               2.0259416                       6.1297097
               2.0278674                       5.2095571
               2.0297932                       4.3560662
                2.031719                       3.4837246
               2.0336448                       2.5006146
               2.0355706                       1.4859431
               2.0374964                      0.52305692
               2.0394222                     -0.43940634
                2.041348                      -1.4060135
               2.0432738                       -2.357173
               2.0451996                      -3.3621011
               2.0471254                      -4.4017563
               2.0490512                       -5.381424
                2.050977                      -6.3167973
               2.0529028                      -7.2484188
               2.0548286                      -8.1816797
               2.0567544                      -9.1181135
               2.0586802                      -9.9919958
                2.060606                      -10.784927
               2.0625318                      -11.610562
               2.0644576                      -12.481161
               2.0663834                      -13.272195
               2.0683092                      -13.952806
                2.070235                       -14.59098
               2.0721608                      -15.227837
               2.0740866                      -15.851154
               2.0760124                      -16.407059
               2.0779382                      -16.852453
                2.079864                      -17.225159
               2.0817898                      -17.605764
               2.0837156                      -17.976633
               2.0856414                      -18.248249
               2.0875672                       -18.44799
                2.089493                      -18.617153
               2.0914188                      -18.652826
               2.0933446                       -18.56925
               2.0952704                      -18.556219
               2.0971962                      -18.593008
                2.099122                      -18.452677
               2.1010478                      -18.103523
               2.1029736                      -17.757454
               2.1048994                      -17.509699
               2.1068252                      -17.179491
                2.108751                      -16.656944
               2.1106768                      -16.109156
               2.1126026                      -15.612074
               2.1145284                      -15.006071
               2.1164542                      -14.275337
                 2.11838                      -13.576948
               2.1203058                       -12.88641
               2.1222316                      -12.077948
               2.1241574                      -11.220092
               2.1260832                      -10.415415
                2.128009                      -9.5808868
               2.1299348                      -8.6332073
               2.1318606                       -7.648499
               2.1337864                      -6.7224522
               2.1357122                      -5.8171802
                2.137638                      -4.8258314
               2.1395638                      -3.7698059
               2.1414896                      -2.7704754
               2.1434154                      -1.8136466
               2.1453412                     -0.80817699
                2.147267                      0.19797419
               2.1491928                       1.1565305
               2.1511186                       2.1534007
               2.1530444                       3.1680601
               2.1549702                       4.0714817
                2.156896                       4.9434786
               2.1588218                       5.9038725
               2.1607476                       6.8148289
               2.1626734                       7.5990815
               2.1645992                       8.4025211
                2.166525                       9.2470264
               2.1684508                       10.022811
               2.1703766                       10.720529
               2.1723024                       11.378662
               2.1742282                       12.003225
                2.176154                       12.601855
               2.1780798                       13.195467
               2.1800056                       13.768282
               2.1819314                       14.236917
               2.1838572                       14.579859
                2.185783                        14.90268
               2.1877088                       15.264627
               2.1896346                       15.601322
               2.1915604                       15.838358
               2.1934862                       15.974035
                2.195412                       16.077837
               2.1973378                       16.201233
               2.1992636                       16.285257
               2.2011894                       16.246271
               2.2031152                       16.136534
                2.205041                       16.064028
               2.2069668                       15.982955
               2.2088926                        15.77754
               2.2108184                       15.484863
               2.2127442                        15.22085
                 2.21467                       14.972841
               2.2165958                       14.627626
               2.2185216                       14.172806
               2.2204474                       13.728692
               2.2223732                       13.338709
                2.224299                       12.888229
               2.2262248                       12.303824
               2.2281506                       11.693621
               2.2300764                        11.17648
               2.2320022                       10.666962
                2.233928                        10.03616
               2.2358538                        9.347393
               2.2377796                       8.6915245
               2.2397054                       8.0434074
               2.2416312                       7.3915944
                2.243557                       6.7278519
               2.2454828                       5.9944615
               2.2474086                       5.2134876
               2.2493344                       4.5000124
               2.2512602                       3.8777592
                2.253186                       3.8777592
               2.2551118                       3.2161839
               2.2570376                        2.436347
               2.2589634                       1.6554337
               2.2608892                      0.97935402
                2.262815                      0.32470196
               2.2647408                      -0.3998006
               2.2666666                       -1.131938
               2.2685924                      -1.7982087
               2.2705182                      -2.4452326
                2.272444                      -3.1147623
               2.2743698                      -3.7522106
               2.2762956                      -4.3516755
               2.2782214                      -4.9891496
               2.2801472                      -5.6412797
                2.282073                      -6.2079625
               2.2839988                       -6.714788
               2.2859246                       -7.264595
               2.2878504                      -7.8455687
               2.2897762                      -8.3688211
                2.291702                      -8.8182755
               2.2936278                      -9.2564135
               2.2955536                       -9.724968
               2.2974794                      -10.178031
               2.2994052                      -10.566952
                2.301331                      -10.943449
               2.3032568                      -11.323775
               2.3051826                      -11.620885
               2.3071084                      -11.864661
               2.3090342                      -12.172072
                 2.31096                      -12.488037
               2.3128858                      -12.711811
               2.3148116                      -12.903892
               2.3167374                       -13.11241
               2.3186632                      -13.268183
                2.320589                      -13.357815
               2.3225148                      -13.452635
               2.3244406                      -13.557289
               2.3263664                      -13.606739
               2.3282922                      -13.603447
                2.330218                      -13.615318
               2.3321438                      -13.628089
               2.3340696                      -13.557614
               2.3359954                      -13.417101
               2.3379212                      -13.286105
                2.339847                      -13.154964
               2.3417728                      -12.979184
               2.3436986                      -12.780689
               2.3456244                      -12.568902
               2.3475502                      -12.293122
                2.349476                      -11.953317
               2.3514018                      -11.642769
               2.3533276                      -11.373905
               2.3552534                      -11.003343
               2.3571792                      -10.507069
                2.359105                       -10.05892
               2.3610308                       -9.669179
               2.3629566                      -9.1754189
               2.3648824                      -8.5989237
               2.3668082                      -8.0564699
                2.368734                      -7.5217257
               2.3706598                       -6.937993
               2.3725856                       -6.289381
               2.3745114                      -5.5908427
               2.3764372                      -4.9345555
                2.378363                      -4.3278484
               2.3802888                      -3.6314468
               2.3822146                      -2.8293929
               2.3841404                      -2.0484161
               2.3860662                      -1.3362563
                2.387992                     -0.64159584
               2.3899178                       0.1242276
               2.3918436                       0.9820497
               2.3937694                       1.8189167
               2.3956952                       2.5854321
                2.397621                       3.3684402
               2.3995468                       4.1919041
               2.4014726                       4.9992142
               2.4033984                       5.7752872
               2.4053242                       6.5479712
                 2.40725                       7.3314509
               2.4091758                       8.1095924
               2.4111016                       8.8716211
               2.4130274                       9.6097031
               2.4149532                        10.30782
                2.416879                       10.976378
               2.4188048                       11.626509
               2.4207306                       12.271783
               2.4226564                       12.926583
               2.4245822                       13.514919
                2.426508                       13.995996
               2.4284338                       14.481348
               2.4303596                        14.99354
               2.4322854                         15.4367
               2.4342112                       15.822001
                2.436137                       16.174879
               2.4380628                       16.434866
               2.4399886                       16.623146
               2.4419144                       16.837772
               2.4438402                       17.056879
                2.445766                       17.169491
               2.4476918                       17.178587
               2.4496176                       17.160801
               2.4515434                       17.095442
               2.4534692                       16.953981
                2.455395                       16.800402
               2.4573208                       16.648569
               2.4592466                       16.410082
               2.4611724                       16.036585
               2.4630982                       15.604705
                2.465024                       15.212135
               2.4669498                       14.805811
               2.4688756                       14.272013
               2.4708014                       13.660234
               2.4727272                        13.05924
                2.474653                       12.411618
               2.4765788                       11.680609
               2.4785046                       10.931477
               2.4804304                       10.162724
               2.4823562                       9.3343973
                2.484282                       8.4885511
               2.4862078                       7.6412764
               2.4881336                       6.7230644
               2.4900594                        5.726069
               2.4919852                       4.7375622
                2.493911                       3.8002119
               2.4958368                       2.8572137
               2.4977626                       1.8415204
               2.4996884                      0.77032566
               2.5016142                      -0.2760644
                 2.50354                      -1.2707026
               2.5054658                       -2.276624
               2.5073916                      -3.3316522
               2.5093174                      -4.3795285
               2.5112432                      -5.3812933
                2.513169                       -6.374764
               2.5150948                      -7.3552027
               2.5170206                      -8.2772512
               2.5189464                      -9.1806688
               2.5208722                      -10.109282
                2.522798                      -11.007141
               2.5247238                      -11.828567
               2.5266496                      -12.596252
               2.5285754                      -13.344176
               2.5305012                      -14.079343
                2.532427                      -14.743656
               2.5343528                      -15.305177
               2.5362786                      -15.865036
               2.5382044                      -16.456696
               2.5401302                      -16.939516
                2.542056                      -17.289356
               2.5439818                      -17.628439
               2.5459076                      -17.932066
               2.5478334                      -18.124718
               2.5497592                      -18.285112
                2.551685                      -18.437111
               2.5536108                      -18.481325
               2.5555366                      -18.439072
               2.5574624                      -18.386763
               2.5593882                      -18.271646
                2.561314                      -18.059809
               2.5632398                      -17.808449
               2.5651656                      -17.518847
               2.5670914                       -17.15778
               2.5690172                      -16.740448
                2.570943                      -16.283188
               2.5728688                       -15.77347
               2.5747946                      -15.194795
               2.5767204                      -14.582973
               2.5786462                      -13.999613
                2.580572                      -13.375106
               2.5824978                      -12.586042
               2.5844236                      -11.713081
               2.5863494                      -10.929414
               2.5882752                      -10.212986
                2.590201                      -9.4164438
               2.5921268                      -8.5019207
               2.5940526                      -7.5537806
               2.5959784                      -6.6543212
               2.5979042                      -5.8096752
                 2.59983                      -4.9328871
               2.6017558                      -3.9523931
               2.6036816                      -2.9512961
               2.6056074                      -2.0362601
               2.6075332                      -1.1599698
                2.609459                     -0.24060835
               2.6113848                      0.70616502
               2.6133106                       1.6244454
               2.6152364                       2.4996481
               2.6171622                       3.3646016
                2.619088                       4.2274632
               2.6210138                       5.0672312
               2.6229396                       5.9004579
               2.6248654                       6.7233214
               2.6267912                       7.4710689
                2.628717                       8.1408815
               2.6306428                       8.8174047
               2.6325686                       9.5188322
               2.6344944                       10.174269
               2.6364202                       10.768904
                2.638346                       11.329861
               2.6402718                       11.841516
               2.6421976                       12.311913
               2.6441234                       12.761559
               2.6460492                       13.176746
                2.647975                       13.559385
               2.6499008                       13.880107
               2.6518266                       14.118031
               2.6537524                       14.347219
               2.6556782                       14.573338
                2.657604                       14.743052
               2.6595298                       14.887372
               2.6614556                       14.887372
               2.6633814                       14.977148
               2.6653072                       14.957722
                2.667233                       14.923592
               2.6691588                       14.932304
               2.6710846                       14.898493
               2.6730104                       14.765536
               2.6749362                       14.569935
                2.676862                       14.379313
               2.6787878                        14.19786
               2.6807136                        13.96925
               2.6826394                       13.676757
               2.6845652                       13.328718
                2.686491                       12.962239
               2.6884168                       12.650907
               2.6903426                       12.334198
               2.6922684                       11.869559
               2.6941942                       11.319413
                 2.69612                        10.85404
               2.6980458                       10.456263
               2.6999716                       9.9901581
               2.7018974                       9.4202032
               2.7038232                       8.8158741
                2.705749                       8.2404938
               2.7076748                       7.6984372
               2.7096006                       7.1587868
               2.7115264                       6.5927014
               2.7134522                       5.9666815
                2.715378                        5.275682
               2.7173038                       4.6174173
               2.7192296                       4.0685077
               2.7211554                       3.5097957
               2.7230812                       2.8137531
                2.725007                       2.0805593
               2.7269328                       1.4566946
               2.7288586                      0.89655411
               2.7307844                      0.27065483
               2.7327102                     -0.42277867
                2.734636                      -1.0889347
               2.7365618                       -1.712347
               2.7384876                      -2.3410163
               2.7404134                      -2.9637928
               2.7423392                      -3.5656366
                2.744265                      -4.1797237
               2.7461908                      -4.7973967
               2.7481166                      -5.3731065
               2.7500424                      -5.9271426
               2.7519682                      -6.5187197
                2.753894                      -7.1141696
               2.7558198                      -7.6333551
               2.7577456                      -8.1322346
               2.7596714                      -8.6901894
               2.7615972                      -9.2184381
                2.763523                      -9.6574497
               2.7654488                      -10.095629
               2.7673746                      -10.567362
               2.7693004                      -11.028726
               2.7712262                      -11.457056
                2.773152                      -11.842962
               2.7750778                      -12.183367
               2.7770036                      -12.481707
               2.7789294                      -12.787889
               2.7808552                      -13.145118
                2.782781                      -13.442135
               2.7847068                       -13.60252
               2.7866326                      -13.772628
               2.7885584                      -14.022574
               2.7904842                       -14.22101
                 2.79241                      -14.316204
               2.7943358                      -14.381491
               2.7962616                      -14.439988
               2.7981874                      -14.457628
               2.8001132                      -14.434397
                2.802039                      -14.398409
               2.8039648                      -14.343866
               2.8058906                      -14.234516
               2.8078164                      -14.055624
               2.8097422                      -13.842978
                2.811668                      -13.627026
               2.8135938                      -13.364615
               2.8155196                      -13.026915
               2.8174454                      -12.670019
               2.8193712                       -12.32591
                2.821297                      -11.945539
               2.8232228                      -11.472454
               2.8251486                      -10.929004
               2.8270744                      -10.389784
               2.8290002                      -9.8499365
                2.830926                      -9.2758436
               2.8328518                      -8.6875648
               2.8347776                      -8.0228682
               2.8367034                       -7.226285
               2.8386292                      -6.4448686
                2.840555                      -5.7823157
               2.8424808                       -5.110034
               2.8444066                      -4.3115983
               2.8463324                      -3.4196448
               2.8482582                      -2.5087528
                2.850184                      -1.6501765
               2.8521098                     -0.87410712
               2.8540356                    -0.073271871
               2.8559614                      0.87309444
               2.8578872                        1.858735
                2.859813                       2.7181289
               2.8617388                       3.5259237
               2.8636646                       4.4269385
               2.8655904                       5.3819404
               2.8675162                       6.2798882
                2.869442                       7.1171932
               2.8713678                       7.9611001
               2.8732936                       8.8092003
               2.8752194                       9.6161985
               2.8771452                       10.416969
                2.879071                       11.223022
               2.8809968                       11.938782
               2.8829226                       12.573202
               2.8848484                       13.267864
               2.8867742                       14.003839
                  2.8887                       14.615236
               2.8906258                       15.102378
               2.8925516                       15.583464
               2.8944774                        16.05665
               2.8964032                       16.498358
                2.898329                       16.929306
               2.9002548                       17.271004
               2.9021806                       17.465921
               2.9041064                       17.627411
               2.9060322                       17.839203
                2.907958                       18.023262
               2.9098838                       18.077873
               2.9118096                       18.008419
               2.9137354                       17.906244
               2.9156612                       17.805521
                2.917587                       17.651382
               2.9195128                       17.431641
               2.9214386                       17.161596
               2.9233644                       16.794489
               2.9252902                       16.329662
                2.927216                       15.867314
               2.9291418                       15.427042
               2.9310676                       14.890249
               2.9329934                       14.224188
               2.9349192                       13.560292
                2.936845                       12.921609
               2.9387708                       12.159853
               2.9406966                       11.299337
               2.9426224                       10.510908
               2.9445482                       9.7178106
                2.946474                       8.7612991
               2.9483998                       7.7690816
               2.9503256                       6.8783484
               2.9522514                       5.9635558
               2.9541772                       4.9354157
                2.956103                       3.8976011
               2.9580288                       2.8934345
               2.9599546                       1.8497224
               2.9618804                      0.77754408
               2.9638062                     -0.25074136
                2.965732                      -1.2601317
               2.9676578                      -2.3075354
               2.9695836                      -3.3676929
               2.9715094                      -4.3828192
               2.9734352                      -5.3459015
                2.975361                      -6.3076663
               2.9772868                      -7.2952251
               2.9792126                      -8.2652483
               2.9811384                      -9.1750011
               2.9830642                       -10.02707
                 2.98499                      -10.854846
               2.9869158                        -11.6777
               2.9888416                      -12.446192
               2.9907674                      -13.128328
               2.9926932                       -13.78183
                2.994619                      -14.426329
               2.9965448                      -15.020484
               2.9984706                      -15.564817

