        Time / ns                e-field (t=0..end(0.00192)) (pb)_Z_0D_79/real
----------------------------------------------------------------------
                       0                               0
               0.0019258                               0
               0.0038516                               0
               0.0057774                               0
               0.0077032                               0
                0.009629                               0
               0.0115548                               0
               0.0134806                               0
               0.0154064                               0
               0.0173322                               0
                0.019258                               0
               0.0211838                               0
               0.0231096                               0
               0.0250354                               0
               0.0269612                               0
                0.028887                               0
               0.0308128                               0
               0.0327386                               0
               0.0346644                               0
               0.0365902                               0
                0.038516                               0
               0.0404418                               0
               0.0423676                               0
               0.0442934                               0
               0.0462192                               0
                0.048145                               0
               0.0500708                               0
               0.0519966                               0
               0.0539224                               0
               0.0558482                               0
                0.057774                               0
               0.0596998                               0
               0.0616256                               0
               0.0635514                               0
               0.0654772                               0
                0.067403                               0
               0.0693288                               0
               0.0712546                               0
               0.0731804                               0
               0.0751062                               0
                0.077032                               0
               0.0789578                               0
               0.0808836                               0
               0.0828094                               0
               0.0847352                               0
                0.086661                               0
               0.0885868                               0
               0.0905126                               0
               0.0924384                               0
               0.0943642                               0
                 0.09629                               0
               0.0982158                               0
               0.1001416                               0
               0.1020674                               0
               0.1039932                               0
                0.105919                               0
               0.1078448                               0
               0.1097706                               0
               0.1116964                               0
               0.1136222                               0
                0.115548                               0
               0.1174738                               0
               0.1193996                               0
               0.1213254                               0
               0.1232512                               0
                0.125177                               0
               0.1271028                               0
               0.1290286                               0
               0.1309544                               0
               0.1328802                               0
                0.134806                               0
               0.1367318                               0
               0.1386576                               0
               0.1405834                               0
               0.1425092                               0
                0.144435                               0
               0.1463608                               0
               0.1482866                               0
               0.1502124                               0
               0.1521382                               0
                0.154064                               0
               0.1559898                               0
               0.1579156                               0
               0.1598414                               0
               0.1617672                               0
                0.163693                               0
               0.1656188                               0
               0.1675446                               0
               0.1694704                               0
               0.1713962                               0
                0.173322                               0
               0.1752478                               0
               0.1771736                               0
               0.1790994                  -7.9378344e-35
               0.1810252                  -4.7818628e-34
                0.182951                  -4.5246665e-34
               0.1848768                  -3.3980361e-33
               0.1868026                  -2.9968874e-33
               0.1887284                  -2.7675483e-33
               0.1906542                  -3.5996304e-33
                 0.19258                  -9.8262578e-33
               0.1945058                  -5.7833817e-32
               0.1964316                  -4.7389838e-31
               0.1983574                  -3.6799669e-30
               0.2002832                  -2.6074284e-29
                0.202209                  -1.6998727e-28
               0.2041348                  -1.0271851e-27
               0.2060606                  -1.0271851e-27
               0.2079864                  -5.7885388e-27
               0.2099122                  -3.0568499e-26
                0.211838                  -1.5202561e-25
               0.2137638                  -7.1445219e-25
               0.2156896                  -3.1823079e-24
               0.2176154                  -1.3475824e-23
               0.2195412                  -5.4399886e-23
                0.221467                  -2.0971642e-22
               0.2233928                  -7.7369625e-22
               0.2253186                  -2.7361182e-21
               0.2272444                  -9.2903894e-21
               0.2291702                  -3.0325453e-20
                0.231096                  -9.5292635e-20
               0.2330218                  -2.8856263e-19
               0.2349476                   -8.430297e-19
               0.2368734                  -2.3777536e-18
               0.2387992                  -6.4805118e-18
                0.240725                  -1.7080734e-17
               0.2426508                  -4.3562213e-17
               0.2445766                  -1.0756313e-16
               0.2465024                  -2.5728448e-16
               0.2484282                  -5.9635206e-16
                0.250354                  -1.3400948e-15
               0.2522798                  -2.9203146e-15
               0.2542056                  -6.1726781e-15
               0.2561314                  -1.2657276e-14
               0.2580572                  -2.5181359e-14
                0.259983                  -4.8611424e-14
               0.2619088                  -9.1051549e-14
               0.2638346                   -1.654554e-13
               0.2657604                  -2.9164664e-13
               0.2676862                  -4.9853177e-13
                0.269612                  -8.2616043e-13
               0.2715378                  -1.3267275e-12
               0.2734636                  -2.0636296e-12
               0.2753894                  -3.1071385e-12
               0.2773152                   -4.525384e-12
                0.279241                  -6.3710799e-12
               0.2811668                  -8.6632698e-12
               0.2830926                  -1.1370334e-11
               0.2850184                  -1.4396819e-11
               0.2869442                  -1.7586661e-11
                 0.28887                  -2.0751787e-11
               0.2907958                  -2.3730575e-11
               0.2927216                  -2.6481772e-11
               0.2946474                  -2.9201277e-11
               0.2965732                  -3.2447118e-11
                0.298499                  -3.7223877e-11
               0.3004248                  -4.4996878e-11
               0.3023506                  -5.7597996e-11
               0.3042764                  -7.7030667e-11
               0.3062022                   -1.052097e-10
                0.308128                  -1.4365176e-10
               0.3100538                  -1.9336013e-10
               0.3119796                  -2.5486574e-10
               0.3139054                  -3.2861211e-10
               0.3158312                  -4.1555911e-10
                0.317757                  -5.1805998e-10
               0.3196828                  -6.4073485e-10
               0.3216086                  -7.9069939e-10
               0.3235344                  -9.7806285e-10
               0.3254602                  -1.2154309e-09
                0.327386                  -1.5171212e-09
               0.3293118                   -1.898945e-09
               0.3312376                  -2.3782294e-09
               0.3331634                  -2.9747749e-09
               0.3350892                  -3.7114996e-09
                0.337015                  -4.6192996e-09
               0.3389408                  -5.7369478e-09
               0.3408666                   -7.114596e-09
               0.3427924                  -8.8152383e-09
               0.3447182                  -1.0917636e-08
                0.346644                  -1.3515078e-08
               0.3485698                  -1.6721369e-08
               0.3504956                  -2.0670079e-08
               0.3524214                  -2.5523878e-08
               0.3543472                  -3.1480315e-08
                0.356273                  -3.8786848e-08
               0.3581988                  -4.7730389e-08
               0.3601246                  -5.8676029e-08
               0.3620504                  -7.2056906e-08
               0.3639762                   -8.839055e-08
                0.365902                  -1.0831591e-07
               0.3678278                  -1.3260727e-07
               0.3697536                  -1.6216437e-07
               0.3716794                  -1.9810463e-07
               0.3736052                  -2.4178271e-07
                0.375531                  -2.9475487e-07
               0.3774568                  -3.5897403e-07
               0.3793826                  -4.3671383e-07
               0.3813084                  -5.3073722e-07
               0.3832342                  -6.4437245e-07
                 0.38516                  -7.8147167e-07
               0.3870858                  -9.4665745e-07
               0.3890116                  -1.1456887e-06
               0.3909374                  -1.3850662e-06
               0.3928632                  -1.6726527e-06
                0.394789                  -2.0179666e-06
               0.3967148                  -2.4317217e-06
               0.3986406                  -2.9271557e-06
               0.4005664                  -3.5200687e-06
               0.4024922                  -4.2284473e-06
                0.404418                  -5.0739009e-06
               0.4063438                  -6.0819839e-06
               0.4082696                  -7.2819166e-06
               0.4101954                  -8.7095204e-06
               0.4121212                  -1.0405831e-05
                0.414047                  -1.2418824e-05
               0.4159728                   -1.480454e-05
               0.4178986                  -1.7631108e-05
               0.4198244                  -2.0972877e-05
               0.4217502                  -2.4920484e-05
                0.423676                   -2.957632e-05
               0.4256018                  -3.5068242e-05
               0.4275276                  -4.1527452e-05
               0.4294534                  -4.9127517e-05
               0.4313792                  -5.8056732e-05
                0.433305                  -6.8523652e-05
               0.4352308                  -8.0784528e-05
               0.4371566                  -9.5135001e-05
               0.4390824                  -0.00011191365
               0.4410082                  -0.00013149811
                0.442934                  -0.00015432194
               0.4448598                   -0.0001809141
               0.4467856                  -0.00021183706
               0.4487114                  -0.00024777485
               0.4506372                  -0.00028943678
                0.452563                  -0.00033772973
               0.4544888                  -0.00039360733
               0.4564146                  -0.00045819458
               0.4583404                  -0.00053272094
               0.4602662                  -0.00061869551
                0.462192                  -0.00071757002
               0.4641178                  -0.00083132845
               0.4660436                  -0.00096190226
               0.4679694                   -0.0011116795
               0.4698952                   -0.0012829647
                0.471821                   -0.0014789575
               0.4737468                   -0.0017030166
               0.4756726                   -0.0019581937
               0.4775984                   -0.0022487142
               0.4795242                   -0.0025787936
                 0.48145                   -0.0029537878
               0.4833758                   -0.0033794926
               0.4853016                   -0.0038607593
               0.4872274                   -0.0044040862
               0.4891532                   -0.0050176173
                0.491079                   -0.0057092998
               0.4930048                   -0.0064868606
               0.4949306                   -0.0073597399
               0.4968564                   -0.0083391769
               0.4987822                   -0.0094336458
                0.500708                    -0.010656756
               0.5026338                    -0.012020891
               0.5045596                    -0.013539836
               0.5064854                    -0.015227376
               0.5084112                    -0.017095102
                0.510337                     -0.01916655
               0.5122628                    -0.021448918
               0.5141886                    -0.023969425
               0.5161144                    -0.026736511
               0.5180402                    -0.029769128
                0.519966                    -0.033083092
               0.5218918                    -0.036706146
               0.5238176                    -0.040654805
               0.5257434                    -0.044938546
               0.5276692                      -0.0495658
                0.529595                    -0.054546408
               0.5315208                    -0.059921809
               0.5334466                    -0.065670937
               0.5353724                    -0.071806416
               0.5372982                     -0.07832405
                0.539224                    -0.085228071
               0.5411498                    -0.092463642
               0.5430756                     -0.10003359
               0.5450014                     -0.10794917
               0.5469272                     -0.11606707
                0.548853                     -0.12441257
               0.5507788                     -0.13284518
               0.5527046                     -0.14130026
               0.5546304                     -0.14955585
               0.5565562                     -0.15772152
                0.558482                     -0.16531958
               0.5604078                     -0.17235564
               0.5623336                     -0.17846443
               0.5642594                     -0.18347736
               0.5661852                     -0.18682681
                0.568111                     -0.18833293
               0.5700368                     -0.18759111
               0.5719626                       -0.183882
               0.5738884                     -0.17692462
               0.5758142                      -0.1656062
                 0.57774                     -0.14980313
               0.5796658                     -0.12779574
               0.5815916                    -0.099584028
               0.5835174                    -0.063549452
               0.5854432                    -0.018365741
                0.587369                     0.036911249
               0.5892948                      0.10358532
               0.5912206                      0.18388195
               0.5931464                      0.27905998
               0.5950722                      0.39181694
                0.596998                      0.52296215
               0.5989238                      0.67658675
               0.6008496                      0.85412949
               0.6027754                       1.0593221
               0.6047012                       1.2940074
                0.606627                       1.5634912
               0.6085528                       1.8681331
               0.6104786                       2.2151258
               0.6124044                       2.6079772
               0.6143302                       2.6079772
                0.616256                       3.0491138
               0.6181818                       3.5476182
               0.6201076                        4.105289
               0.6220334                       4.7287793
               0.6239592                       5.4200678
                0.625885                       6.1939001
               0.6278108                       7.0524354
               0.6297366                         8.00035
               0.6316624                       9.0482521
               0.6335882                       10.204595
                0.635514                        11.47999
               0.6374398                       12.870841
               0.6393656                       14.397645
               0.6412914                       16.075151
               0.6432172                       17.901203
                0.645143                        19.88443
               0.6470688                       22.041019
               0.6489946                        24.39291
               0.6509204                       26.938665
               0.6528462                       29.685833
                0.654772                       32.655281
               0.6566978                       35.850601
               0.6586236                       39.293377
               0.6605494                       43.010941
               0.6624752                       46.969482
                0.664401                       51.202091
               0.6663268                        55.75985
               0.6682526                        60.60606
               0.6701784                       65.786766
               0.6721042                       71.279671
                 0.67403                       77.125046
               0.6759558                       83.312836
               0.6778816                       89.876122
               0.6798074                       96.827843
               0.6817332                         104.145
                0.683659                       111.87218
               0.6855848                       120.01802
               0.6875106                       128.52065
               0.6894364                       137.46063
               0.6913622                       146.90417
                0.693288                        156.7419
               0.6952138                       166.96808
               0.6971396                       177.64314
               0.6990654                       188.79294
               0.7009912                       200.37148
                0.702917                       212.35287
               0.7048428                       224.84064
               0.7067686                       237.70537
               0.7086944                       250.98444
               0.7106202                       264.70374
                0.712546                       278.84891
               0.7144718                       293.38248
               0.7163976                       308.24127
               0.7183234                       323.46829
               0.7202492                       339.10391
                0.722175                       355.03305
               0.7241008                        371.3132
               0.7260266                       387.82358
               0.7279524                        404.5238
               0.7298782                       421.54633
                0.731804                        438.7818
               0.7337298                       456.16687
               0.7356556                         473.621
               0.7375814                       491.16153
               0.7395072                       508.82275
                0.741433                       526.58191
               0.7433588                       544.17407
               0.7452846                       561.70886
               0.7472104                       579.20905
               0.7491362                       596.52502
                0.751062                       613.65686
               0.7529878                       630.55865
               0.7549136                       647.08624
               0.7568394                       663.33759
               0.7587652                       679.23218
                0.760691                       694.65491
               0.7626168                        709.5827
               0.7645426                        724.0271
               0.7664684                       737.83844
               0.7683942                       750.94775
                 0.77032                       763.41254
               0.7722458                       775.32483
               0.7741716                       786.25891
               0.7760974                       796.37567
               0.7780232                       805.66382
                0.779949                       814.15784
               0.7818748                       821.48938
               0.7838006                       827.88867
               0.7857264                       833.30963
               0.7876522                       837.69476
                0.789578                       840.88287
               0.7915038                        842.9776
               0.7934296                       843.88684
               0.7953554                       843.55304
               0.7972812                       842.14893
                0.799207                       839.45569
               0.8011328                        835.5885
               0.8030586                       830.25958
               0.8049844                       823.73376
               0.8069102                       816.04541
                0.808836                       807.01044
               0.8107618                       796.61737
               0.8126876                       785.09644
               0.8146134                       772.22882
               0.8165392                       758.10669
                0.818465                       742.71851
               0.8203908                       726.20239
               0.8223166                       708.53534
               0.8242424                       689.49866
               0.8261682                       669.40314
                0.828094                       648.39825
               0.8300198                       626.20807
               0.8319456                       602.94739
               0.8338714                       578.81195
               0.8357972                       553.70978
                0.837723                        527.8479
               0.8396488                       501.16898
               0.8415746                       473.65558
               0.8435004                       445.51483
               0.8454262                       416.66632
                0.847352                       387.34018
               0.8492778                       357.53061
               0.8512036                        327.3873
               0.8531294                       296.85837
               0.8550552                       265.99567
                0.856981                       235.00064
               0.8589068                       203.83295
               0.8608326                        172.7113
               0.8627584                       141.71051
               0.8646842                       110.71548
                 0.86661                       79.858559
               0.8685358                       49.318138
               0.8704616                       19.266874
               0.8723874                      -10.421839
               0.8743132                      -39.724991
                0.876239                      -68.429634
               0.8781648                      -96.455231
               0.8800906                      -123.70393
               0.8820164                      -150.21603
               0.8839422                      -175.94835
                0.885868                      -200.73978
               0.8877938                      -224.59895
               0.8897196                      -247.47693
               0.8916454                      -269.22119
               0.8935712                      -289.87787
                0.895497                      -309.43826
               0.8974228                      -327.82748
               0.8993486                      -344.94214
               0.9012744                      -360.77914
               0.9032002                      -375.39908
                0.905126                      -388.72418
               0.9070518                      -400.74295
               0.9089776                       -411.4324
               0.9109034                      -420.77808
               0.9128292                      -428.76422
                0.914755                      -435.39514
               0.9166808                       -440.7384
               0.9186066                      -444.76675
               0.9205324                      -447.39664
               0.9224582                       -448.6886
                0.924384                      -448.77493
               0.9263098                      -447.64984
               0.9282356                      -445.22137
               0.9301614                      -441.52399
               0.9320872                      -436.63388
                0.934013                      -430.64102
               0.9359388                      -423.56485
               0.9378646                      -415.37299
               0.9397904                      -406.12222
               0.9417162                      -395.90176
                0.943642                      -384.75415
               0.9455678                      -372.69507
               0.9474936                      -359.76273
               0.9494194                      -346.01645
               0.9513452                      -331.49796
                0.953271                       -316.2468
               0.9551968                      -300.31122
               0.9571226                      -283.80014
               0.9590484                      -266.78265
               0.9609742                      -249.22816
                  0.9629                      -231.11078
               0.9648258                      -212.57153
               0.9667516                      -193.74652
               0.9686774                      -174.61703
               0.9706032                      -155.19064
                0.972529                      -135.50745
               0.9744548                      -115.57122
               0.9763806                      -95.520447
               0.9783064                      -75.502754
               0.9802322                      -55.460426
                0.982158                      -35.344814
               0.9840838                       -15.22408
               0.9860096                       4.8137522
               0.9879354                       24.717157
               0.9898612                       44.466618
                0.991787                       64.013954
               0.9937128                       83.317963
               0.9956386                       102.35425
               0.9975644                       121.08786
               0.9994902                       139.51512
                1.001416                       157.56883
               1.0033418                       175.17188
               1.0052676                        192.3647
               1.0071934                       209.12148
               1.0091192                       225.36618
                1.011045                       241.08302
               1.0129708                       256.21722
               1.0148966                       270.78845
               1.0168224                       284.82346
               1.0187482                       298.17416
                1.020674                        310.8212
               1.0225998                       322.85422
               1.0245256                       322.85422
               1.0264514                       334.16983
               1.0283772                       344.69012
                1.030303                       354.50299
               1.0322288                       363.63403
               1.0341546                       371.94135
               1.0360804                       379.29953
               1.0380062                       385.81812
                1.039932                       391.60461
               1.0418578                       396.54025
               1.0437836                       400.55945
               1.0457094                       403.68759
               1.0476352                       405.85767
                1.049561                       407.04153
               1.0514868                       407.34982
               1.0534126                       406.87799
               1.0553384                       405.44305
               1.0572642                       402.79556
                 1.05919                       399.18069
               1.0611158                       394.87476
               1.0630416                       389.58923
               1.0649674                       383.18103
               1.0668932                       375.87253
                1.068819                       367.61719
               1.0707448                       358.34055
               1.0726706                       348.20367
               1.0745964                       337.22546
               1.0765222                       325.31155
                1.078448                       312.42499
               1.0803738                       298.60803
               1.0822996                       284.04797
               1.0842254                       268.76285
               1.0861512                        252.5289
                1.088077                       235.43707
               1.0900028                       217.76814
               1.0919286                       199.44571
               1.0938544                       180.35486
               1.0957802                       160.63736
                1.097706                       140.37236
               1.0996318                       119.56027
               1.1015576                       98.249359
               1.1034834                       76.467094
               1.1054092                       54.269135
                1.107335                       31.738998
               1.1092608                       8.9592791
               1.1111866                      -14.004634
               1.1131124                      -37.165806
               1.1150382                      -60.459209
                1.116964                      -83.786392
               1.1188898                      -107.17011
               1.1208156                       -130.4518
               1.1227414                      -153.41733
               1.1246672                      -176.18237
                1.126593                      -198.79561
               1.1285188                      -221.04793
               1.1304446                      -242.81955
               1.1323704                      -264.08234
               1.1342962                      -284.79956
                1.136222                      -304.89972
               1.1381478                      -324.26788
               1.1400736                      -342.86691
               1.1419994                      -360.66849
               1.1439252                      -377.55197
                1.145851                      -393.44434
               1.1477768                      -408.34506
               1.1497026                      -422.19263
               1.1516284                      -434.86551
               1.1535542                      -446.31412
                 1.15548                      -456.55511
               1.1574058                      -465.55307
               1.1593316                      -473.24661
               1.1612574                      -479.55811
               1.1631832                       -484.4072
                1.165109                      -487.84006
               1.1670348                      -489.89069
               1.1689606                      -490.44452
               1.1708864                      -489.47949
               1.1728122                      -487.07516
                1.174738                      -483.17914
               1.1766638                      -477.70316
               1.1785896                      -470.70407
               1.1805154                      -462.28931
               1.1824412                      -452.44058
                1.184367                      -441.07523
               1.1862928                      -428.25934
               1.1882186                      -414.12839
               1.1901444                      -398.68619
               1.1920702                      -381.89468
                1.193996                      -363.77725
               1.1959218                      -344.42596
               1.1978476                      -323.99954
               1.1997734                      -302.55359
               1.2016992                      -280.05161
                1.203625                      -256.56812
               1.2055508                      -232.17722
               1.2074766                      -206.95323
               1.2094024                      -181.10974
               1.2113282                      -154.70448
                1.213254                      -127.63078
               1.2151798                      -100.03844
               1.2171056                      -72.170921
               1.2190314                      -44.059605
               1.2209572                      -15.731791
                1.222883                       12.685394
               1.2248088                       41.092003
               1.2267346                       69.381676
               1.2286604                       97.422974
               1.2305862                       125.18587
                1.232512                       152.67873
               1.2344378                       179.71953
               1.2363636                       206.06001
               1.2382894                       231.67508
               1.2402152                       256.61444
                1.242141                       280.78979
               1.2440668                       304.08792
               1.2459926                       326.39731
               1.2479184                       347.57825
               1.2498442                       367.60672
                 1.25177                       386.54755
               1.2536958                       404.33691
               1.2556216                       420.76837
               1.2575474                       435.70496
               1.2594732                       449.21851
                1.261399                       461.43311
               1.2633248                       472.29318
               1.2652506                       481.60355
               1.2671764                       489.25494
               1.2691022                       495.33844
                1.271028                       499.96472
               1.2729538                       503.07004
               1.2748796                       504.55826
               1.2768054                       504.44806
               1.2787312                       502.81744
                1.280657                       499.69287
               1.2825828                       494.98999
               1.2845086                       488.73599
               1.2864344                       481.10751
               1.2883602                       472.07401
                1.290286                       461.55286
               1.2922118                       449.67892
               1.2941376                       436.52322
               1.2960634                       422.09598
               1.2979892                       406.50275
                1.299915                       389.77133
               1.3018408                       371.90488
               1.3037666                       353.01648
               1.3056924                       333.23404
               1.3076182                       312.61838
                1.309544                       291.15518
               1.3114698                       268.88647
               1.3133956                       245.98944
               1.3153214                       222.59303
               1.3172472                       198.68269
                1.319173                       174.27586
               1.3210988                       149.54611
               1.3230246                       124.63578
               1.3249504                       99.522163
               1.3268762                       74.234131
                1.328802                        48.93354
               1.3307278                       23.741442
               1.3326536                      -1.3165754
               1.3345794                      -26.226707
               1.3365052                      -50.879025
                1.338431                      -75.124893
               1.3403568                      -98.920265
               1.3422826                      -122.27512
               1.3442084                      -145.15416
               1.3461342                      -167.41219
                 1.34806                      -188.89839
               1.3499858                      -209.69128
               1.3519116                      -229.85602
               1.3538374                      -249.17747
               1.3557632                      -267.52295
                1.357689                      -284.98026
               1.3596148                      -301.57132
               1.3615406                      -317.22513
               1.3634664                      -331.85837
               1.3653922                      -345.42886
                1.367318                      -357.97574
               1.3692438                      -369.46939
               1.3711696                      -379.82623
               1.3730954                      -389.10526
               1.3750212                      -397.35779
                1.376947                      -404.47437
               1.3788728                      -410.42474
               1.3807986                      -415.31589
               1.3827244                      -419.14655
               1.3846502                      -421.82477
                1.386576                      -423.37701
               1.3885018                      -423.91388
               1.3904276                      -423.45227
               1.3923534                      -421.91791
               1.3942792                      -419.29205
                1.396205                       -415.6626
               1.3981308                      -411.13074
               1.4000566                      -405.67618
               1.4019824                      -399.21338
               1.4039082                      -391.81088
                1.405834                      -383.60172
               1.4077598                      -374.56821
               1.4096856                      -364.68875
               1.4116114                        -354.022
               1.4135372                      -342.57846
                1.415463                       -330.4046
               1.4173888                      -317.61987
               1.4193146                      -304.22772
               1.4212404                      -290.14029
               1.4231662                      -275.39963
                1.425092                      -260.14789
               1.4270178                       -244.4231
               1.4289436                      -228.20747
               1.4308694                      -211.53366
               1.4327952                      -194.40791
                1.434721                      -194.40791
               1.4366468                      -176.87061
               1.4385726                      -159.03923
               1.4404984                       -140.9471
               1.4424242                      -122.55579
                 1.44435                      -103.84258
               1.4462758                      -84.856133
               1.4482016                      -65.784164
               1.4501274                      -46.702267
               1.4520532                      -27.444912
                1.453979                      -7.9960241
               1.4559048                        11.43321
               1.4578306                       30.772577
               1.4597564                       50.119934
               1.4616822                       69.453979
                1.463608                       88.627525
               1.4655338                       107.62061
               1.4674596                       126.48514
               1.4693854                       145.12172
               1.4713112                       163.42963
                1.473237                       181.45197
               1.4751628                       199.20145
               1.4770886                       216.57669
               1.4790144                       233.48074
               1.4809402                       249.91513
                1.482866                       265.88812
               1.4847918                       281.32147
               1.4867176                       296.18222
               1.4886434                       310.47998
               1.4905692                       324.11584
                1.492495                       337.00467
               1.4944208                        349.1886
               1.4963466                       360.69733
               1.4982724                       371.45236
               1.5001982                       381.31967
                1.502124                       390.24957
               1.5040498                       398.31418
               1.5059756                       405.55331
               1.5079014                       411.88937
               1.5098272                       417.19336
                1.511753                       421.40137
               1.5136788                       424.59119
               1.5156046                       426.84457
               1.5175304                       428.07666
               1.5194562                       428.15955
                1.521382                       427.08957
               1.5233078                       424.92645
               1.5252336                       421.70126
               1.5271594                       417.38077
               1.5290852                       411.88336
                1.531011                       405.22098
               1.5329368                       397.48999
               1.5348626                       388.66299
               1.5367884                       378.67395
               1.5387142                       367.60205
                 1.54064                       355.47607
               1.5425658                       342.19333
               1.5444916                        327.8237
               1.5464174                        312.5856
               1.5483432                       296.43213
                1.550269                       279.15234
               1.5521948                       260.86865
               1.5541206                       241.85098
               1.5560464                       222.04286
               1.5579722                        201.3309
                1.559898                       179.85692
               1.5618238                       157.74875
               1.5637496                       135.02457
               1.5656754                       111.72861
               1.5676012                        87.88546
                1.569527                        63.55735
               1.5714528                       38.893543
               1.5733786                       13.941825
               1.5753044                      -11.304512
               1.5772302                      -36.724255
                1.579156                      -62.219009
               1.5810818                      -87.747604
               1.5830076                      -113.15677
               1.5849334                      -138.38121
               1.5868592                      -163.50847
                1.588785                      -188.38065
               1.5907108                      -212.72183
               1.5926366                      -236.57536
               1.5945624                      -259.99728
               1.5964882                      -282.76959
                1.598414                      -304.77618
               1.6003398                      -326.05936
               1.6022656                      -346.50327
               1.6041914                       -365.9444
               1.6061172                      -384.39343
                1.608043                      -401.87488
               1.6099688                      -418.23795
               1.6118946                       -433.3035
               1.6138204                      -447.06595
               1.6157462                       -459.5726
                1.617672                      -470.77777
               1.6195978                      -480.60333
               1.6215236                       -488.9364
               1.6234494                       -495.6893
               1.6253752                      -500.94052
                1.627301                       -504.7692
               1.6292268                      -507.06967
               1.6311526                      -507.71393
               1.6330784                      -506.70792
               1.6350042                      -504.12088
                 1.63693                      -499.99066
               1.6388558                      -494.31631
               1.6407816                      -487.06012
               1.6427074                       -478.2034
               1.6446332                      -467.82938
                1.646559                      -455.99725
               1.6484848                      -442.67484
               1.6504106                      -427.92535
               1.6523364                      -411.84982
               1.6542622                      -394.43698
                1.656188                      -375.70673
               1.6581138                      -355.75937
               1.6600396                       -334.7247
               1.6619654                      -312.72076
               1.6638912                      -289.69421
                1.665817                      -265.60034
               1.6677428                      -240.69069
               1.6696686                      -215.17482
               1.6715944                      -188.98654
               1.6735202                      -162.12592
                1.675446                      -134.76126
               1.6773718                      -107.05421
               1.6792976                      -79.111916
               1.6812234                       -50.96587
               1.6831492                      -22.644285
                1.685075                        5.737371
               1.6870008                       34.029556
               1.6889266                       62.088943
               1.6908524                       89.849503
               1.6927782                       117.31963
                1.694704                       144.38985
               1.6966298                       170.88039
               1.6985556                       196.71953
               1.7004814                       221.85316
               1.7024072                        246.2045
                1.704333                       269.74564
               1.7062588                       292.41183
               1.7081846                       314.05017
               1.7101104                       334.55408
               1.7120362                       353.94489
                1.713962                       372.22125
               1.7158878                        389.2695
               1.7178136                       405.03345
               1.7197394                       419.52112
               1.7216652                       432.63089
                1.723591                       444.27518
               1.7255168                       454.54935
               1.7274426                       463.50522
               1.7293684                       470.96893
               1.7312942                       476.84659
                 1.73322                       481.29361
               1.7351458                       484.36728
               1.7370716                       485.95844
               1.7389974                       486.06274
               1.7409232                       484.72409
                1.742849                        481.9386
               1.7447748                        477.7352
               1.7467006                       472.16364
               1.7486264                       465.28741
               1.7505522                       457.12213
                1.752478                       447.61331
               1.7544038                       436.83487
               1.7563296                       424.93347
               1.7582554                        411.9108
               1.7601812                       397.76074
                1.762107                        382.5752
               1.7640328                       366.41815
               1.7659586                       349.31668
               1.7678844                       331.33148
               1.7698102                       312.57846
                1.771736                        293.1687
               1.7736618                       273.09232
               1.7755876                        252.3114
               1.7775134                       230.96489
               1.7794392                        209.2525
                1.781365                       187.21127
               1.7832908                       164.79791
               1.7852166                       142.04015
               1.7871424                       119.05695
               1.7890682                       96.025772
                1.790994                       73.022079
               1.7929198                       49.971973
               1.7948456                       26.906595
               1.7967714                       4.0068245
               1.7986972                      -18.655313
                1.800623                      -41.111328
               1.8025488                       -63.26931
               1.8044746                        -84.9897
               1.8064004                       -106.3135
               1.8083262                      -127.27626
                1.810252                      -147.68777
               1.8121778                      -167.43457
               1.8141036                      -186.60535
               1.8160294                      -205.20074
               1.8179552                      -223.13638
                1.819881                      -240.34344
               1.8218068                       -256.7681
               1.8237326                       -272.4527
               1.8256584                      -287.36575
               1.8275842                         -301.37
                 1.82951                      -314.54926
               1.8314358                      -326.99197
               1.8333616                      -338.48596
               1.8352874                      -348.95178
               1.8372132                      -358.60788
                1.839139                      -367.47702
               1.8410648                      -375.32916
               1.8429906                      -375.32916
               1.8449164                      -382.14716
               1.8468422                      -388.13004
                1.848768                      -393.25873
               1.8506938                      -397.35675
               1.8526196                       -400.4729
               1.8545454                      -402.75943
               1.8564712                      -404.16956
                1.858397                      -404.58084
               1.8603228                      -404.03735
               1.8622486                      -402.66269
               1.8641744                       -400.4379
               1.8661002                       -397.2749
                1.868026                      -393.20911
               1.8699518                      -388.32861
               1.8718776                      -382.63293
               1.8738034                      -376.07889
               1.8757292                      -368.69107
                1.877655                      -360.51178
               1.8795808                      -351.52145
               1.8815066                      -341.76917
               1.8834324                      -331.34277
               1.8853582                      -320.16412
                1.887284                      -308.18887
               1.8892098                        -295.561
               1.8911356                      -282.31378
               1.8930614                      -268.37247
               1.8949872                       -253.8035
                1.896913                      -238.67854
               1.8988388                       -222.9534
               1.9007646                      -206.63768
               1.9026904                      -189.81641
               1.9046162                      -172.52599
                1.906542                      -154.77843
               1.9084678                       -136.5916
               1.9103936                      -117.96908
               1.9123194                      -98.975037
               1.9142452                      -79.692902
                1.916171                      -60.113125
               1.9180968                      -40.247017
               1.9200226                      -20.161289
               1.9219484                      0.10894127
               1.9238742                       20.479389
                  1.9258                       40.882141
               1.9277258                       61.384701
               1.9296516                       81.994156
               1.9315774                        102.5587
               1.9335032                       122.92928
                1.935429                        143.0963
               1.9373548                       163.15108
               1.9392806                       183.04132
               1.9412064                       202.58122
               1.9431322                       221.73126
                1.945058                       240.50867
               1.9469838                       258.83719
               1.9489096                       276.67868
               1.9508354                       294.00522
               1.9527612                       310.70496
                1.954687                       326.67343
               1.9566128                       341.91852
               1.9585386                       356.49188
               1.9604644                       370.28934
               1.9623902                       383.16168
                1.964316                       395.11798
               1.9662418                       406.11377
               1.9681676                       416.06866
               1.9700934                       425.07153
               1.9720192                       433.09564
                1.973945                         439.948
               1.9758708                       445.56534
               1.9777966                       449.96548
               1.9797224                       453.20691
               1.9816482                       455.31674
                1.983574                       456.14951
               1.9854998                       455.65961
               1.9874256                       453.91977
               1.9893514                       450.85355
               1.9912772                       446.44897
                1.993203                       440.78693
               1.9951288                       433.82251
               1.9970546                       425.55408
               1.9989804                       416.01187
               2.0009062                       405.14844
                2.002832                       393.02505
               2.0047578                       379.71902
               2.0066836                       365.18652
               2.0086094                       349.44443
               2.0105352                       332.56665
                2.012461                       314.58347
               2.0143868                       295.54807
               2.0163126                       275.52136
               2.0182384                       254.51735
               2.0201642                       232.58601
                 2.02209                       209.84169
               2.0240158                       186.32565
               2.0259416                       162.04289
               2.0278674                       137.14165
               2.0297932                       111.75253
                2.031719                       85.822662
               2.0336448                       59.376904
               2.0355706                       32.634659
               2.0374964                        5.739697
               2.0394222                      -21.343132
                2.041348                      -48.581581
               2.0432738                      -75.768845
               2.0451996                      -102.79932
               2.0471254                      -129.73784
               2.0490512                      -156.49239
                2.050977                      -182.79257
               2.0529028                      -208.52078
               2.0548286                      -233.76355
               2.0567544                      -258.50647
               2.0586802                      -282.51578
                2.060606                      -305.64896
               2.0625318                      -327.94757
               2.0644576                      -349.33313
               2.0663834                      -369.65463
               2.0683092                      -388.87238
                2.070235                      -406.91766
               2.0721608                      -423.73599
               2.0740866                      -439.34579
               2.0760124                      -453.61569
               2.0779382                      -466.37576
                2.079864                      -477.65997
               2.0817898                      -487.53738
               2.0837156                      -495.95892
               2.0856414                      -502.81027
               2.0875672                        -508.005
                2.089493                      -511.58716
               2.0914188                      -513.61957
               2.0933446                      -514.03143
               2.0952704                      -512.77454
               2.0971962                       -509.9278
                2.099122                        -505.509
               2.1010478                      -499.44235
               2.1029736                      -491.77777
               2.1048994                      -482.64203
               2.1068252                       -472.0036
                2.108751                      -459.81226
               2.1106768                      -446.19049
               2.1126026                      -431.25629
               2.1145284                      -415.00214
               2.1164542                       -397.4155
                 2.11838                      -378.58609
               2.1203058                      -358.66498
               2.1222316                      -337.72614
               2.1241574                      -315.76205
               2.1260832                      -292.80261
                2.128009                      -268.98264
               2.1299348                      -244.47598
               2.1318606                      -219.32089
               2.1337864                      -193.52425
               2.1357122                      -167.25284
                2.137638                      -140.60229
               2.1395638                       -113.5591
               2.1414896                      -86.260048
               2.1434154                      -58.866817
               2.1453412                      -31.444057
                2.147267                       -4.062027
               2.1491928                       23.216875
               2.1511186                       50.310089
               2.1530444                       77.099739
               2.1549702                       103.48394
                2.156896                       129.36726
               2.1588218                        154.7215
               2.1607476                       179.52846
               2.1626734                       203.65186
               2.1645992                       226.97379
                2.166525                       249.44456
               2.1684508                        270.9903
               2.1703766                       291.61014
               2.1723024                       311.31863
               2.1742282                       329.94409
                2.176154                       347.34949
               2.1780798                       363.65341
               2.1800056                       378.87784
               2.1819314                       392.82523
               2.1838572                       405.47931
                2.185783                       416.91263
               2.1877088                        427.0126
               2.1896346                       435.78024
               2.1915604                       443.31107
               2.1934862                       449.49744
                2.195412                       454.29361
               2.1973378                        457.7915
               2.1992636                       459.96857
               2.2011894                       460.81296
               2.2031152                       460.36838
                2.205041                       458.63757
               2.2069668                       455.64801
               2.2088926                       451.40533
               2.2108184                       445.92868
               2.2127442                       439.30649
                 2.21467                        431.5412
               2.2165958                       422.62317
               2.2185216                        412.6355
               2.2204474                       401.65329
               2.2223732                        389.7258
                2.224299                       376.82013
               2.2262248                       362.93384
               2.2281506                       348.25406
               2.2300764                       332.86523
               2.2320022                       316.68884
                2.233928                        299.7793
               2.2358538                       282.26483
               2.2377796                       264.19757
               2.2397054                       245.57884
               2.2416312                       226.47256
                2.243557                       207.01617
               2.2454828                       187.20233
               2.2474086                       166.99205
               2.2493344                       146.54916
               2.2512602                       125.99927
                2.253186                       125.99927
               2.2551118                       105.30804
               2.2570376                       84.448944
               2.2589634                       63.493225
               2.2608892                       42.602055
                2.262815                       21.850222
               2.2647408                       1.1967618
               2.2666666                      -19.370771
               2.2685924                      -39.818245
               2.2705182                      -59.998436
                2.272444                      -79.781487
               2.2743698                      -99.266014
               2.2762956                      -118.51108
               2.2782214                      -137.37016
               2.2801472                      -155.71011
                2.282073                      -173.53651
               2.2839988                       -190.9467
               2.2859246                      -207.91154
               2.2878504                      -224.26892
               2.2897762                      -240.00467
                2.291702                      -255.16501
               2.2936278                      -269.69177
               2.2955536                      -283.56644
               2.2974794                      -296.79501
               2.2994052                      -309.32303
                2.301331                      -321.12335
               2.3032568                      -332.19241
               2.3051826                      -342.48679
               2.3071084                      -351.99594
               2.3090342                       -360.7699
                 2.31096                      -368.78204
               2.3128858                      -375.94485
               2.3148116                      -382.26489
               2.3167374                      -387.77026
               2.3186632                      -392.43048
                2.320589                      -396.22589
               2.3225148                      -399.13257
               2.3244406                      -401.15799
               2.3263664                      -402.35144
               2.3282922                      -402.67307
                2.330218                      -402.05969
               2.3321438                      -400.52896
               2.3340696                      -398.09952
               2.3359954                      -394.78275
               2.3379212                      -390.58899
                2.339847                      -385.48981
               2.3417728                      -379.45135
               2.3436986                      -372.47745
               2.3456244                      -364.64249
               2.3475502                      -355.97931
                2.349476                      -346.38223
               2.3514018                      -335.86011
               2.3533276                      -324.56976
               2.3552534                      -312.45898
               2.3571792                       -299.3931
                2.359105                      -285.50293
               2.3610308                      -270.94269
               2.3629566                      -255.61967
               2.3648824                       -239.4538
               2.3668082                      -222.56071
                2.368734                      -205.04555
               2.3706598                       -186.8999
               2.3725856                      -168.09564
               2.3745114                      -148.65091
               2.3764372                      -128.69208
                2.378363                      -108.31985
               2.3802888                       -87.44236
               2.3822146                       -66.04763
               2.3841404                        -44.3339
               2.3860662                      -22.380138
                2.387992                     -0.13975877
               2.3899178                       22.324293
               2.3918436                       44.904758
               2.3937694                       67.566711
               2.3956952                       90.299187
                2.397621                       113.00078
               2.3995468                        135.5336
               2.4014726                       157.91096
               2.4033984                       180.14139
               2.4053242                       202.03716
                 2.40725                       223.48959
               2.4091758                       244.56157
               2.4111016                       265.19824
               2.4130274                       285.23361
               2.4149532                       304.59894
                2.416879                       323.29498
               2.4188048                       341.25128
               2.4207306                       358.36749
               2.4226564                        374.6412
               2.4245822                       390.01572
                2.426508                       404.29599
               2.4284338                       417.46008
               2.4303596                       429.62134
               2.4322854                         440.689
               2.4342112                       450.50949
                2.436137                       459.04233
               2.4380628                       466.27936
               2.4399886                       472.24677
               2.4419144                       476.90823
               2.4438402                       480.15384
                2.445766                       481.98477
               2.4476918                       482.42087
               2.4496176                       481.40582
               2.4515434                       478.93771
               2.4534692                       475.02936
                2.455395                       469.66553
               2.4573208                       462.86481
               2.4592466                       454.63074
               2.4611724                       444.96252
               2.4630982                        433.9126
                2.465024                       421.49295
               2.4669498                       407.67126
               2.4688756                        392.5329
               2.4708014                       376.19254
               2.4727272                       358.59586
                2.474653                       339.74347
               2.4765788                       319.81265
               2.4785046                        298.8287
               2.4804304                       276.75522
               2.4823562                       253.77745
                2.484282                       229.99805
               2.4862078                       205.32768
               2.4881336                       179.84488
               2.4900594                        153.7758
               2.4919852                       127.21486
                2.493911                       100.13211
               2.4958368                       72.586433
               2.4977626                       44.762032
               2.4996884                       16.752375
               2.5016142                      -11.427543
                 2.50354                       -39.64249
               2.5054658                      -67.753555
               2.5073916                      -95.740486
               2.5093174                      -123.52853
               2.5112432                       -150.9413
                2.513169                      -177.88455
               2.5150948                      -204.34351
               2.5170206                      -230.20775
               2.5189464                      -255.35501
               2.5208722                      -279.74442
                2.522798                      -303.25327
               2.5247238                      -325.77072
               2.5266496                      -347.31943
               2.5285754                      -367.82245
               2.5305012                      -387.11975
                2.532427                      -405.14096
               2.5343528                      -421.87134
               2.5362786                      -437.33624
               2.5382044                      -451.44672
               2.5401302                      -464.00632
                2.542056                      -475.04816
               2.5439818                      -484.68399
               2.5459076                      -492.81628
               2.5478334                      -499.33777
               2.5497592                      -504.22754
                2.551685                      -507.51465
               2.5536108                      -509.27133
               2.5555366                        -509.453
               2.5574624                       -507.9628
               2.5593882                      -504.86374
                2.561314                      -500.27661
               2.5632398                      -494.19293
               2.5651656                      -486.51541
               2.5670914                      -477.27237
               2.5690172                      -466.63553
                2.570943                      -454.67795
               2.5728688                      -441.37607
               2.5747946                      -426.73181
               2.5767204                      -410.78027
               2.5786462                      -393.68201
                2.580572                      -375.55597
               2.5824978                      -356.31363
               2.5844236                      -336.01343
               2.5863494                       -314.8631
               2.5882752                       -292.9007
                2.590201                        -270.177
               2.5921268                      -246.80235
               2.5940526                       -222.7971
               2.5959784                      -198.25085
               2.5979042                      -173.28949
                 2.59983                      -147.98477
               2.6017558                      -122.44184
               2.6036816                      -96.700851
               2.6056074                      -70.803925
               2.6075332                      -44.936699
                2.609459                      -19.184378
               2.6113848                       6.5038552
               2.6133106                       32.027794
               2.6152364                         57.1917
               2.6171622                       81.943001
                2.619088                       106.29524
               2.6210138                       130.17345
               2.6229396                       153.49113
               2.6248654                       176.17598
               2.6267912                       198.14148
                2.628717                       219.37302
               2.6306428                       239.82802
               2.6325686                       259.38303
               2.6344944                       278.04239
               2.6364202                       295.84399
                2.638346                       312.66449
               2.6402718                       328.40039
               2.6421976                       343.09955
               2.6441234                       356.80145
               2.6460492                       369.40384
                2.647975                       380.82068
               2.6499008                       391.13504
               2.6518266                       400.38019
               2.6537524                       408.44122
               2.6556782                        415.2919
                2.657604                       421.00256
               2.6595298                       425.58298
               2.6614556                       425.58298
               2.6633814                       429.01208
               2.6653072                       431.29712
                2.667233                       432.43768
               2.6691588                       432.42673
               2.6710846                       431.31369
               2.6730104                       429.15457
               2.6749362                       425.92349
                2.676862                       421.59747
               2.6787878                       416.23047
               2.6807136                       409.90048
               2.6826394                       402.64484
               2.6845652                       394.43704
                2.686491                       385.28122
               2.6884168                       375.25143
               2.6903426                       364.39499
               2.6922684                       352.76343
               2.6941942                       340.40518
                 2.69612                       327.26825
               2.6980458                       313.37283
               2.6999716                       298.89163
               2.7018974                       283.86462
               2.7038232                       268.19308
                2.705749                       251.94679
               2.7076748                       235.29381
               2.7096006                       218.19978
               2.7115264                       200.59166
               2.7134522                       182.64647
                2.715378                       164.47736
               2.7173038                       145.93604
               2.7192296                       127.05547
               2.7211554                       108.04234
               2.7230812                        88.88871
                2.725007                       69.573967
               2.7269328                       50.203098
               2.7288586                       30.762583
               2.7307844                       11.218895
               2.7327102                      -8.3165245
                2.734636                       -27.72859
               2.7365618                      -46.997379
               2.7384876                      -66.158539
               2.7404134                      -85.231277
               2.7423392                      -104.14665
                2.744265                      -122.77695
               2.7461908                      -141.09004
               2.7481166                      -159.14067
               2.7500424                      -176.87206
               2.7519682                      -194.19539
                2.753894                      -211.13535
               2.7558198                      -227.67682
               2.7577456                      -243.73735
               2.7596714                      -259.27652
               2.7615972                       -274.2872
                2.763523                      -288.75977
               2.7654488                       -302.6153
               2.7673746                      -315.80157
               2.7693004                      -328.38229
               2.7712262                      -340.32315
                2.773152                      -351.50031
               2.7750778                      -361.89606
               2.7770036                      -371.53796
               2.7789294                      -380.40839
               2.7808552                      -388.43243
                2.782781                      -395.57657
               2.7847068                       -401.8779
               2.7866326                      -407.25385
               2.7885584                      -411.64594
               2.7904842                      -415.14633
                 2.79241                       -417.6864
               2.7943358                      -419.16254
               2.7962616                      -419.66577
               2.7981874                      -419.17999
               2.8001132                      -417.61404
                2.802039                      -415.01172
               2.8039648                      -411.36667
               2.8058906                      -406.64209
               2.8078164                      -400.86093
               2.8097422                      -393.97559
                2.811668                      -385.98697
               2.8135938                       -376.9953
               2.8155196                      -366.97662
               2.8174454                      -355.86667
               2.8193712                      -343.70853
                2.821297                      -330.53568
               2.8232228                      -316.36377
               2.8251486                      -301.22983
               2.8270744                      -285.14084
               2.8290002                      -268.11407
                2.830926                      -250.21608
               2.8328518                      -231.51178
               2.8347776                      -211.99936
               2.8367034                      -191.66382
               2.8386292                      -170.61839
                2.840555                      -148.98772
               2.8424808                      -126.73775
               2.8444066                      -103.86777
               2.8463324                      -80.513107
               2.8482582                      -56.751579
                2.850184                      -32.605965
               2.8521098                      -8.1716051
               2.8540356                       16.462626
               2.8559614                       41.270126
               2.8578872                       66.189774
                2.859813                       91.123474
               2.8617388                       115.97408
               2.8636646                        140.6483
               2.8655904                       165.12062
               2.8675162                       189.33467
                2.869442                       213.12495
               2.8713678                       236.45085
               2.8732936                       259.32242
               2.8752194                       281.55011
               2.8771452                       303.02081
                2.879071                        323.7912
               2.8809968                       343.76462
               2.8829226                       362.79468
               2.8848484                       380.86862
               2.8867742                        397.9274
                  2.8887                       413.85855
               2.8906258                       428.63205
               2.8925516                       442.22836
               2.8944774                       454.55127
               2.8964032                       465.49512
                2.898329                       475.05176
               2.9002548                       483.27036
               2.9021806                       490.11203
               2.9041064                        495.4548
               2.9060322                       499.22894
                2.907958                       501.47363
               2.9098838                       502.25235
               2.9118096                       501.52539
               2.9137354                        499.1843
               2.9156612                       495.22388
                2.917587                       489.76498
               2.9195128                       482.85455
               2.9214386                       474.36853
               2.9233644                        464.2785
               2.9252902                        452.7724
                2.927216                       439.89838
               2.9291418                       425.55371
               2.9310676                       409.81396
               2.9329934                       392.78003
               2.9349192                        374.4584
                2.936845                       354.96207
               2.9387708                       334.37622
               2.9406966                       312.62689
               2.9426224                       289.75452
               2.9445482                       266.02087
                2.946474                       241.58455
               2.9483998                       216.31134
               2.9503256                       190.15829
               2.9522514                        163.4212
               2.9541772                       136.31081
                2.956103                       108.73756
               2.9580288                       80.690773
               2.9599546                       52.410355
               2.9618804                       24.076109
               2.9638062                        -4.33886
                2.965732                       -32.78046
               2.9676578                      -61.064663
               2.9695836                      -89.122154
               2.9715094                      -116.90066
               2.9734352                      -144.25443
                2.975361                      -171.08545
               2.9772868                      -197.33502
               2.9792126                       -222.9342
               2.9811384                      -247.79311
               2.9830642                      -271.78677
                 2.98499                      -294.86127
               2.9869158                      -316.98416
               2.9888416                      -338.01822
               2.9907674                        -357.888
               2.9926932                      -376.65091
                2.994619                      -394.24426
               2.9965448                      -410.46048
               2.9984706                      -425.25372

