        Time / ns                e-field (t=0..end(0.00192)) (pb)_Z_0D_59/real
----------------------------------------------------------------------
                       0                               0
               0.0019258                               0
               0.0038516                               0
               0.0057774                               0
               0.0077032                               0
                0.009629                               0
               0.0115548                               0
               0.0134806                               0
               0.0154064                               0
               0.0173322                               0
                0.019258                               0
               0.0211838                               0
               0.0231096                               0
               0.0250354                               0
               0.0269612                               0
                0.028887                               0
               0.0308128                               0
               0.0327386                               0
               0.0346644                               0
               0.0365902                               0
                0.038516                               0
               0.0404418                               0
               0.0423676                               0
               0.0442934                               0
               0.0462192                               0
                0.048145                               0
               0.0500708                               0
               0.0519966                               0
               0.0539224                               0
               0.0558482                               0
                0.057774                               0
               0.0596998                               0
               0.0616256                               0
               0.0635514                               0
               0.0654772                               0
                0.067403                               0
               0.0693288                               0
               0.0712546                               0
               0.0731804                               0
               0.0751062                               0
                0.077032                               0
               0.0789578                               0
               0.0808836                               0
               0.0828094                               0
               0.0847352                               0
                0.086661                               0
               0.0885868                               0
               0.0905126                               0
               0.0924384                               0
               0.0943642                               0
                 0.09629                               0
               0.0982158                               0
               0.1001416                               0
               0.1020674                               0
               0.1039932                               0
                0.105919                               0
               0.1078448                               0
               0.1097706                               0
               0.1116964                               0
               0.1136222                               0
                0.115548                               0
               0.1174738                               0
               0.1193996                               0
               0.1213254                               0
               0.1232512                               0
                0.125177                               0
               0.1271028                  -9.4890519e-36
               0.1290286                  -3.8275492e-34
               0.1309544                  -2.3066312e-34
               0.1328802                  -3.1873562e-33
                0.134806                  -3.5534698e-33
               0.1367318                  -3.9805701e-34
               0.1386576                   1.0795934e-33
               0.1405834                  -9.6195855e-34
               0.1425092                    1.593222e-32
                0.144435                   2.3411193e-31
               0.1463608                   2.1159022e-30
               0.1482866                   1.3495813e-29
               0.1502124                   5.4069358e-29
               0.1521382                  -1.8386469e-28
                0.154064                  -7.0161982e-27
               0.1559898                  -8.7789169e-26
               0.1579156                  -7.9179093e-25
               0.1598414                  -5.9767218e-24
               0.1617672                  -3.9308731e-23
                0.163693                  -2.3071511e-22
               0.1656188                  -1.2300268e-21
               0.1675446                  -6.0210028e-21
               0.1694704                  -2.7247501e-20
               0.1713962                  -1.1481183e-19
                0.173322                  -4.5250099e-19
               0.1752478                  -1.6755335e-18
               0.1771736                  -5.8474829e-18
               0.1790994                  -1.9297677e-17
               0.1810252                  -6.0382835e-17
                0.182951                  -1.7948136e-16
               0.1848768                  -5.0787005e-16
               0.1868026                  -1.3703867e-15
               0.1887284                  -3.5315436e-15
               0.1906542                  -8.7034541e-15
                 0.19258                  -2.0535445e-14
               0.1945058                  -4.6434414e-14
               0.1964316                  -1.0072032e-13
               0.1983574                  -2.0969062e-13
               0.2002832                  -4.1934436e-13
                0.202209                   -8.059831e-13
               0.2041348                  -1.4894122e-12
               0.2060606                  -1.4894122e-12
               0.2079864                  -2.6474181e-12
               0.2099122                  -4.5278091e-12
                0.211838                  -7.4537963e-12
               0.2137638                  -1.1814903e-11
               0.2156896                  -1.8040661e-11
               0.2176154                  -2.6554613e-11
               0.2195412                  -3.7714491e-11
                0.221467                  -5.1761775e-11
               0.2233928                  -6.8808216e-11
               0.2253186                   -8.889281e-11
               0.2272444                  -1.1214926e-10
               0.2291702                  -1.3907155e-10
                0.231096                  -1.7086238e-10
               0.2330218                  -2.0978295e-10
               0.2349476                  -2.5940225e-10
               0.2368734                  -3.2464051e-10
               0.2387992                  -4.1156542e-10
                0.240725                  -5.2705751e-10
               0.2426508                  -6.7847483e-10
               0.2445766                  -8.7351365e-10
               0.2465024                   -1.120761e-09
               0.2484282                  -1.4306756e-09
                0.250354                  -1.8172089e-09
               0.2522798                  -2.2996609e-09
               0.2542056                  -2.9042395e-09
               0.2561314                  -3.6651604e-09
               0.2580572                  -4.6256319e-09
                0.259983                  -5.8382019e-09
               0.2619088                  -7.3661384e-09
               0.2638346                  -9.2864063e-09
               0.2657604                  -1.1693747e-08
               0.2676862                  -1.4706615e-08
                0.269612                  -1.8474044e-08
               0.2715378                   -2.318399e-08
               0.2734636                  -2.9070021e-08
               0.2753894                  -3.6422726e-08
               0.2773152                  -4.5597478e-08
                0.279241                  -5.7034242e-08
               0.2811668                  -7.1273618e-08
               0.2830926                  -8.8982624e-08
               0.2850184                  -1.1097874e-07
               0.2869442                  -1.3827987e-07
                 0.28887                  -1.7213212e-07
               0.2907958                  -2.1405826e-07
               0.2927216                  -2.6594179e-07
               0.2946474                  -3.3008658e-07
               0.2965732                  -4.0929899e-07
                0.298499                  -5.0703682e-07
               0.3004248                   -6.275406e-07
               0.3023506                   -7.759445e-07
               0.3042764                  -9.5854875e-07
               0.3062022                  -1.1829989e-06
                0.308128                  -1.4586452e-06
               0.3100538                  -1.7967807e-06
               0.3119796                  -2.2111717e-06
               0.3139054                  -2.7185822e-06
               0.3158312                  -3.3392207e-06
                0.317757                  -4.0977093e-06
               0.3196828                  -5.0236931e-06
               0.3216086                  -6.1530027e-06
               0.3235344                  -7.5289913e-06
               0.3254602                  -9.2039963e-06
                0.327386                  -1.1241024e-05
               0.3293118                  -1.3715807e-05
               0.3312376                  -1.6719463e-05
               0.3331634                  -2.0361305e-05
               0.3350892                  -2.4773308e-05
                0.337015                  -3.0112184e-05
               0.3389408                  -3.6566846e-05
               0.3408666                  -4.4363114e-05
               0.3427924                  -5.3770229e-05
               0.3447182                  -6.5110136e-05
                0.346644                  -7.8766985e-05
               0.3485698                   -9.519641e-05
               0.3504956                   -0.0001149428
               0.3524214                  -0.00013865475
               0.3543472                  -0.00016709713
                0.356273                  -0.00020118077
               0.3581988                  -0.00024198905
               0.3601246                  -0.00029079401
               0.3620504                  -0.00034911343
               0.3639762                  -0.00041873043
                0.365902                  -0.00050174387
               0.3678278                   -0.0006006363
               0.3697536                  -0.00071833923
               0.3716794                  -0.00085829804
               0.3736052                   -0.0010245423
                0.375531                   -0.0012218032
               0.3774568                   -0.0014556518
               0.3793826                   -0.0017326211
               0.3813084                   -0.0020603084
               0.3832342                   -0.0024476419
                 0.38516                   -0.0029049849
               0.3870858                   -0.0034444514
               0.3890116                     -0.00408029
               0.3909374                   -0.0048287562
               0.3928632                   -0.0057091136
                0.394789                   -0.0067435252
               0.3967148                   -0.0079577584
               0.3986406                   -0.0093814312
               0.4005664                    -0.011049382
               0.4024922                    -0.013001305
                0.404418                    -0.015283432
               0.4063438                    -0.017948953
               0.4082696                    -0.021058941
               0.4101954                    -0.024683924
               0.4121212                     -0.02890547
                0.414047                    -0.033816487
               0.4159728                    -0.039523803
               0.4178986                    -0.046149198
               0.4198244                    -0.053833909
               0.4217502                    -0.062738068
                0.423676                    -0.073043868
               0.4256018                    -0.084961437
               0.4275276                    -0.098727241
               0.4294534                     -0.11461157
               0.4313792                      -0.1329263
                0.433305                     -0.15401605
               0.4352308                     -0.17828162
               0.4371566                     -0.20617098
               0.4390824                     -0.23818901
               0.4410082                     -0.27491462
                0.442934                     -0.31699654
               0.4448598                     -0.36516163
               0.4467856                     -0.42024136
               0.4487114                     -0.48316795
               0.4506372                     -0.55496234
                0.452563                     -0.63681597
               0.4544888                     -0.73001677
               0.4564146                     -0.83606058
               0.4583404                     -0.95657325
               0.4602662                       -1.093381
                0.462192                      -1.2485409
               0.4641178                       -1.424329
               0.4660436                      -1.6232742
               0.4679694                      -1.8482099
               0.4698952                       -2.102241
                0.471821                       -2.388855
               0.4737468                      -2.7118993
               0.4756726                      -3.0755589
               0.4775984                      -3.4845877
               0.4795242                      -3.9441042
                 0.48145                      -4.4598646
               0.4833758                      -5.0380707
               0.4853016                      -5.6856689
               0.4872274                      -6.4100633
               0.4891532                      -7.2197146
                0.491079                      -8.1235771
               0.4930048                      -9.1314859
               0.4949306                      -10.254163
               0.4968564                      -11.503566
               0.4987822                       -12.89238
                0.500708                      -14.434325
               0.5026338                      -16.144606
               0.5045596                      -18.039345
               0.5064854                       -20.13637
               0.5084112                       -22.45483
                0.510337                      -25.014732
               0.5122628                      -27.838375
               0.5141886                      -30.949898
               0.5161144                       -34.37339
               0.5180402                      -38.137608
                0.519966                      -42.271458
               0.5218918                      -46.804756
               0.5238176                      -51.772152
               0.5257434                      -57.208462
               0.5276692                      -63.149685
                0.529595                      -69.635788
               0.5315208                      -76.711082
               0.5334466                      -84.416939
               0.5353724                      -92.800461
               0.5372982                      -101.91109
                0.539224                      -111.79914
               0.5411498                      -122.51946
               0.5430756                       -134.1246
               0.5450014                      -146.67618
               0.5469272                      -160.23416
                0.548853                      -174.85783
               0.5507788                       -190.6134
               0.5527046                      -207.56798
               0.5546304                      -225.78793
               0.5565562                      -245.34167
                0.558482                      -266.29999
               0.5604078                      -288.73779
               0.5623336                      -312.72208
               0.5642594                      -338.32446
               0.5661852                      -365.62186
                0.568111                      -394.68781
               0.5700368                      -425.58276
               0.5719626                      -458.37866
               0.5738884                      -493.15216
               0.5758142                      -529.95789
                 0.57774                      -568.85187
               0.5796658                      -609.90778
               0.5815916                      -653.16309
               0.5835174                      -698.66278
               0.5854432                      -746.45715
                0.587369                      -796.56335
               0.5892948                      -849.01343
               0.5912206                      -903.83319
               0.5931464                      -961.00189
               0.5950722                      -1020.5203
                0.596998                      -1082.3713
               0.5989238                       -1146.519
               0.6008496                      -1212.9177
               0.6027754                      -1281.4854
               0.6047012                       -1352.152
                0.606627                      -1424.8274
               0.6085528                      -1499.3644
               0.6104786                      -1575.6198
               0.6124044                      -1653.4446
               0.6143302                      -1653.4446
                0.616256                      -1732.6633
               0.6181818                      -1813.0635
               0.6201076                      -1894.3531
               0.6220334                      -1976.2666
               0.6239592                      -2058.6094
                0.625885                      -2141.0244
               0.6278108                      -2223.0972
               0.6297366                      -2304.4592
               0.6316624                      -2384.7561
               0.6335882                      -2463.5222
                0.635514                      -2540.2876
               0.6374398                      -2614.5459
               0.6393656                      -2685.7183
               0.6412914                      -2753.3333
               0.6432172                      -2816.6938
                0.645143                      -2875.2344
               0.6470688                      -2928.3145
               0.6489946                      -2975.0962
               0.6509204                      -3015.0454
               0.6528462                      -3047.4604
                0.654772                      -3071.3911
               0.6566978                      -3086.0881
               0.6586236                      -3090.8025
               0.6605494                      -3084.6719
               0.6624752                      -3066.9307
                0.664401                      -3036.6926
               0.6663268                      -2993.0261
               0.6682526                      -2935.0583
               0.6701784                      -2861.8975
               0.6721042                      -2772.8359
                 0.67403                      -2666.8589
               0.6759558                      -2543.1169
               0.6778816                      -2400.8193
               0.6798074                      -2239.0806
               0.6817332                      -2056.9692
                0.683659                      -1853.9714
               0.6855848                      -1629.2144
               0.6875106                       -1381.866
               0.6894364                      -1111.4069
               0.6913622                      -817.22974
                0.693288                      -498.63797
               0.6952138                      -155.01816
               0.6971396                       213.80667
               0.6990654                       608.26141
               0.7009912                       1028.9714
                0.702917                        1475.807
               0.7048428                       1949.2401
               0.7067686                       2449.1643
               0.7086944                       2975.5093
               0.7106202                       3528.2512
                0.712546                       4107.2012
               0.7144718                       4712.1343
               0.7163976                       5342.4146
               0.7183234                       5997.6646
               0.7202492                        6677.293
                0.722175                       7380.5093
               0.7241008                       8106.4067
               0.7260266                       8854.2168
               0.7279524                       9622.5469
               0.7298782                       10410.429
                0.731804                       11216.732
               0.7337298                       12039.531
               0.7356556                       12877.742
               0.7375814                       13729.665
               0.7395072                       14593.446
                0.741433                       15467.293
               0.7433588                       16349.246
               0.7452846                       17237.432
               0.7472104                       18129.648
               0.7491362                       19023.605
                0.751062                       19917.086
               0.7529878                       20807.689
               0.7549136                       21693.137
               0.7568394                       22570.982
               0.7587652                       23438.576
                0.760691                       24293.365
               0.7626168                       25132.826
               0.7645426                        25954.34
               0.7664684                       26755.344
               0.7683942                       27533.209
                 0.77032                       28285.361
               0.7722458                       29008.904
               0.7741716                       29701.479
               0.7760974                       30360.613
               0.7780232                       30983.768
                0.779949                       31568.424
               0.7818748                       32112.293
               0.7838006                       32612.998
               0.7857264                       33068.414
               0.7876522                       33476.363
                0.789578                       33834.844
               0.7915038                           34142
               0.7934296                       34396.051
               0.7953554                       34595.301
               0.7972812                       34738.414
                0.799207                        34823.84
               0.8011328                       34850.434
               0.8030586                       34817.316
               0.8049844                       34723.469
               0.8069102                       34568.234
                0.808836                       34351.145
               0.8107618                       34071.859
               0.8126876                       33730.184
               0.8146134                       33326.145
               0.8165392                        32860.18
                0.818465                       32332.535
               0.8203908                       31743.885
               0.8223166                       31094.959
               0.8242424                       30386.941
               0.8261682                       29620.967
                0.828094                       28798.408
               0.8300198                       27920.818
               0.8319456                       26989.996
               0.8338714                       26007.877
               0.8357972                       24976.545
                0.837723                       23898.301
               0.8396488                       22775.529
               0.8415746                       21610.846
               0.8435004                        20406.99
               0.8454262                       19166.793
                0.847352                       17893.189
               0.8492778                        16589.32
               0.8512036                       15258.444
               0.8531294                       13903.799
               0.8550552                       12528.729
                0.856981                       11136.694
               0.8589068                       9731.2539
               0.8608326                       8315.9375
               0.8627584                       6894.3486
               0.8646842                       5470.0767
                 0.86661                       4046.6982
               0.8685358                       2627.9016
               0.8704616                       1217.3265
               0.8723874                      -181.52287
               0.8743132                      -1565.0955
                0.876239                      -2929.8315
               0.8781648                      -4272.3579
               0.8800906                      -5589.3345
               0.8820164                      -6877.4512
               0.8839422                      -8133.5181
                0.885868                      -9354.4873
               0.8877938                      -10537.394
               0.8897196                      -11679.385
               0.8916454                      -12777.791
               0.8935712                      -13830.065
                0.895497                      -14833.707
               0.8974228                      -15786.485
               0.8993486                      -16686.361
               0.9012744                      -17531.373
               0.9032002                      -18319.693
                0.905126                      -19049.727
               0.9070518                      -19720.098
               0.9089776                      -20329.588
               0.9109034                      -20877.102
               0.9128292                      -21361.736
                0.914755                      -21782.818
               0.9166808                      -22139.846
               0.9186066                      -22432.477
               0.9205324                      -22660.543
               0.9224582                      -22824.055
                0.924384                      -22923.201
               0.9263098                      -22958.357
               0.9282356                      -22930.092
               0.9301614                      -22839.072
               0.9320872                      -22686.098
                0.934013                      -22472.172
               0.9359388                        -22198.5
               0.9378646                      -21866.355
               0.9397904                      -21477.096
               0.9417162                       -21032.32
                0.943642                      -20533.746
               0.9455678                      -19983.033
               0.9474936                       -19382.08
               0.9494194                      -18733.023
               0.9513452                      -18037.844
                0.953271                      -17298.645
               0.9551968                       -16517.76
               0.9571226                      -15697.509
               0.9590484                      -14840.251
               0.9609742                      -13948.402
                  0.9629                      -13024.439
               0.9648258                      -12070.963
               0.9667516                      -11090.525
               0.9686774                      -10085.675
               0.9706032                       -9059.083
                0.972529                      -8013.4028
               0.9744548                      -6951.2412
               0.9763806                      -5875.2563
               0.9783064                      -4788.1772
               0.9802322                      -3692.7151
                0.982158                      -2591.4387
               0.9840838                      -1486.9384
               0.9860096                      -381.91623
               0.9879354                       721.00171
               0.9898612                       1819.2693
                0.991787                       2910.3567
               0.9937128                       3991.7485
               0.9956386                       5060.9277
               0.9975644                       6115.4751
               0.9994902                        7153.043
                1.001416                        8171.249
               1.0033418                       9167.7969
               1.0052676                       10140.478
               1.0071934                       11087.079
               1.0091192                       12005.476
                1.011045                       12893.648
               1.0129708                       13749.597
               1.0148966                       14571.364
               1.0168224                       15357.086
               1.0187482                       16105.034
                1.020674                        16813.51
               1.0225998                       17480.795
               1.0245256                       17480.795
               1.0264514                       18105.367
               1.0283772                       18685.855
                1.030303                        19220.84
               1.0322288                       19708.973
               1.0341546                       20149.098
               1.0360804                       20540.141
               1.0380062                       20881.078
                1.039932                       21170.984
               1.0418578                       21409.027
               1.0437836                       21594.568
               1.0457094                       21727.012
               1.0476352                       21805.803
                1.049561                       21830.568
               1.0514868                       21801.078
               1.0534126                       21717.197
               1.0553384                       21578.867
               1.0572642                         21386.1
                 1.05919                       21139.135
               1.0611158                       20838.389
               1.0630416                       20484.266
               1.0649674                        20077.23
               1.0668932                       19617.969
                1.068819                       19107.404
               1.0707448                       18546.535
               1.0726706                       17936.318
               1.0745964                       17277.873
               1.0765222                       16572.609
                1.078448                       15822.032
               1.0803738                       15027.642
               1.0822996                       14191.086
               1.0842254                       13314.246
               1.0861512                       12399.063
                1.088077                       11447.513
               1.0900028                       10461.765
               1.0919286                       9444.1387
               1.0938544                       8397.0186
               1.0957802                       7322.8682
                1.097706                        6224.252
               1.0996318                       5103.8574
               1.1015576                       3964.4514
               1.1034834                       2808.8628
               1.1054092                       1640.0707
                1.107335                       461.08179
               1.1092608                      -725.11646
               1.1111866                      -1915.3574
               1.1131124                       -3106.428
               1.1150382                      -4295.1855
                1.116964                      -5478.3633
               1.1188898                      -6652.6582
               1.1208156                      -7814.8145
               1.1227414                      -8961.5166
               1.1246672                      -10089.489
                1.126593                      -11195.477
               1.1285188                      -12276.192
               1.1304446                      -13328.422
               1.1323704                      -14348.957
               1.1342962                      -15334.696
                1.136222                      -16282.684
               1.1381478                      -17189.846
               1.1400736                      -18053.227
               1.1419994                      -18870.127
               1.1439252                       -19637.83
                1.145851                      -20353.762
               1.1477768                      -21015.533
               1.1497026                      -21620.764
               1.1516284                      -22167.295
               1.1535542                      -22653.205
                 1.15548                      -23076.553
               1.1574058                      -23435.684
               1.1593316                      -23729.283
               1.1612574                       -23956.01
               1.1631832                       -24114.57
                1.165109                      -24204.168
               1.1670348                      -24224.285
               1.1689606                      -24174.322
               1.1708864                      -24053.992
               1.1728122                      -23863.371
                1.174738                      -23602.525
               1.1766638                      -23271.879
               1.1785896                      -22872.266
               1.1805154                      -22404.381
               1.1824412                      -21869.166
                1.184367                      -21268.178
               1.1862928                      -20603.027
               1.1882186                      -19875.268
               1.1901444                      -19086.785
               1.1920702                      -18239.848
                1.193996                      -17336.916
               1.1959218                      -16380.526
               1.1978476                       -15373.35
               1.1997734                      -14318.335
               1.2016992                      -13218.602
                1.203625                      -12077.346
               1.2055508                       -10897.97
               1.2074766                      -9684.1221
               1.2094024                      -8439.4951
               1.2113282                       -7167.729
                1.213254                      -5872.6504
               1.2151798                      -4558.3398
               1.2171056                      -3228.8757
               1.2190314                       -1888.318
               1.2209572                      -540.75354
                1.222883                        809.6712
               1.2248088                       2158.6956
               1.2267346                       3502.0916
               1.2286604                       4835.7573
               1.2305862                       6155.5947
                1.232512                       7457.4575
               1.2344378                       8737.2539
               1.2363636                       9991.0332
               1.2382894                       11214.921
               1.2402152                       12405.124
                1.242141                       13558.021
               1.2440668                       14670.021
               1.2459926                       15737.637
               1.2479184                       16757.668
               1.2498442                       17727.068
                 1.25177                        18642.83
               1.2536958                       19502.146
               1.2556216                       20302.557
               1.2575474                       21041.719
               1.2594732                        21717.32
                1.261399                       22327.441
               1.2633248                       22870.504
               1.2652506                       23344.887
               1.2671764                       23749.203
               1.2691022                       24082.533
                1.271028                       24344.068
               1.2729538                       24533.127
               1.2748796                       24649.414
               1.2768054                        24692.85
               1.2787312                       24663.457
                1.280657                       24561.592
               1.2825828                       24387.898
               1.2845086                       24143.186
               1.2864344                       23828.447
               1.2883602                       23444.928
                1.290286                       22994.086
               1.2922118                       22477.564
               1.2941376                       21897.221
               1.2960634                       21255.166
               1.2979892                       20553.582
                1.299915                       19794.807
               1.3018408                       18981.486
               1.3037666                       18116.396
               1.3056924                       17202.303
               1.3076182                       16242.077
                1.309544                       15238.945
               1.3114698                       14196.268
               1.3133956                       13117.215
               1.3153214                       12005.096
               1.3172472                       10863.493
                1.319173                       9695.9111
               1.3210988                       8505.9229
               1.3230246                       7297.1953
               1.3249504                       6073.2983
               1.3268762                       4837.8447
                1.328802                       3594.4895
               1.3307278                       2346.9143
               1.3326536                       1098.8092
               1.3345794                      -146.35149
               1.3365052                      -1385.1665
                1.338431                      -2614.0706
               1.3403568                      -3829.5374
               1.3422826                      -5028.2925
               1.3442084                      -6207.2188
               1.3461342                      -7363.1387
                 1.34806                       -8492.915
               1.3499858                      -9593.6719
               1.3519116                      -10662.642
               1.3538374                      -11697.059
               1.3557632                      -12694.363
                1.357689                      -13652.208
               1.3596148                      -14568.299
               1.3615406                      -15440.411
               1.3634664                      -16266.547
               1.3653922                      -17044.965
                1.367318                       -17774.01
               1.3692438                      -18452.033
               1.3711696                      -19077.566
               1.3730954                       -19649.51
               1.3750212                       -20166.93
                1.376947                      -20628.814
               1.3788728                      -21034.236
               1.3807986                      -21382.688
               1.3827244                      -21673.852
               1.3846502                      -21907.355
                1.386576                      -22082.963
               1.3885018                      -22200.727
               1.3904276                      -22260.828
               1.3923534                      -22263.453
               1.3942792                      -22209.014
                1.396205                      -22098.107
               1.3981308                      -21931.393
               1.4000566                      -21709.598
               1.4019824                      -21433.605
               1.4039082                      -21104.443
                1.405834                      -20723.332
               1.4077598                      -20291.471
               1.4096856                       -19810.08
               1.4116114                      -19280.609
               1.4135372                      -18704.658
                1.415463                      -18083.809
               1.4173888                      -17419.695
               1.4193146                      -16714.049
               1.4212404                      -15968.772
               1.4231662                       -15185.77
                1.425092                      -14366.928
               1.4270178                      -13514.336
               1.4289436                      -12630.107
               1.4308694                       -11716.28
               1.4327952                      -10775.059
                1.434721                      -10775.059
               1.4366468                       -9808.708
               1.4385726                      -8819.4834
               1.4404984                      -7809.7153
               1.4424242                      -6781.7222
                 1.44435                      -5737.8511
               1.4462758                      -4680.5269
               1.4482016                      -3612.1416
               1.4501274                      -2535.1379
               1.4520532                       -1452.032
                1.453979                      -365.26337
               1.4559048                       722.75049
               1.4578306                       1809.5247
               1.4597564                       2892.5193
               1.4616822                       3969.1809
                1.463608                       5037.1118
               1.4655338                       6093.9673
               1.4674596                       7137.1484
               1.4693854                       8164.1255
               1.4713112                       9172.6641
                1.473237                       10160.361
               1.4751628                       11124.729
               1.4770886                       12063.527
               1.4790144                       12974.464
               1.4809402                       13855.229
                1.482866                       14703.721
               1.4847918                       15517.802
               1.4867176                       16295.282
               1.4886434                        17034.16
               1.4905692                       17732.512
                1.492495                        18388.43
               1.4944208                       19000.145
               1.4963466                       19565.947
               1.4982724                       20084.104
               1.5001982                       20553.096
                1.502124                       20971.574
               1.5040498                       21338.158
               1.5059756                       21651.514
               1.5079014                       21910.551
               1.5098272                       22114.375
                1.511753                       22262.057
               1.5136788                       22352.699
               1.5156046                       22385.756
               1.5175304                       22360.844
               1.5194562                       22277.547
                1.521382                       22135.609
               1.5233078                       21934.951
               1.5252336                       21675.648
               1.5271594                       21358.018
               1.5290852                       20982.469
                1.531011                       20549.453
               1.5329368                       20059.607
               1.5348626                       19513.828
               1.5367884                       18913.238
               1.5387142                       18259.021
                 1.54064                        17552.41
               1.5425658                       16794.844
               1.5444916                       15988.039
               1.5464174                       15133.861
               1.5483432                       14234.208
                1.550269                        13291.14
               1.5521948                       12306.971
               1.5541206                       11284.084
               1.5560464                       10224.949
               1.5579722                       9132.2871
                1.559898                       8008.9331
               1.5618238                        6857.728
               1.5637496                       5681.6919
               1.5656754                       4483.9873
               1.5676012                       3267.8303
                1.569527                       2036.5764
               1.5714528                       793.65845
               1.5733786                      -457.55811
               1.5753044                       -1713.572
               1.5772302                       -2970.635
                1.579156                      -4225.0654
               1.5810818                      -5473.3379
               1.5830076                      -6711.8433
               1.5849334                      -7936.8037
               1.5868592                      -9144.4395
                1.588785                       -10331.18
               1.5907108                      -11493.482
               1.5926366                      -12627.625
               1.5945624                      -13730.029
               1.5964882                      -14797.341
                1.598414                      -15826.088
               1.6003398                      -16812.916
               1.6022656                      -17754.785
               1.6041914                      -18648.621
               1.6061172                      -19491.318
                1.608043                      -20280.041
               1.6099688                      -21012.207
               1.6118946                      -21685.373
               1.6138204                      -22297.205
               1.6157462                      -22845.441
                1.617672                        -23328.1
               1.6195978                      -23743.561
               1.6215236                       -24090.26
               1.6234494                      -24366.742
               1.6253752                      -24571.953
                1.627301                      -24705.063
               1.6292268                      -24765.314
               1.6311526                      -24752.271
               1.6330784                       -24665.82
               1.6350042                      -24505.975
                 1.63693                      -24272.957
               1.6388558                      -23967.359
               1.6407816                       -23590.02
               1.6427074                      -23141.867
               1.6446332                      -22624.074
                1.646559                      -22038.193
               1.6484848                          -21386
               1.6504106                       -20669.34
               1.6523364                      -19890.289
               1.6542622                       -19051.24
                1.656188                      -18154.797
               1.6581138                      -17203.709
               1.6600396                      -16200.859
               1.6619654                      -15149.278
               1.6638912                      -14052.274
                1.665817                      -12913.354
               1.6677428                      -11735.983
               1.6696686                       -10523.73
               1.6715944                      -9280.4756
               1.6735202                      -8010.1714
                1.675446                      -6716.6919
               1.6773718                      -5404.0239
               1.6792976                      -4076.3345
               1.6812234                      -2737.8105
               1.6831492                      -1392.5239
                1.685075                      -44.575169
               1.6870008                       1301.7369
               1.6889266                       2642.1792
               1.6908524                       3972.7844
               1.6927782                       5289.5435
                1.694704                       6588.3042
               1.6966298                       7865.0479
               1.6985556                       9116.0293
               1.7004814                       10337.588
               1.7024072                       11525.938
                1.704333                       12677.453
               1.7062588                       13788.921
               1.7081846                       14857.122
               1.7101104                       15878.795
               1.7120362                       16851.078
                1.713962                       17771.287
               1.7158878                        18636.77
               1.7178136                       19445.178
               1.7197394                       20194.322
               1.7216652                       20882.184
                1.723591                       21507.043
               1.7255168                       22067.293
               1.7274426                        22561.51
               1.7293684                       22988.625
               1.7312942                       23347.727
                 1.73322                       23638.059
               1.7351458                       23859.127
               1.7370716                       24010.691
               1.7389974                       24092.717
               1.7409232                       24105.297
                1.742849                       24048.809
               1.7447748                       23923.945
               1.7467006                       23731.439
               1.7486264                       23472.135
               1.7505522                       23147.303
                1.752478                       22758.414
               1.7544038                       22306.926
               1.7563296                         21794.5
               1.7582554                       21223.088
               1.7601812                       20594.746
                1.762107                       19911.631
               1.7640328                       19176.061
               1.7659586                       18390.498
               1.7678844                       17557.582
               1.7698102                       16679.998
                1.771736                       15760.465
               1.7736618                       14801.942
               1.7755876                       13807.449
               1.7775134                       12779.885
               1.7794392                       11722.383
                1.781365                       10638.229
               1.7832908                       9530.5264
               1.7852166                       8402.4502
               1.7871424                       7257.2744
               1.7890682                       6098.2241
                1.790994                       4928.6265
               1.7929198                       3751.7148
               1.7948456                       2570.5806
               1.7967714                       1388.5009
               1.7986972                       208.69241
                1.800623                      -965.83344
               1.8025488                           -2132
               1.8044746                      -3286.7876
               1.8064004                      -4427.2949
               1.8083262                      -5550.6167
                1.810252                       -6653.999
               1.8121778                      -7734.8032
               1.8141036                      -8790.3877
               1.8160294                      -9818.2461
               1.8179552                      -10815.975
                1.819881                      -11781.273
               1.8218068                      -12712.008
               1.8237326                      -13606.074
               1.8256584                       -14461.42
               1.8275842                      -15276.279
                 1.82951                       -16049.02
               1.8314358                       -16777.91
               1.8333616                      -17461.385
               1.8352874                      -18098.188
               1.8372132                      -18687.111
                1.839139                      -19226.965
               1.8410648                      -19716.717
               1.8429906                      -19716.717
               1.8449164                      -20155.502
               1.8468422                       -20542.59
                1.848768                      -20877.342
               1.8506938                      -21159.172
               1.8526196                      -21387.713
               1.8545454                      -21562.686
               1.8564712                      -21683.814
                1.858397                      -21751.123
               1.8603228                      -21764.738
               1.8622486                       -21724.67
               1.8641744                      -21631.182
               1.8661002                      -21484.713
                1.868026                      -21285.686
               1.8699518                      -21034.705
               1.8718776                      -20732.484
               1.8738034                      -20379.711
               1.8757292                      -19977.262
                1.877655                      -19526.182
               1.8795808                      -19027.506
               1.8815066                       -18482.32
               1.8834324                      -17891.902
               1.8853582                      -17257.635
                1.887284                      -16580.893
               1.8892098                      -15863.113
               1.8911356                       -15105.94
               1.8930614                      -14311.135
               1.8949872                      -13480.355
                1.896913                      -12615.325
               1.8988388                       -11718.05
               1.9007646                      -10790.608
               1.9026904                      -9834.9473
               1.9046162                      -8853.0752
                1.906542                      -7847.2642
               1.9084678                      -6819.8623
               1.9103936                      -5773.1025
               1.9123194                      -4709.2573
               1.9142452                      -3630.8318
                1.916171                       -2540.397
               1.9180968                      -1440.3511
               1.9200226                      -333.21371
               1.9219484                       778.26141
               1.9238742                       1891.4946
                  1.9258                       3003.9268
               1.9277258                       4112.7129
               1.9296516                       5215.0908
               1.9315774                       6308.4634
               1.9335032                       7390.0645
                1.935429                       8457.0635
               1.9373548                       9506.7754
               1.9392806                       10536.523
               1.9412064                        11543.51
               1.9431322                       12525.011
                1.945058                       13478.415
               1.9469838                       14401.084
               1.9489096                       15290.448
               1.9508354                       16144.008
               1.9527612                       16959.191
                1.954687                       17733.586
               1.9566128                       18464.979
               1.9585386                       19151.139
               1.9604644                       19789.842
               1.9623902                       20378.988
                1.964316                       20916.637
               1.9662418                       21401.023
               1.9681676                       21830.451
               1.9700934                       22203.275
               1.9720192                       22518.033
                1.973945                       22773.412
               1.9758708                       22968.277
               1.9777966                       23101.645
               1.9797224                       23172.635
               1.9816482                       23180.594
                1.983574                       23125.016
               1.9854998                       23005.465
               1.9874256                       22821.844
               1.9893514                       22574.277
               1.9912772                       22262.881
                1.993203                       21887.992
               1.9951288                       21450.314
               1.9970546                       20950.613
               1.9989804                        20389.73
               2.0009062                       19768.896
                2.002832                       19089.607
               2.0047578                       18353.295
               2.0066836                       17561.555
               2.0086094                       16716.381
               2.0105352                       15819.938
                2.012461                       14874.465
               2.0143868                       13882.376
               2.0163126                       12846.256
               2.0182384                       11768.851
               2.0201642                       10653.081
                 2.02209                       9502.0811
               2.0240158                       8319.0244
               2.0259416                        7107.123
               2.0278674                       5869.8784
               2.0297932                       4610.9023
                2.031719                         3333.76
               2.0336448                        2042.202
               2.0355706                       740.05121
               2.0374964                      -568.86499
               2.0394222                      -1880.6042
                2.041348                      -3191.2234
               2.0432738                      -4496.7427
               2.0451996                      -5793.1455
               2.0471254                      -7076.5059
               2.0490512                      -8342.8691
                2.050977                      -9588.2461
               2.0529028                      -10808.738
               2.0548286                      -12000.546
               2.0567544                      -13159.948
               2.0586802                      -14283.213
                2.060606                      -15366.719
               2.0625318                      -16407.096
               2.0644576                      -17401.027
               2.0663834                      -18345.225
               2.0683092                      -19236.635
                2.070235                      -20072.432
               2.0721608                      -20849.906
               2.0740866                      -21566.447
               2.0760124                      -22219.705
               2.0779382                      -22807.645
                2.079864                      -23328.309
               2.0817898                      -23779.885
               2.0837156                        -24160.9
               2.0856414                      -24470.139
               2.0875672                       -24706.59
                2.089493                      -24869.418
               2.0914188                      -24958.035
               2.0933446                      -24972.193
               2.0952704                      -24911.854
               2.0971962                      -24777.137
                2.099122                      -24568.463
               2.1010478                      -24286.525
               2.1029736                      -23932.242
               2.1048994                      -23506.785
               2.1068252                      -23011.492
                2.108751                      -22447.945
               2.1106768                       -21818.01
               2.1126026                      -21123.758
               2.1145284                      -20367.402
               2.1164542                      -19551.352
                 2.11838                      -18678.281
               2.1203058                       -17751.07
               2.1222316                      -16772.602
               2.1241574                      -15745.954
               2.1260832                      -14674.553
                2.128009                      -13561.851
               2.1299348                       -12411.26
               2.1318606                      -11226.406
               2.1337864                       -10011.12
               2.1357122                      -8769.2295
                2.137638                      -7504.5576
               2.1395638                      -6221.0513
               2.1414896                      -4922.7383
               2.1434154                      -3613.5896
               2.1453412                      -2297.6108
                2.147267                      -978.86816
               2.1491928                       338.65305
               2.1511186                       1651.0098
               2.1530444                       2954.2488
               2.1549702                       4244.4814
                2.156896                       5517.9219
               2.1588218                       6770.9038
               2.1607476                       7999.7607
               2.1626734                       9200.8223
               2.1645992                       10370.724
                2.166525                       11506.356
               2.1684508                        12604.49
               2.1703766                       13661.928
               2.1723024                       14675.826
               2.1742282                       15643.605
                2.176154                        16562.73
               2.1780798                       17430.729
               2.1800056                       18245.375
               2.1819314                       19004.705
               2.1838572                       19706.906
                2.185783                       20350.299
               2.1877088                       20933.404
               2.1896346                       21454.979
               2.1915604                       21914.012
               2.1934862                       22309.598
                2.195412                       22640.982
               2.1973378                        22907.77
               2.1992636                       23109.729
               2.2011894                       23246.658
               2.2031152                       23318.672
                2.205041                       23326.119
               2.2069668                       23269.441
               2.2088926                       23149.225
               2.2108184                       22966.303
               2.2127442                       22721.695
                 2.21467                       22416.547
               2.2165958                       22052.082
               2.2185216                       21629.781
               2.2204474                       21151.365
               2.2223732                       20618.512
                2.224299                       20032.916
               2.2262248                       19396.563
               2.2281506                       18711.719
               2.2300764                       17980.596
               2.2320022                       17205.355
                2.233928                       16388.393
               2.2358538                        15532.17
               2.2377796                       14639.215
               2.2397054                       13712.202
               2.2416312                       12753.734
                2.243557                       11766.439
               2.2454828                       10753.145
               2.2474086                       9716.6045
               2.2493344                       8659.5527
               2.2512602                       7584.8579
                2.253186                       7584.8579
               2.2551118                       6495.3755
               2.2570376                       5393.8506
               2.2589634                       4283.0635
               2.2608892                       3165.9221
                2.262815                       2045.2443
               2.2647408                       923.65973
               2.2666666                      -196.10817
               2.2685924                      -1311.2344
               2.2705182                      -2419.0452
                2.272444                      -3517.0459
               2.2743698                      -4602.6943
               2.2762956                      -5673.3291
               2.2782214                      -6726.5088
               2.2801472                      -7759.9946
                2.282073                      -8771.3896
               2.2839988                      -9758.3047
               2.2859246                      -10718.597
               2.2878504                      -11650.263
               2.2897762                      -12551.266
                2.291702                      -13419.521
               2.2936278                      -14253.108
               2.2955536                      -15050.306
               2.2974794                      -15809.351
               2.2994052                      -16528.611
                2.301331                      -17206.662
               2.3032568                      -17841.963
               2.3051826                      -18432.951
               2.3071084                       -18978.41
               2.3090342                      -19477.338
                 2.31096                      -19928.621
               2.3128858                      -20331.076
               2.3148116                       -20683.77
               2.3167374                       -20985.99
               2.3186632                      -21237.068
                2.320589                      -21436.324
               2.3225148                      -21583.195
               2.3244406                      -21677.295
               2.3263664                      -21718.348
               2.3282922                       -21706.09
                2.330218                      -21640.379
               2.3321438                      -21521.305
               2.3340696                      -21348.969
               2.3359954                      -21123.477
               2.3379212                      -20845.223
                2.339847                      -20514.713
               2.3417728                      -20132.402
               2.3436986                      -19698.936
               2.3456244                       -19215.18
               2.3475502                      -18682.021
                2.349476                      -18100.373
               2.3514018                      -17471.352
               2.3533276                      -16796.328
               2.3552534                      -16076.642
               2.3571792                      -15313.594
                2.359105                      -14508.828
               2.3610308                      -13664.185
               2.3629566                      -12781.411
               2.3648824                      -11862.312
               2.3668082                      -10908.951
                2.368734                      -9923.5723
               2.3706598                      -8908.3682
               2.3725856                      -7865.5835
               2.3745114                      -6797.7271
               2.3764372                      -5707.3574
                2.378363                      -4597.0361
               2.3802888                      -3469.4736
               2.3822146                      -2327.4636
               2.3841404                      -1173.8386
               2.3860662                      -11.512396
                2.387992                       1156.5028
               2.3899178                       2327.1812
               2.3918436                       3497.5251
               2.3937694                       4664.4126
               2.3956952                        5824.606
                2.397621                       6974.9517
               2.3995468                       8112.3398
               2.4014726                       9233.6201
               2.4033984                       10335.578
               2.4053242                       11415.007
                 2.40725                       12468.819
               2.4091758                       13493.941
               2.4111016                       14487.275
               2.4130274                       15445.846
               2.4149532                       16366.725
                2.416879                       17247.016
               2.4188048                       18083.975
               2.4207306                       18874.945
               2.4226564                        19617.32
               2.4245822                       20308.656
                2.426508                       20946.596
               2.4284338                       21528.922
               2.4303596                       22053.602
               2.4322854                       22518.686
               2.4342112                       22922.477
                2.436137                       23263.418
               2.4380628                       23539.988
               2.4399886                       23750.941
               2.4419144                       23895.328
               2.4438402                       23972.318
                2.445766                       23981.166
               2.4476918                       23921.361
               2.4496176                        23792.77
               2.4515434                       23595.395
               2.4534692                       23329.277
                2.455395                       22994.846
               2.4573208                       22592.787
               2.4592466                       22123.809
               2.4611724                       21588.912
               2.4630982                       20989.457
                2.465024                       20326.908
               2.4669498                       19602.848
               2.4688756                       18819.131
               2.4708014                       17977.879
               2.4727272                       17081.393
                2.474653                       16132.139
               2.4765788                       15132.669
               2.4785046                        14085.78
               2.4804304                       12994.576
               2.4823562                       11862.184
                2.484282                       10691.807
               2.4862078                       9486.9521
               2.4881336                       8251.1748
               2.4900594                       6988.0698
               2.4919852                       5701.4927
                2.493911                       4395.3916
               2.4958368                       3073.6553
               2.4977626                       1740.2562
               2.4996884                       399.30524
               2.5016142                      -945.03094
                 2.50354                       -2288.625
               2.5054658                      -3627.3889
               2.5073916                      -4957.1465
               2.5093174                       -6273.687
               2.5112432                        -7572.96
                2.513169                      -8850.9648
               2.5150948                       -10103.63
               2.5170206                      -11327.015
               2.5189464                      -12517.387
               2.5208722                      -13671.041
                2.522798                      -14784.281
               2.5247238                      -15853.595
               2.5266496                      -16875.715
               2.5285754                      -17847.496
               2.5305012                      -18765.848
                2.532427                      -19627.924
               2.5343528                      -20431.125
               2.5362786                      -21172.967
               2.5382044                      -21851.156
               2.5401302                      -22463.721
                2.542056                      -23008.822
               2.5439818                      -23484.725
               2.5459076                      -23890.152
               2.5478334                      -24224.111
               2.5497592                      -24485.535
                2.551685                      -24673.623
               2.5536108                      -24788.176
               2.5555366                      -24829.092
               2.5574624                      -24796.254
               2.5593882                      -24689.945
                2.561314                      -24510.816
               2.5632398                      -24259.631
               2.5651656                      -23937.357
               2.5670914                       -23545.25
               2.5690172                      -23084.744
                2.570943                      -22557.492
               2.5728688                      -21965.385
               2.5747946                      -21310.543
               2.5767204                      -20595.193
               2.5786462                      -19821.699
                2.580572                      -18992.711
               2.5824978                       -18111.09
               2.5844236                      -17179.703
               2.5863494                      -16201.523
               2.5882752                      -15179.765
                2.590201                      -14117.797
               2.5921268                      -13018.989
               2.5940526                       -11886.77
               2.5959784                      -10724.727
               2.5979042                      -9536.5293
                 2.59983                      -8325.8066
               2.6017558                      -7096.2222
               2.6036816                      -5851.5425
               2.6056074                      -4595.5957
               2.6075332                      -3332.0911
                2.609459                      -2064.6624
               2.6113848                      -797.10425
               2.6133106                       466.81833
               2.6152364                       1723.6089
               2.6171622                       2969.7664
                2.619088                       4201.6514
               2.6210138                       5415.7773
               2.6229396                       6608.9346
               2.6248654                       7777.9414
               2.6267912                       8919.5596
                2.628717                        10030.77
               2.6306428                        11108.74
               2.6325686                       12150.656
               2.6344944                       13153.902
               2.6364202                       14116.028
                2.638346                       15034.604
               2.6402718                       15907.453
               2.6421976                       16732.625
               2.6441234                       17508.164
               2.6460492                       18232.303
                2.647975                       18903.539
               2.6499008                       19520.492
               2.6518266                       20081.881
               2.6537524                       20586.607
               2.6556782                       21033.867
                2.657604                       21422.938
               2.6595298                       21753.078
               2.6614556                       21753.078
               2.6633814                       22023.877
               2.6653072                        22235.27
                2.667233                       22387.137
               2.6691588                       22479.408
               2.6710846                       22512.309
               2.6730104                       22486.258
               2.6749362                       22401.766
                2.676862                       22259.461
               2.6787878                       22060.133
               2.6807136                        21804.66
               2.6826394                       21494.066
               2.6845652                       21129.584
                2.686491                       20712.463
               2.6884168                       20244.057
               2.6903426                       19725.898
               2.6922684                       19159.594
               2.6941942                       18546.818
                 2.69612                        17889.34
               2.6980458                       17189.002
               2.6999716                       16447.795
               2.7018974                       15667.726
               2.7038232                       14850.841
                2.705749                       13999.305
               2.7076748                       13115.321
               2.7096006                       12201.151
               2.7115264                       11259.096
               2.7134522                       10291.436
                2.715378                       9300.5771
               2.7173038                       8288.9795
               2.7192296                       7259.0176
               2.7211554                       6213.1157
               2.7230812                       5153.8032
                2.725007                       4083.5771
               2.7269328                       3004.8784
               2.7288586                        1920.199
               2.7307844                       832.07813
               2.7327102                      -257.00275
                2.734636                      -1344.5793
               2.7365618                      -2428.1223
               2.7384876                      -3505.1487
               2.7404134                      -4573.2808
               2.7423392                      -5630.1167
                2.744265                      -6673.2065
               2.7461908                      -7700.1421
               2.7481166                      -8708.6055
               2.7500424                      -9696.2939
               2.7519682                      -10660.883
                2.753894                      -11600.183
               2.7558198                      -12512.117
               2.7577456                      -13394.457
               2.7596714                      -14244.961
               2.7615972                      -15061.694
                2.763523                      -15842.816
               2.7654488                      -16586.326
               2.7673746                      -17290.277
               2.7693004                      -17952.984
               2.7712262                      -18572.791
                2.773152                      -19147.939
               2.7750778                      -19676.904
               2.7770036                       -20158.34
               2.7789294                      -20590.799
               2.7808552                      -20972.908
                2.782781                      -21303.568
               2.7847068                      -21581.771
               2.7866326                      -21806.492
               2.7885584                      -21976.764
               2.7904842                      -22091.871
                 2.79241                      -22151.275
               2.7943358                      -22154.447
               2.7962616                      -22100.951
               2.7981874                      -21990.482
               2.8001132                      -21822.928
                2.802039                      -21598.428
               2.8039648                      -21317.094
               2.8058906                      -20979.078
               2.8078164                      -20584.908
               2.8097422                      -20135.207
                2.811668                      -19630.619
               2.8135938                      -19072.049
               2.8155196                      -18460.561
               2.8174454                      -17797.346
               2.8193712                      -17083.691
                2.821297                      -16321.023
               2.8232228                      -15511.022
               2.8251486                      -14655.522
               2.8270744                      -13756.395
               2.8290002                      -12815.675
                2.830926                      -11835.593
               2.8328518                      -10818.482
               2.8347776                      -9766.7979
               2.8367034                      -8683.1729
               2.8386292                      -7570.3564
                2.840555                      -6431.1367
               2.8424808                      -5268.4429
               2.8444066                      -4085.3616
               2.8463324                      -2885.0144
               2.8482582                      -1670.6366
                2.850184                      -445.58392
               2.8521098                       786.81018
               2.8540356                       2023.1484
               2.8559614                       3259.9016
               2.8578872                       4493.5381
                2.859813                       5720.5317
               2.8617388                       6937.2749
               2.8636646                       8140.1626
               2.8655904                       9325.6982
               2.8675162                       10490.357
                2.869442                       11630.519
               2.8713678                       12742.676
               2.8732936                       13823.465
               2.8752194                       14869.525
               2.8771452                       15877.533
                2.879071                       16844.264
               2.8809968                       17766.615
               2.8829226                       18641.588
               2.8848484                       19466.316
               2.8867742                       20238.092
                  2.8887                       20954.303
               2.8906258                       21612.432
               2.8925516                       22210.223
               2.8944774                       22745.629
               2.8964032                       23216.707
                2.898329                       23621.707
               2.9002548                       23959.084
               2.9021806                       24227.443
               2.9041064                       24425.662
               2.9060322                       24552.914
                2.907958                       24608.529
               2.9098838                       24591.949
               2.9118096                       24502.912
               2.9137354                       24341.494
               2.9156612                        24107.92
                2.917587                       23802.607
               2.9195128                        23426.24
               2.9214386                       22979.754
               2.9233644                       22464.318
               2.9252902                       21881.305
                2.927216                       21232.285
               2.9291418                       20519.109
               2.9310676                       19743.863
               2.9329934                        18908.75
               2.9349192                       18016.189
                2.936845                        17068.85
               2.9387708                       16069.562
               2.9406966                       15021.346
               2.9426224                       13927.394
               2.9445482                       12790.999
                2.946474                       11615.626
               2.9483998                       10404.857
               2.9503256                       9162.4053
               2.9522514                       7892.2324
               2.9541772                        6598.272
                2.956103                       5284.3701
               2.9580288                       3954.6431
               2.9599546                        2613.291
               2.9618804                       1264.4224
               2.9638062                      -87.697098
                2.965732                      -1438.8337
               2.9676578                      -2784.9426
               2.9695836                      -4121.8354
               2.9715094                      -5445.2568
               2.9734352                      -6751.1455
                2.975361                      -8035.5122
               2.9772868                      -9294.4111
               2.9792126                      -10524.015
               2.9811384                       -11720.55
               2.9830642                       -12880.34
                 2.98499                      -13999.928
               2.9869158                       -15075.99
               2.9888416                      -16105.289
               2.9907674                      -17084.754
               2.9926932                      -18011.557
                2.994619                      -18883.033
               2.9965448                       -19696.65
               2.9984706                      -20450.154

