        Time / ns                e-field (t=0..end(0.00192)) (pb)_Z_0D_82/real
----------------------------------------------------------------------
                       0                               0
               0.0019258                               0
               0.0038516                               0
               0.0057774                               0
               0.0077032                               0
                0.009629                               0
               0.0115548                               0
               0.0134806                               0
               0.0154064                               0
               0.0173322                               0
                0.019258                               0
               0.0211838                               0
               0.0231096                               0
               0.0250354                               0
               0.0269612                               0
                0.028887                               0
               0.0308128                               0
               0.0327386                               0
               0.0346644                               0
               0.0365902                               0
                0.038516                               0
               0.0404418                               0
               0.0423676                               0
               0.0442934                               0
               0.0462192                               0
                0.048145                               0
               0.0500708                               0
               0.0519966                               0
               0.0539224                               0
               0.0558482                               0
                0.057774                               0
               0.0596998                               0
               0.0616256                               0
               0.0635514                               0
               0.0654772                               0
                0.067403                               0
               0.0693288                               0
               0.0712546                               0
               0.0731804                               0
               0.0751062                               0
                0.077032                               0
               0.0789578                               0
               0.0808836                               0
               0.0828094                               0
               0.0847352                               0
                0.086661                               0
               0.0885868                               0
               0.0905126                               0
               0.0924384                               0
               0.0943642                               0
                 0.09629                               0
               0.0982158                               0
               0.1001416                               0
               0.1020674                               0
               0.1039932                               0
                0.105919                               0
               0.1078448                               0
               0.1097706                               0
               0.1116964                               0
               0.1136222                               0
                0.115548                               0
               0.1174738                               0
               0.1193996                               0
               0.1213254                               0
               0.1232512                               0
                0.125177                               0
               0.1271028                               0
               0.1290286                               0
               0.1309544                               0
               0.1328802                               0
                0.134806                               0
               0.1367318                               0
               0.1386576                               0
               0.1405834                               0
               0.1425092                               0
                0.144435                               0
               0.1463608                               0
               0.1482866                               0
               0.1502124                               0
               0.1521382                               0
                0.154064                               0
               0.1559898                               0
               0.1579156                               0
               0.1598414                               0
               0.1617672                               0
                0.163693                               0
               0.1656188                               0
               0.1675446                               0
               0.1694704                               0
               0.1713962                               0
                0.173322                               0
               0.1752478                               0
               0.1771736                               0
               0.1790994                               0
               0.1810252                               0
                0.182951                               0
               0.1848768                               0
               0.1868026                  -4.0264717e-35
               0.1887284                  -2.2805855e-34
               0.1906542                  -2.1346948e-33
                 0.19258                  -1.5479238e-33
               0.1945058                  -2.6469198e-33
               0.1964316                  -3.0439224e-33
               0.1983574                  -3.7799413e-33
               0.2002832                  -8.9135547e-33
                0.202209                  -3.7663897e-32
               0.2041348                  -2.6923682e-31
               0.2060606                  -2.6923682e-31
               0.2079864                  -1.9429686e-30
               0.2099122                   -1.304685e-29
                0.211838                  -8.1283265e-29
               0.2137638                  -4.7278576e-28
               0.2156896                  -2.5792649e-27
               0.2176154                  -1.3248589e-26
               0.2195412                  -6.4358964e-26
                0.221467                  -2.9658532e-25
               0.2233928                  -1.2997248e-24
               0.2253186                  -5.4307094e-24
               0.2272444                  -2.1682643e-23
               0.2291702                  -8.2887275e-23
                0.231096                  -3.0385973e-22
               0.2330218                  -1.0699087e-21
               0.2349476                  -3.6233342e-21
               0.2368734                  -1.1817484e-20
               0.2387992                  -3.7155053e-20
                0.240725                   -1.127526e-19
               0.2426508                  -3.3050306e-19
               0.2445766                  -9.3653224e-19
               0.2465024                  -2.5676205e-18
               0.2484282                   -6.815292e-18
                0.250354                  -1.7521993e-17
               0.2522798                  -4.3660446e-17
               0.2542056                  -1.0549451e-16
               0.2561314                  -2.4725156e-16
               0.2580572                  -5.6230108e-16
                0.259983                   -1.241254e-15
               0.2619088                  -2.6599486e-15
               0.2638346                  -5.5346645e-15
               0.2657604                  -1.1183188e-14
               0.2676862                  -2.1944211e-14
                0.269612                  -4.1814913e-14
               0.2715378                  -7.7367183e-14
               0.2734636                  -1.3897092e-13
               0.2753894                  -2.4229254e-13
               0.2773152                  -4.0987225e-13
                0.279241                   -6.724455e-13
               0.2811668                  -1.0695067e-12
               0.2830926                  -1.6478039e-12
               0.2850184                  -2.4576402e-12
               0.2869442                  -3.5454686e-12
                 0.28887                  -4.9421617e-12
               0.2907958                  -6.6495477e-12
               0.2927216                  -8.6266038e-12
               0.2946474                  -1.0780457e-11
               0.2965732                  -1.2969968e-11
                0.298499                  -1.5030416e-11
               0.3004248                  -1.6822795e-11
               0.3023506                  -1.8311153e-11
               0.3042764                  -1.9660159e-11
               0.3062022                  -2.1324553e-11
                0.308128                   -2.412821e-11
               0.3100538                  -2.9255817e-11
               0.3119796                  -3.8190846e-11
               0.3139054                   -5.250439e-11
               0.3158312                  -7.3663839e-11
                0.317757                  -1.0274175e-10
               0.3196828                  -1.4029326e-10
               0.3216086                  -1.8636694e-10
               0.3235344                   -2.408278e-10
               0.3254602                  -3.0391656e-10
                0.327386                  -3.7690701e-10
               0.3293118                   -4.629597e-10
               0.3312376                  -5.6730065e-10
               0.3331634                  -6.9754164e-10
               0.3350892                  -8.6320379e-10
                0.337015                  -1.0750754e-09
               0.3389408                  -1.3448205e-09
               0.3408666                  -1.6842377e-09
               0.3427924                  -2.1064384e-09
               0.3447182                  -2.6267548e-09
                0.346644                  -3.2654559e-09
               0.3485698                  -4.0497525e-09
               0.3504956                  -5.0150795e-09
               0.3524214                  -6.2060743e-09
               0.3543472                   -7.679045e-09
                0.356273                  -9.5004156e-09
               0.3581988                  -1.1748118e-08
               0.3601246                  -1.4515024e-08
               0.3620504                  -1.7911258e-08
               0.3639762                   -2.206971e-08
                0.365902                  -2.7158931e-08
               0.3678278                  -3.3383024e-08
               0.3697536                  -4.0984741e-08
               0.3716794                  -5.0267147e-08
               0.3736052                  -6.1594207e-08
                0.375531                  -7.5401772e-08
               0.3774568                  -9.2201951e-08
               0.3793826                   -1.126378e-07
               0.3813084                  -1.3744551e-07
               0.3832342                  -1.6754601e-07
                 0.38516                  -2.0402673e-07
               0.3870858                  -2.4817726e-07
               0.3890116                   -3.015688e-07
               0.3909374                  -3.6610433e-07
               0.3928632                  -4.4392576e-07
                0.394789                  -5.3767292e-07
               0.3967148                  -6.5060493e-07
               0.3986406                  -7.8642563e-07
               0.4005664                  -9.4943306e-07
               0.4024922                   -1.145192e-06
                0.404418                  -1.3798333e-06
               0.4063438                  -1.6605208e-06
               0.4082696                   -1.996221e-06
               0.4101954                  -2.3974396e-06
               0.4121212                  -2.8760019e-06
                0.414047                  -3.4464508e-06
               0.4159728                  -4.1252515e-06
               0.4178986                  -4.9322298e-06
               0.4198244                  -5.8917863e-06
               0.4217502                  -7.0296401e-06
                0.423676                  -8.3769819e-06
               0.4256018                  -9.9724102e-06
               0.4275276                  -1.1857001e-05
               0.4294534                  -1.4084136e-05
               0.4313792                  -1.6712434e-05
                0.433305                   -1.980355e-05
               0.4352308                   -2.344741e-05
               0.4371566                  -2.7726403e-05
               0.4390824                  -3.2740954e-05
               0.4410082                  -3.8628299e-05
                0.442934                  -4.5527981e-05
               0.4448598                  -5.3591149e-05
               0.4467856                  -6.3006264e-05
               0.4487114                  -7.3987911e-05
               0.4506372                    -8.67899e-05
                0.452563                  -0.00010168504
               0.4544888                  -0.00011899593
               0.4564146                  -0.00013910657
               0.4583404                  -0.00016239064
               0.4602662                  -0.00018935725
                0.462192                  -0.00022057247
               0.4641178                  -0.00025655847
               0.4660436                   -0.0002981163
               0.4679694                  -0.00034598357
               0.4698952                  -0.00040089092
                0.471821                  -0.00046419789
               0.4737468                  -0.00053669722
               0.4756726                  -0.00061958551
               0.4775984                  -0.00071467791
               0.4795242                  -0.00082304538
                 0.48145                  -0.00094674499
               0.4833758                   -0.0010877419
               0.4853016                   -0.0012480462
               0.4872274                   -0.0014297822
               0.4891532                   -0.0016362183
                0.491079                   -0.0018696276
               0.4930048                   -0.0021340407
               0.4949306                    -0.002431219
               0.4968564                   -0.0027673261
               0.4987822                   -0.0031445969
                0.500708                   -0.0035686523
               0.5026338                   -0.0040438259
               0.5045596                   -0.0045743072
               0.5064854                   -0.0051674792
               0.5084112                   -0.0058316016
                0.510337                   -0.0065684561
               0.5122628                   -0.0073841144
               0.5141886                   -0.0082920119
               0.5161144                   -0.0092931744
               0.5180402                    -0.010403224
                0.519966                    -0.011621255
               0.5218918                    -0.012958582
               0.5238176                    -0.014426596
               0.5257434                    -0.016034078
               0.5276692                    -0.017786173
                0.529595                    -0.019688047
               0.5315208                    -0.021746973
               0.5334466                    -0.023973143
               0.5353724                    -0.026373727
               0.5372982                    -0.028958967
                0.539224                    -0.031722337
               0.5411498                    -0.034642961
               0.5430756                    -0.037751246
               0.5450014                    -0.041034658
               0.5469272                    -0.044486053
                0.548853                    -0.048076946
               0.5507788                    -0.051786862
               0.5527046                    -0.055580877
               0.5546304                    -0.059514776
               0.5565562                    -0.063423395
                0.558482                    -0.067247719
               0.5604078                    -0.071016639
               0.5623336                    -0.074732974
               0.5642594                     -0.07803344
               0.5661852                    -0.080972634
                0.568111                    -0.083545722
               0.5700368                    -0.085429996
               0.5719626                    -0.086340405
               0.5738884                    -0.086472072
               0.5758142                    -0.085266203
                 0.57774                    -0.082504444
               0.5796658                    -0.078016579
               0.5815916                    -0.071251869
               0.5835174                    -0.062142875
               0.5854432                     -0.05014205
                0.587369                    -0.034358259
               0.5892948                    -0.014894253
               0.5912206                    0.0090206843
               0.5931464                     0.038619716
               0.5950722                     0.073668413
                0.596998                      0.11573711
               0.5989238                      0.16561583
               0.6008496                      0.22395326
               0.6027754                       0.2918669
               0.6047012                      0.37114236
                0.606627                      0.46268514
               0.6085528                      0.56782478
               0.6104786                      0.68678612
               0.6124044                      0.82399428
               0.6143302                      0.82399428
                0.616256                      0.97950089
               0.6181818                       1.1568702
               0.6201076                       1.3552034
               0.6220334                       1.5770948
               0.6239592                       1.8280042
                0.625885                       2.1097298
               0.6278108                       2.4225924
               0.6297366                       2.7702663
               0.6316624                       3.1589422
               0.6335882                       3.5860269
                0.635514                       4.0577102
               0.6374398                       4.5828047
               0.6393656                        5.158741
               0.6412914                       5.7901187
               0.6432172                       6.4803023
                0.645143                       7.2346363
               0.6470688                       8.0586433
               0.6489946                       8.9611101
               0.6509204                       9.9456844
               0.6528462                       11.006922
                0.654772                       12.148519
               0.6566978                       13.395345
               0.6586236                       14.743856
               0.6605494                       16.192305
               0.6624752                       17.747833
                0.664401                       19.428421
               0.6663268                       21.223082
               0.6682526                       23.135607
               0.6701784                       25.187069
               0.6721042                       27.395763
                 0.67403                       29.736605
               0.6759558                        32.19902
               0.6778816                        34.83942
               0.6798074                       37.637043
               0.6817332                       40.605869
                0.683659                        43.73214
               0.6855848                       47.029816
               0.6875106                       50.505268
               0.6894364                       54.152744
               0.6913622                       57.978828
                0.693288                       62.025436
               0.6952138                       66.237289
               0.6971396                        70.62014
               0.6990654                       75.202568
               0.7009912                       79.985573
                0.702917                       84.968369
               0.7048428                       90.122147
               0.7067686                       95.461723
               0.7086944                       100.98711
               0.7106202                        106.6991
                0.712546                       112.62402
               0.7144718                         118.678
               0.7163976                       124.94575
               0.7183234                       131.30103
               0.7202492                       137.86925
                0.722175                        144.6212
               0.7241008                       151.46071
               0.7260266                       158.40297
               0.7279524                       165.51297
               0.7298782                       172.73764
                0.731804                       180.02068
               0.7337298                       187.41879
               0.7356556                       194.87202
               0.7375814                       202.32524
               0.7395072                       209.80887
                0.741433                       217.43553
               0.7433588                       225.00385
               0.7452846                        232.5434
               0.7472104                       240.02702
               0.7491362                       247.42433
                0.751062                       254.82246
               0.7529878                       262.10632
               0.7549136                       269.33017
               0.7568394                       276.29996
               0.7587652                       283.10046
                0.760691                       289.81213
               0.7626168                       296.40952
               0.7645426                       302.66412
               0.7664684                       308.57916
               0.7683942                       314.40628
                 0.77032                        319.9473
               0.7722458                       324.97522
               0.7741716                       329.88815
               0.7760974                       334.34723
               0.7780232                         338.517
                0.779949                        342.1178
               0.7818748                       345.48843
               0.7838006                       348.40366
               0.7857264                        350.8042
               0.7876522                       352.86108
                0.789578                       354.40668
               0.7915038                       355.32083
               0.7934296                       355.95056
               0.7953554                       356.06564
               0.7972812                       355.49677
                0.799207                       354.46747
               0.8011328                        352.9252
               0.8030586                       350.87488
               0.8049844                       348.24582
               0.8069102                        345.1037
                0.808836                       341.28091
               0.8107618                       337.11121
               0.8126876                       332.19989
               0.8146134                       326.77402
               0.8165392                       320.77591
                0.818465                       314.38156
               0.8203908                       307.46933
               0.8223166                       299.98322
               0.8242424                       291.87396
               0.8261682                       283.42438
                0.828094                       274.45517
               0.8300198                       265.08481
               0.8319456                       255.20313
               0.8338714                       244.86758
               0.8357972                       234.18515
                0.837723                       223.15575
               0.8396488                       211.73506
               0.8415746                       200.02829
               0.8435004                       187.96962
               0.8454262                       175.63145
                0.847352                       163.01213
               0.8492778                       150.32703
               0.8512036                       137.50217
               0.8531294                       124.25229
               0.8550552                        110.9687
                0.856981                       97.828163
               0.8589068                        84.43605
               0.8608326                       71.038193
               0.8627584                       57.727467
               0.8646842                       44.449631
                 0.86661                       31.309088
               0.8685358                       18.197319
               0.8704616                       5.2031093
               0.8723874                      -7.5346022
               0.8743132                      -20.073364
                0.876239                      -32.384399
               0.8781648                      -44.351803
               0.8800906                      -56.032288
               0.8820164                      -67.428314
               0.8839422                      -78.427277
                0.885868                      -88.995453
               0.8877938                      -99.188736
               0.8897196                       -109.0277
               0.8916454                      -118.28298
               0.8935712                      -127.06635
                0.895497                      -135.33344
               0.8974228                       -143.1591
               0.8993486                      -150.46843
               0.9012744                      -157.15216
               0.9032002                      -163.25095
                0.905126                      -168.90498
               0.9070518                      -174.00081
               0.9089776                      -178.41347
               0.9109034                      -182.25475
               0.9128292                      -185.59538
                0.914755                      -188.32147
               0.9166808                      -190.41127
               0.9186066                      -191.98889
               0.9205324                      -193.04654
               0.9224582                      -193.49335
                0.924384                        -193.235
               0.9263098                      -192.54897
               0.9282356                      -191.49626
               0.9301614                       -189.7614
               0.9320872                      -187.44778
                0.934013                      -184.73196
               0.9359388                      -181.55391
               0.9378646                      -177.93951
               0.9397904                      -173.88222
               0.9417162                      -169.30597
                0.943642                      -164.35184
               0.9455678                      -159.11217
               0.9474936                       -153.4875
               0.9494194                      -147.50916
               0.9513452                      -141.20154
                0.953271                      -134.57034
               0.9551968                      -127.69302
               0.9571226                      -120.54047
               0.9590484                       -113.1253
               0.9609742                       -105.5911
                  0.9629                      -97.891617
               0.9648258                      -89.936089
               0.9667516                      -81.821434
               0.9686774                      -73.631218
               0.9706032                      -65.279793
                0.972529                      -56.842056
               0.9744548                      -48.432068
               0.9763806                      -39.904514
               0.9783064                      -31.285734
               0.9802322                      -22.748241
                0.982158                      -14.249126
               0.9840838                      -5.7520447
               0.9860096                       2.7713199
               0.9879354                       11.319322
               0.9898612                       19.693501
                0.991787                        27.92201
               0.9937128                       36.136047
               0.9956386                       44.168499
               0.9975644                       52.038723
               0.9994902                       59.915615
                1.001416                       67.616112
               1.0033418                       74.991776
               1.0052676                       82.170761
               1.0071934                       89.289856
               1.0091192                       96.328499
                1.011045                       103.03491
               1.0129708                       109.29618
               1.0148966                       115.38181
               1.0168224                       121.40358
               1.0187482                       127.13581
                1.020674                        132.4998
               1.0225998                       137.58772
               1.0245256                       137.58772
               1.0264514                       142.38499
               1.0283772                       146.86388
                1.030303                        151.0721
               1.0322288                       154.99614
               1.0341546                        158.5295
               1.0360804                         161.642
               1.0380062                       164.43651
                1.039932                       166.94902
               1.0418578                       169.12294
               1.0437836                       170.92744
               1.0457094                       172.29428
               1.0476352                       173.22142
                1.049561                       173.78793
               1.0514868                       173.94859
               1.0534126                       173.77687
               1.0553384                       173.34445
               1.0572642                       172.32071
                 1.05919                       170.70416
               1.0611158                       168.94739
               1.0630416                       166.88919
               1.0649674                       164.17838
               1.0668932                       161.06824
                1.068819                       157.68652
               1.0707448                       153.84003
               1.0726706                       149.55663
               1.0745964                       144.90958
               1.0765222                       139.89709
                1.078448                       134.53009
               1.0803738                       128.71904
               1.0822996                       122.48717
               1.0842254                       115.98905
               1.0861512                       109.17464
                1.088077                       101.96238
               1.0900028                       94.417648
               1.0919286                       86.595139
               1.0938544                       78.532104
               1.0957802                       70.186028
                1.097706                       61.494873
               1.0996318                       52.573566
               1.1015576                       43.507168
               1.1034834                       34.239357
               1.1054092                       24.743885
                1.107335                        15.05118
               1.1092608                        5.261199
               1.1111866                      -4.5682869
               1.1131124                      -14.486121
               1.1150382                      -24.465158
                1.116964                      -34.487167
               1.1188898                      -44.593384
               1.1208156                      -54.669952
               1.1227414                      -64.577682
               1.1246672                      -74.368759
                1.126593                      -84.143967
               1.1285188                       -93.82653
               1.1304446                      -103.24293
               1.1323704                      -112.41282
               1.1342962                      -121.42071
                1.136222                      -130.16914
               1.1381478                      -138.59895
               1.1400736                      -146.74089
               1.1419994                       -154.5309
               1.1439252                      -161.89487
                1.145851                      -168.80702
               1.1477768                      -175.29495
               1.1497026                      -181.42438
               1.1516284                      -187.09441
               1.1535542                      -192.13518
                 1.15548                      -196.61305
               1.1574058                      -200.63321
               1.1593316                      -204.07961
               1.1612574                      -206.85541
               1.1631832                      -209.05894
                1.165109                      -210.74098
               1.1670348                      -211.76225
               1.1689606                      -212.02846
               1.1708864                      -211.64604
               1.1728122                      -210.73029
                1.174738                      -209.22586
               1.1766638                      -206.97429
               1.1785896                      -203.93372
               1.1805154                      -200.28564
               1.1824412                      -196.14038
                1.184367                      -191.35295
               1.1862928                      -185.86385
               1.1882186                      -179.76093
               1.1901444                      -173.04745
               1.1920702                      -165.78271
                1.193996                      -158.04741
               1.1959218                      -149.74475
               1.1978476                      -140.85741
               1.1997734                      -131.52394
               1.2016992                      -121.78975
                1.203625                      -111.63161
               1.2055508                      -101.04739
               1.2074766                      -90.106339
               1.2094024                      -78.921257
               1.2113282                      -67.447006
                1.213254                      -55.637886
               1.2151798                      -43.665966
               1.2171056                      -31.615931
               1.2190314                      -19.407364
               1.2209572                      -7.0625181
                1.222883                       5.3189349
               1.2248088                       17.643335
               1.2267346                       29.873241
               1.2286604                        42.06852
               1.2305862                       54.213028
                1.232512                       66.182999
               1.2344378                       77.881783
               1.2363636                       89.272758
               1.2382894                       100.39945
               1.2402152                       111.25868
                1.242141                       121.75336
               1.2440668                        131.8591
               1.2459926                       141.53984
               1.2479184                       150.71754
               1.2498442                       159.40794
                 1.25177                        167.6069
               1.2536958                       175.29254
               1.2556216                       182.44682
               1.2575474                       188.90617
               1.2594732                       194.63167
                1.261399                       199.88017
               1.2633248                       204.69148
               1.2652506                       208.73892
               1.2671764                       211.91087
               1.2691022                       214.44983
                1.271028                       216.44887
               1.2729538                       217.77647
               1.2748796                       218.36429
               1.2768054                       218.22238
               1.2787312                       217.43373
                1.280657                       216.04359
               1.2825828                        213.9538
               1.2845086                       211.19391
               1.2864344                       207.83731
               1.2883602                       203.79785
                1.290286                       199.14215
               1.2922118                       193.98599
               1.2941376                       188.25105
               1.2960634                       181.93781
               1.2979892                       175.08221
                1.299915                       167.68968
               1.3018408                        159.9021
               1.3037666                       151.73787
               1.3056924                       143.11092
               1.3076182                       134.13026
                1.309544                       124.80337
               1.3114698                       115.03976
               1.3133956                       105.05021
               1.3153214                        94.97393
               1.3172472                       84.612808
                1.319173                       73.963943
               1.3210988                       63.241058
               1.3230246                       52.464146
               1.3249504                       41.597763
               1.3268762                       30.678123
                1.328802                        19.71822
               1.3307278                       8.7868786
               1.3326536                      -2.0606813
               1.3345794                      -12.808389
               1.3365052                      -23.356222
                1.338431                      -33.743397
               1.3403568                      -44.092007
               1.3422826                      -54.218121
               1.3442084                      -63.949989
               1.3461342                      -73.420273
                 1.34806                      -82.682343
               1.3499858                      -91.647095
               1.3519116                      -100.25636
               1.3538374                      -108.45355
               1.3557632                      -116.25805
                1.357689                      -123.70229
               1.3596148                       -130.7567
               1.3615406                      -137.43678
               1.3634664                      -143.66309
               1.3653922                      -149.33514
                1.367318                      -154.58513
               1.3692438                      -159.45299
               1.3711696                      -163.80292
               1.3730954                      -167.66743
               1.3750212                       -171.0827
                1.376947                      -173.99919
               1.3788728                      -176.45445
               1.3807986                      -178.41942
               1.3827244                      -179.88123
               1.3846502                      -180.95207
                1.386576                      -181.54987
               1.3885018                      -181.58475
               1.3904276                      -181.25395
               1.3923534                      -180.57382
               1.3942792                      -179.32922
                1.396205                      -177.61176
               1.3981308                      -175.62732
               1.4000566                      -173.25392
               1.4019824                      -170.33098
               1.4039082                      -167.01454
                1.405834                      -163.50102
               1.4077598                      -159.67357
               1.4096856                      -155.34233
               1.4116114                      -150.60484
               1.4135372                      -145.66966
                1.415463                      -140.55554
               1.4173888                      -135.14113
               1.4193146                      -129.35751
               1.4212404                      -123.25912
               1.4231662                      -116.95796
                1.425092                      -110.51517
               1.4270178                      -103.85861
               1.4289436                      -96.912285
               1.4308694                      -89.778732
               1.4327952                      -82.536957
                1.434721                      -82.536957
               1.4366468                      -75.122276
               1.4385726                      -67.551544
               1.4404984                      -59.880554
               1.4424242                      -52.090935
                 1.44435                       -44.16024
               1.4462758                       -36.08176
               1.4482016                        -27.9599
               1.4501274                      -19.906105
               1.4520532                      -11.818448
                1.453979                      -3.6032178
               1.4559048                       4.6649499
               1.4578306                       12.904917
               1.4597564                       21.102882
               1.4616822                       29.283731
                1.463608                       37.419544
               1.4655338                       45.477493
               1.4674596                       53.498711
               1.4693854                       61.435516
               1.4713112                       69.209732
                1.473237                        76.88208
               1.4751628                       84.476425
               1.4770886                        91.88562
               1.4790144                       99.061325
               1.4809402                        106.0871
                1.482866                       112.95901
               1.4847918                       119.56749
               1.4867176                       125.95171
               1.4886434                       132.10672
               1.4905692                       137.89983
                1.492495                       143.42909
               1.4944208                       148.76459
               1.4963466                       153.74995
               1.4982724                       158.39156
               1.5001982                       162.70282
                1.502124                       166.56194
               1.5040498                       170.03845
               1.5059756                       173.24767
               1.5079014                       176.10391
               1.5098272                        178.4687
                1.511753                       180.31941
               1.5136788                       181.77205
               1.5156046                       182.87265
               1.5175304                       183.49673
               1.5194562                       183.58513
                1.521382                       183.21454
               1.5233078                       182.43051
               1.5252336                       181.18341
               1.5271594                       179.40749
               1.5290852                       177.13432
                1.531011                       174.43965
               1.5329368                       171.25987
               1.5348626                        167.5065
               1.5367884                       163.29364
               1.5387142                       158.68625
                 1.54064                       153.55789
               1.5425658                       147.94418
               1.5444916                       141.93336
               1.5464174                       135.42392
               1.5483432                       128.46379
                1.550269                       121.19949
               1.5521948                       113.52573
               1.5541206                       105.32372
               1.5560464                       96.730782
               1.5579722                       87.948837
                1.559898                       78.888054
               1.5618238                       69.341118
               1.5637496                       59.500114
               1.5656754                       49.561131
               1.5676012                       39.338726
                1.569527                       28.849218
               1.5714528                       18.255823
               1.5733786                       7.4876819
               1.5753044                      -3.4236748
               1.5772302                      -14.399274
                1.579156                      -25.463236
               1.5810818                      -36.476959
               1.5830076                      -47.376808
               1.5849334                      -58.338177
               1.5868592                      -69.338615
                1.588785                      -80.119202
               1.5907108                      -90.628952
               1.5926366                      -101.01134
               1.5945624                      -111.20291
               1.5964882                      -121.10097
                1.598414                      -130.75421
               1.6003398                      -140.01427
               1.6022656                       -148.8157
               1.6041914                      -157.36821
               1.6061172                      -165.52751
                1.608043                      -173.11024
               1.6099688                      -180.28258
               1.6118946                       -186.9258
               1.6138204                       -192.8904
               1.6157462                      -198.39853
                1.617672                      -203.42484
               1.6195978                      -207.73885
               1.6215236                      -211.35559
               1.6234494                       -214.3502
               1.6253752                      -216.72705
                1.627301                      -218.47418
               1.6292268                      -219.54834
               1.6311526                      -219.87181
               1.6330784                      -219.43608
               1.6350042                      -218.37175
                 1.63693                      -216.69048
               1.6388558                      -214.24698
               1.6407816                      -211.06209
               1.6427074                       -207.2659
               1.6446332                      -202.86557
                1.646559                      -197.74701
               1.6484848                      -191.89359
               1.6504106                       -185.5085
               1.6523364                      -178.62921
               1.6542622                      -171.07364
                1.656188                       -162.8822
               1.6581138                      -154.18938
               1.6600396                      -145.04662
               1.6619654                      -135.51456
               1.6638912                      -125.53678
                1.665817                        -115.078
               1.6677428                      -104.23058
               1.6696686                      -93.041039
               1.6715944                      -81.626907
               1.6735202                      -70.063499
                1.675446                      -58.212463
               1.6773718                      -46.099419
               1.6792976                       -33.92514
               1.6812234                      -21.711845
               1.6831492                      -9.3983316
                1.685075                       2.9554265
               1.6870008                       15.216575
               1.6889266                       27.363977
               1.6908524                       39.468487
               1.6927782                       51.428444
                1.694704                       63.092854
               1.6966298                       74.537048
               1.6985556                        85.80629
               1.7004814                       96.731339
               1.7024072                        107.2232
                1.704333                       117.35648
               1.7062588                       127.15453
               1.7081846                       136.55457
               1.7101104                       145.45213
               1.7120362                       153.75398
                1.713962                       161.53603
               1.7158878                       168.91322
               1.7178136                       175.75958
               1.7197394                        181.9278
               1.7216652                       187.48453
                1.723591                       192.48184
               1.7255168                       196.89238
               1.7274426                       200.70412
               1.7293684                       203.83089
               1.7312942                       206.24904
                 1.73322                       208.09933
               1.7351458                       209.36078
               1.7370716                       209.90218
               1.7389974                       209.83626
               1.7409232                       209.25674
                1.742849                       207.98714
               1.7447748                       205.96678
               1.7467006                       203.41995
               1.7486264                       200.45135
               1.7505522                       196.86884
                1.752478                       192.59679
               1.7544038                       187.82855
               1.7563296                       182.61607
               1.7582554                       176.88016
               1.7601812                         170.703
                1.762107                        164.1279
               1.7640328                       157.06018
               1.7659586                       149.52278
               1.7678844                        141.6734
               1.7698102                       133.58812
                1.771736                       125.17632
               1.7736618                       116.38771
               1.7755876                       107.34048
               1.7775134                       98.142586
               1.7794392                       88.807587
                1.781365                       79.274651
               1.7832908                       69.494522
               1.7852166                        59.60006
               1.7871424                       49.743248
               1.7890682                       39.877975
                1.790994                       29.942205
               1.7929198                       20.000402
               1.7948456                       10.100644
               1.7967714                      0.22759481
               1.7986972                      -9.5295267
                1.800623                       -19.09189
               1.8025488                      -28.560213
               1.8044746                      -37.897785
               1.8064004                       -47.00473
               1.8083262                      -55.980988
                1.810252                      -64.700577
               1.8121778                      -73.013947
               1.8141036                      -81.186539
               1.8160294                      -89.207687
               1.8179552                        -96.7686
                1.819881                      -103.97339
               1.8218068                      -110.96996
               1.8237326                      -117.62401
               1.8256584                      -123.89725
               1.8275842                      -129.83046
                 1.82951                      -135.36935
               1.8314358                      -140.50804
               1.8333616                       -145.3373
               1.8352874                      -149.82222
               1.8372132                      -153.81757
                1.839139                      -157.39729
               1.8410648                      -160.70387
               1.8429906                      -160.70387
               1.8449164                      -163.61575
               1.8468422                      -166.03842
                1.848768                      -168.08008
               1.8506938                      -169.76369
               1.8526196                      -171.04433
               1.8545454                      -171.94925
               1.8564712                      -172.46417
                1.858397                      -172.56595
               1.8603228                      -172.30743
               1.8622486                      -171.69876
               1.8641744                      -170.70062
               1.8661002                      -169.30128
                1.868026                      -167.51711
               1.8699518                      -165.42484
               1.8718776                      -163.05392
               1.8738034                      -160.28943
               1.8757292                      -157.07651
                1.877655                      -153.52609
               1.8795808                      -149.75328
               1.8815066                      -145.72945
               1.8834324                      -141.31706
               1.8853582                      -136.50038
                1.887284                      -131.42479
               1.8892098                      -126.14814
               1.8911356                      -120.58063
               1.8930614                      -114.67367
               1.8949872                       -108.5037
                1.896913                      -102.12323
               1.8988388                      -95.493156
               1.9007646                      -88.601547
               1.9026904                       -81.46801
               1.9046162                      -74.148621
                1.906542                      -66.693031
               1.9084678                      -58.996212
               1.9103936                      -51.044209
               1.9123194                      -43.021168
               1.9142452                      -34.911457
                1.916171                      -26.583599
               1.9180968                       -18.09481
               1.9200226                      -9.5451965
               1.9219484                     -0.96985722
               1.9238742                       7.6661201
                  1.9258                       16.410889
               1.9277258                       25.197311
               1.9296516                       33.968315
               1.9315774                       42.726627
               1.9335032                       51.419849
                1.935429                       60.056267
               1.9373548                       68.697983
               1.9392806                       77.263374
               1.9412064                       85.635681
               1.9431322                       93.841316
                1.945058                       101.92354
               1.9469838                       109.83677
               1.9489096                       117.54514
               1.9508354                       125.04295
               1.9527612                       132.28632
                1.954687                       139.20351
               1.9566128                       145.78583
               1.9585386                       152.12242
               1.9604644                       158.18803
               1.9623902                       163.80237
                1.964316                       168.97496
               1.9662418                        173.8242
               1.9681676                       178.26601
               1.9700934                       182.22316
               1.9720192                       185.74469
                1.973945                       188.81874
               1.9758708                       191.36597
               1.9777966                       193.34457
               1.9797224                       194.84619
               1.9816482                       195.92975
                1.983574                       196.42778
               1.9854998                       196.27286
               1.9874256                       195.59857
               1.9893514                        194.4129
               1.9912772                       192.65504
                1.993203                       190.31493
               1.9951288                       187.40877
               1.9970546                       183.99292
               1.9989804                       179.99632
               2.0009062                       175.33807
                2.002832                       170.16956
               2.0047578                       164.56374
               2.0066836                       158.40221
               2.0086094                       151.65733
               2.0105352                       144.41298
                2.012461                       136.75102
               2.0143868                       128.62592
               2.0163126                        119.9641
               2.0182384                       110.90515
               2.0201642                       101.55022
                 2.02209                       91.794472
               2.0240158                        81.61673
               2.0259416                       71.116524
               2.0278674                       60.385765
               2.0297932                       49.438961
                2.031719                       38.221165
               2.0336448                       26.783144
               2.0355706                       15.225103
               2.0374964                       3.5516393
               2.0394222                      -8.2228031
                2.041348                      -20.009615
               2.0432738                      -31.730709
               2.0451996                      -43.456882
               2.0471254                      -55.236633
               2.0490512                      -66.859467
                2.050977                      -78.226852
               2.0529028                      -89.439728
               2.0548286                       -100.4367
               2.0567544                      -111.17413
               2.0586802                      -121.65195
                2.060606                      -131.73369
               2.0625318                      -141.42038
               2.0644576                      -150.76595
               2.0663834                      -159.65007
               2.0683092                      -168.00526
                2.070235                      -175.85135
               2.0721608                      -183.20064
               2.0740866                      -190.04308
               2.0760124                      -196.27771
               2.0779382                      -201.83791
                2.079864                      -206.77425
               2.0817898                      -211.09869
               2.0837156                      -214.76833
               2.0856414                      -217.77086
               2.0875672                      -220.06808
                2.089493                      -221.61813
               2.0914188                      -222.49702
               2.0933446                      -222.72646
               2.0952704                      -222.18024
               2.0971962                      -220.88733
                2.099122                       -218.9734
               2.1010478                      -216.37967
               2.1029736                      -213.03656
               2.1048994                      -209.01686
               2.1068252                      -204.38629
                2.108751                      -199.09343
               2.1106768                      -193.10591
               2.1126026                      -186.56001
               2.1145284                      -179.52055
               2.1164542                      -171.88106
                 2.11838                      -163.65218
               2.1203058                      -154.94185
               2.1222316                      -145.80229
               2.1241574                      -136.24457
               2.1260832                      -126.25298
                2.128009                      -115.88248
               2.1299348                      -105.20811
               2.1318606                      -94.230736
               2.1337864                      -83.022125
               2.1357122                      -71.653633
                2.137638                      -60.057056
               2.1395638                      -48.241577
               2.1414896                      -36.367722
               2.1434154                      -24.510509
               2.1453412                      -12.630606
                2.147267                     -0.74847275
               2.1491928                       11.076379
               2.1511186                       22.810196
               2.1530444                        34.39518
               2.1549702                       45.798515
                2.156896                       57.006573
               2.1588218                       67.969025
               2.1607476                       78.666962
               2.1626734                       89.072174
               2.1645992                       99.131165
                2.166525                       108.81378
               2.1684508                       118.06139
               2.1703766                       126.89698
               2.1723024                       135.38336
               2.1742282                       143.38596
                2.176154                        150.7955
               2.1780798                       157.72168
               2.1800056                       164.23744
               2.1819314                        170.2572
               2.1838572                       175.65205
                2.185783                       180.40793
               2.1877088                       184.63853
               2.1896346                       188.37445
               2.1915604                       191.52759
               2.1934862                       194.07413
                2.195412                       196.05568
               2.1973378                       197.44817
               2.1992636                       198.24001
               2.2011894                       198.50893
               2.2031152                       198.23264
                2.205041                       197.34587
               2.2069668                       195.93541
               2.2088926                       194.01074
               2.2108184                       191.51318
               2.2127442                       188.55678
                 2.21467                       185.15404
               2.2165958                       181.19464
               2.2185216                       176.78432
               2.2204474                       172.00932
               2.2223732                        166.7605
                2.224299                        161.0442
               2.2262248                       154.98874
               2.2281506                       148.64629
               2.2300764                       141.98334
               2.2320022                       134.93701
                2.233928                       127.56006
               2.2358538                       119.99598
               2.2377796                       112.22424
               2.2397054                       104.16405
               2.2416312                       95.914848
                2.243557                       87.558159
               2.2454828                       79.029533
               2.2474086                       70.336517
               2.2493344                       61.559605
               2.2512602                       52.714417
                2.253186                       52.714417
               2.2551118                       43.832554
               2.2570376                       34.942097
               2.2589634                       25.994375
               2.2608892                       17.048105
                2.262815                       8.2151718
               2.2647408                      -0.5880419
               2.2666666                      -9.4093456
               2.2685924                       -18.09494
               2.2705182                      -26.592442
                2.272444                       -35.00473
               2.2743698                      -43.356468
               2.2762956                      -51.529106
               2.2782214                      -59.444469
               2.2801472                      -67.206207
                2.282073                       -74.83757
               2.2839988                       -82.19091
               2.2859246                      -89.279724
               2.2878504                      -96.190582
               2.2897762                      -102.85593
                2.291702                      -109.24245
               2.2936278                      -115.39725
               2.2955536                      -121.30417
               2.2974794                      -126.87582
               2.2994052                      -132.07689
                2.301331                      -137.02834
               2.3032568                      -141.77113
               2.3051826                      -146.13271
               2.3071084                      -150.08815
               2.3090342                      -153.78793
                 2.31096                      -157.21091
               2.3128858                      -160.24443
               2.3148116                      -162.89804
               2.3167374                      -165.22485
               2.3186632                      -167.23424
                2.320589                      -168.87933
               2.3225148                      -170.10422
               2.3244406                      -170.96599
               2.3263664                      -171.54364
               2.3282922                      -171.74405
                2.330218                       -171.4749
               2.3321438                      -170.83167
               2.3340696                      -169.88271
               2.3359954                      -168.56638
               2.3379212                      -166.85452
                2.339847                      -164.74069
               2.3417728                      -162.19615
               2.3436986                      -159.28545
               2.3456244                      -156.09007
               2.3475502                      -152.51186
                2.349476                      -148.44493
               2.3514018                      -144.01889
               2.3533276                      -139.34372
               2.3552534                       -134.2773
               2.3571792                      -128.73831
                2.359105                      -122.87447
               2.3610308                      -116.76007
               2.3629566                      -110.30807
               2.3648824                      -103.48159
               2.3668082                      -96.335327
                2.368734                      -88.922935
               2.3706598                      -81.242859
               2.3725856                      -73.248512
               2.3745114                      -64.952248
               2.3764372                      -56.453945
                2.378363                      -47.798355
               2.3802888                      -38.911625
               2.3822146                      -29.757874
               2.3841404                      -20.441607
               2.3860662                      -11.052764
                2.387992                       -1.566348
               2.3899178                       8.0543346
               2.3918436                       17.793634
               2.3937694                       27.565796
               2.3956952                       37.307205
                2.397621                       47.073936
               2.3995468                       56.832375
               2.4014726                       66.464088
               2.4033984                       76.022308
               2.4053242                       85.528244
                 2.40725                       94.857513
               2.4091758                        103.9798
               2.4111016                       112.89969
               2.4130274                       121.58397
               2.4149532                        130.0062
                2.416879                       138.13264
               2.4188048                       145.97986
               2.4207306                       153.48462
               2.4226564                       160.53795
               2.4245822                        167.2278
                2.426508                       173.54314
               2.4284338                       179.31038
               2.4303596                       184.59676
               2.4322854                       189.49577
               2.4342112                       193.88467
                2.436137                       197.67128
               2.4380628                       200.87141
               2.4399886                         203.526
               2.4419144                       205.62396
               2.4438402                       207.13246
                2.445766                       208.06818
               2.4476918                       208.37018
               2.4496176                       207.96994
               2.4515434                       206.95494
               2.4534692                       205.38763
                2.455395                       203.20276
               2.4573208                        200.3383
               2.4592466                       196.82719
               2.4611724                       192.71915
               2.4630982                       187.99323
                2.465024                       182.68819
               2.4669498                       176.83049
               2.4688756                       170.32729
               2.4708014                       163.24307
               2.4727272                       155.69914
                2.474653                       147.62526
               2.4765788                       139.01376
               2.4785046                       129.94243
               2.4804304                       120.42671
               2.4823562                       110.50449
                2.484282                       100.21388
               2.4862078                       89.575783
               2.4881336                       78.579803
               2.4900594                       67.219078
               2.4919852                       55.652443
                2.493911                       43.983574
               2.4958368                       32.090569
               2.4977626                       19.970549
               2.4996884                       7.7832413
               2.5016142                      -4.4217939
                 2.50354                      -16.662745
               2.5054658                      -28.891117
               2.5073916                      -41.048191
               2.5093174                      -53.110504
               2.5112432                      -65.031067
                2.513169                      -76.763672
               2.5150948                      -88.280693
               2.5170206                      -99.515541
               2.5189464                      -110.44003
               2.5208722                      -121.04108
                2.522798                      -131.24747
               2.5247238                      -141.07597
               2.5266496                      -150.50288
               2.5285754                      -159.36386
               2.5305012                      -167.69603
                2.532427                      -175.58238
               2.5343528                       -182.8632
               2.5362786                      -189.52408
               2.5382044                       -195.6696
               2.5401302                      -201.16185
                2.542056                      -205.92477
               2.5439818                      -210.06056
               2.5459076                      -213.55482
               2.5478334                      -216.36386
               2.5497592                      -218.48012
                2.551685                       -219.8708
               2.5536108                      -220.58217
               2.5555366                      -220.62755
               2.5574624                      -219.92993
               2.5593882                      -218.52736
                2.561314                      -216.48865
               2.5632398                      -213.77296
               2.5651656                      -210.37424
               2.5670914                       -206.3486
               2.5690172                      -201.67686
                2.570943                      -196.33595
               2.5728688                      -190.46436
               2.5747946                      -184.13721
               2.5767204                      -177.19766
               2.5786462                       -169.6579
                2.580572                      -161.70943
               2.5824978                       -153.3168
               2.5844236                      -144.44678
               2.5863494                      -135.23341
               2.5882752                      -125.67748
                2.590201                      -115.76329
               2.5921268                      -105.58425
               2.5940526                       -95.14537
               2.5959784                      -84.459053
               2.5979042                      -73.625511
                 2.59983                      -62.665188
               2.6017558                      -51.564663
               2.6036816                      -40.386478
               2.6056074                      -29.203964
               2.6075332                      -18.037409
                2.609459                      -6.8724632
               2.6113848                       4.2565522
               2.6133106                       15.262614
               2.6152364                       26.098787
               2.6171622                       36.754189
                2.619088                       47.237663
               2.6210138                       57.546391
               2.6229396                       67.578392
               2.6248654                       77.263008
               2.6267912                        86.65918
                2.628717                       95.772247
               2.6306428                        104.5352
               2.6325686                       112.91528
               2.6344944                       120.88832
               2.6364202                       128.43881
                2.638346                       135.56503
               2.6402718                       142.27403
               2.6421976                       148.54652
               2.6441234                       154.30249
               2.6460492                       159.55904
                2.647975                       164.41003
               2.6499008                       168.78465
               2.6518266                       172.59503
               2.6537524                       175.92073
               2.6556782                       178.79271
                2.657604                       181.14383
               2.6595298                       182.98587
               2.6614556                       182.98587
               2.6633814                       184.34557
               2.6653072                       185.19566
                2.667233                       185.56326
               2.6691588                       185.46861
               2.6710846                       184.87698
               2.6730104                       183.82442
               2.6749362                       182.33771
                2.676862                       180.39609
               2.6787878                       178.03497
               2.6807136                       175.23349
               2.6826394                       171.97453
               2.6845652                       168.36777
                2.686491                       164.42715
               2.6884168                       160.08128
               2.6903426                       155.34901
               2.6922684                       150.27399
               2.6941942                       144.91438
                 2.69612                       139.29292
               2.6980458                       133.34212
               2.6999716                       127.08047
               2.7018974                       120.60133
               2.7038232                       113.89198
                2.705749                       106.93345
               2.7076748                       99.806427
               2.7096006                       92.527267
               2.7115264                        85.03492
               2.7134522                       77.363632
                2.715378                       69.572853
               2.7173038                       61.669552
               2.7192296                       53.671959
               2.7211554                       45.573982
               2.7230812                       37.404106
                2.725007                       29.230906
               2.7269328                       21.023693
               2.7288586                       12.763635
               2.7307844                       4.4844928
               2.7327102                      -3.8156641
                2.734636                      -12.064054
               2.7365618                      -20.197723
               2.7384876                      -28.301992
               2.7404134                      -36.426884
               2.7423392                      -44.471077
                2.744265                      -52.329033
               2.7461908                      -60.058449
               2.7481166                      -67.734924
               2.7500424                      -75.269432
               2.7519682                       -82.61132
                2.753894                      -89.787773
               2.7558198                      -96.784393
               2.7577456                      -103.63696
               2.7596714                      -110.29675
               2.7615972                      -116.63642
                2.763523                      -122.74104
               2.7654488                      -128.69905
               2.7673746                      -134.39359
               2.7693004                      -139.74312
               2.7712262                      -144.79849
                2.773152                      -149.61852
               2.7750778                      -154.12514
               2.7770036                      -158.24783
               2.7789294                      -162.10649
               2.7808552                      -165.65047
                2.782781                      -168.69913
               2.7847068                      -171.41388
               2.7866326                      -173.87401
               2.7885584                      -175.84418
               2.7904842                      -177.36412
                 2.79241                      -178.57172
               2.7943358                       -179.3363
               2.7962616                      -179.62219
               2.7981874                      -179.50288
               2.8001132                      -178.96225
                2.802039                      -177.99133
               2.8039648                      -176.53383
               2.8058906                      -174.58228
               2.8078164                      -172.25558
               2.8097422                      -169.47224
                2.811668                      -166.10744
               2.8135938                      -162.33177
               2.8155196                      -158.21599
               2.8174454                      -153.58693
               2.8193712                      -148.42586
                2.821297                      -142.84665
               2.8232228                      -136.90193
               2.8251486                      -130.54547
               2.8270744                      -123.67436
               2.8290002                      -116.37775
                2.830926                       -108.8077
               2.8328518                      -100.86526
               2.8347776                      -92.514458
               2.8367034                       -83.86129
               2.8386292                      -74.858185
                2.840555                       -65.52771
               2.8424808                      -56.005054
               2.8444066                      -46.259834
               2.8463324                      -36.222252
               2.8482582                      -25.920525
                2.850184                      -15.480439
               2.8521098                      -5.0168767
               2.8540356                       5.5656152
               2.8559614                       16.322123
               2.8578872                       27.102404
                2.859813                       37.861671
               2.8617388                       48.624359
               2.8636646                       59.324432
               2.8655904                       69.922127
               2.8675162                       80.396049
                2.869442                       90.728638
               2.8713678                       100.90462
               2.8732936                       110.82792
               2.8752194                       120.44836
               2.8771452                       129.82964
                2.879071                       138.92917
               2.8809968                       147.60007
               2.8829226                        155.8452
               2.8848484                       163.75348
               2.8867742                       171.25235
                  2.8887                       178.23137
               2.8906258                       184.70134
               2.8925516                       190.63203
               2.8944774                       195.98735
               2.8964032                       200.84267
                2.898329                       205.13797
               2.9002548                       208.72029
               2.9021806                       211.68652
               2.9041064                       214.13599
               2.9060322                       215.89879
                2.907958                       216.89661
               2.9098838                       217.25467
               2.9118096                       216.99521
               2.9137354                        216.0504
               2.9156612                       214.42227
                2.917587                       212.13263
               2.9195128                        209.1604
               2.9214386                       205.49942
               2.9233644                       201.20128
               2.9252902                       196.27553
                2.927216                       190.68456
               2.9291418                       184.48735
               2.9310676                       177.73013
               2.9329934                       170.34547
               2.9349192                       162.39272
                2.936845                       153.99942
               2.9387708                       145.07646
               2.9406966                       135.58366
               2.9426224                       125.70825
               2.9445482                       115.48404
                2.946474                       104.82077
               2.9483998                       93.791679
               2.9503256                       82.475105
               2.9522514                       70.912979
               2.9541772                       59.154205
                2.956103                       47.129589
               2.9580288                       34.886093
               2.9599546                       22.639114
               2.9618804                       10.373542
               2.9638062                      -2.0101845
                2.965732                       -14.38767
               2.9676578                      -26.661469
               2.9695836                      -38.859985
               2.9715094                      -50.932095
               2.9734352                      -62.792629
                2.975361                      -74.423012
               2.9772868                      -85.808136
               2.9792126                      -96.937813
               2.9811384                      -107.77027
               2.9830642                      -118.17478
                 2.98499                      -128.13116
               2.9869158                      -137.72089
               2.9888416                      -146.84976
               2.9907674                      -155.43251
               2.9926932                      -163.54953
                2.994619                      -171.14844
               2.9965448                      -178.11415
               2.9984706                      -184.49989

