        Time / ns                e-field (t=0..end(0.00192)) (pb)_Z_0D_54/real
----------------------------------------------------------------------
                       0                               0
               0.0019258                               0
               0.0038516                               0
               0.0057774                               0
               0.0077032                               0
                0.009629                               0
               0.0115548                               0
               0.0134806                               0
               0.0154064                               0
               0.0173322                               0
                0.019258                               0
               0.0211838                               0
               0.0231096                               0
               0.0250354                               0
               0.0269612                               0
                0.028887                               0
               0.0308128                               0
               0.0327386                               0
               0.0346644                               0
               0.0365902                               0
                0.038516                               0
               0.0404418                               0
               0.0423676                               0
               0.0442934                               0
               0.0462192                               0
                0.048145                               0
               0.0500708                               0
               0.0519966                               0
               0.0539224                               0
               0.0558482                               0
                0.057774                               0
               0.0596998                               0
               0.0616256                               0
               0.0635514                               0
               0.0654772                               0
                0.067403                               0
               0.0693288                               0
               0.0712546                               0
               0.0731804                               0
               0.0751062                               0
                0.077032                               0
               0.0789578                               0
               0.0808836                               0
               0.0828094                               0
               0.0847352                               0
                0.086661                               0
               0.0885868                               0
               0.0905126                               0
               0.0924384                               0
               0.0943642                               0
                 0.09629                               0
               0.0982158                               0
               0.1001416                               0
               0.1020674                               0
               0.1039932                               0
                0.105919                               0
               0.1078448                               0
               0.1097706                               0
               0.1116964                               0
               0.1136222                               0
                0.115548                  -3.1103922e-35
               0.1174738                  -1.1417702e-33
               0.1193996                  -1.4508878e-33
               0.1213254                  -2.9821571e-34
               0.1232512                   1.6164858e-33
                0.125177                   1.1632931e-33
               0.1271028                  -1.8689479e-33
               0.1290286                   9.2295923e-33
               0.1309544                   1.8682925e-31
               0.1328802                   1.5580371e-30
                0.134806                   1.2358218e-29
               0.1367318                   1.4417721e-28
               0.1386576                   8.6362031e-28
               0.1405834                   5.0772663e-27
               0.1425092                   1.0856233e-26
                0.144435                  -1.2792989e-25
               0.1463608                  -2.1927953e-24
               0.1482866                  -2.1662758e-23
               0.1502124                  -1.6291613e-22
               0.1521382                  -1.0537834e-21
                0.154064                  -5.9860298e-21
               0.1559898                  -3.0639507e-20
               0.1579156                  -1.4335523e-19
               0.1598414                   -6.163149e-19
               0.1617672                  -2.4602188e-18
                0.163693                  -9.1605703e-18
               0.1656188                  -3.1951873e-17
               0.1675446                  -1.0482982e-16
               0.1694704                  -3.2448938e-16
               0.1713962                  -9.5017393e-16
                0.173322                  -2.6373828e-15
               0.1752478                  -6.9544115e-15
               0.1771736                  -1.7447327e-14
               0.1790994                  -4.1708204e-14
               0.1810252                  -9.5127187e-14
                0.182951                  -2.0720982e-13
               0.1848768                  -4.3148476e-13
               0.1868026                  -8.5959061e-13
               0.1887284                    -1.63945e-12
               0.1906542                  -2.9950556e-12
                 0.19258                  -5.2435894e-12
               0.1945058                  -8.8017623e-12
               0.1964316                  -1.4171921e-11
               0.1983574                  -2.1900372e-11
               0.2002832                  -3.2504791e-11
                0.202209                  -4.6386662e-11
               0.2041348                  -6.3754682e-11
               0.2060606                  -6.3754682e-11
               0.2079864                   -8.461238e-11
               0.2099122                  -1.0885651e-10
                0.211838                  -1.3652468e-10
               0.2137638                  -1.6820459e-10
               0.2156896                  -2.0550625e-10
               0.2176154                  -2.5149902e-10
               0.2195412                  -3.1094788e-10
                0.221467                  -3.9020392e-10
               0.2233928                  -4.9679522e-10
               0.2253186                  -6.3882238e-10
               0.2272444                  -8.2452684e-10
               0.2291702                   -1.062439e-09
                0.231096                   -1.362174e-09
               0.2330218                  -1.7362402e-09
               0.2349476                  -2.2021256e-09
               0.2368734                  -2.7844556e-09
               0.2387992                   -3.516432e-09
                0.240725                  -4.4406296e-09
               0.2426508                  -5.6095475e-09
               0.2445766                  -7.0861557e-09
               0.2465024                   -8.946218e-09
               0.2484282                  -1.1282329e-08
                0.250354                  -1.4209984e-08
               0.2522798                  -1.7874848e-08
               0.2542056                  -2.2460632e-08
               0.2561314                  -2.8197158e-08
               0.2580572                  -3.5369112e-08
                0.259983                  -4.4327432e-08
               0.2619088                  -5.5503659e-08
               0.2638346                  -6.9430364e-08
               0.2657604                  -8.6764729e-08
               0.2676862                  -1.0832133e-07
                0.269612                  -1.3510406e-07
               0.2715378                  -1.6835165e-07
               0.2734636                  -2.0958262e-07
               0.2753894                  -2.6067175e-07
               0.2773152                  -3.2389931e-07
                0.279241                  -4.0208164e-07
               0.2811668                   -4.986581e-07
               0.2830926                  -6.1784908e-07
               0.2850184                  -7.6481183e-07
               0.2869442                  -9.4583288e-07
                 0.28887                  -1.1685964e-06
               0.2907958                  -1.4424561e-06
               0.2927216                  -1.7788019e-06
               0.2946474                  -2.1915098e-06
               0.2965732                  -2.6974258e-06
                0.298499                  -3.3169322e-06
               0.3004248                  -4.0748655e-06
               0.3023506                  -5.0013045e-06
               0.3042764                  -6.1325286e-06
               0.3062022                  -7.5125072e-06
                0.308128                  -9.1942375e-06
               0.3100538                  -1.1241634e-05
               0.3119796                  -1.3732151e-05
               0.3139054                  -1.6758331e-05
               0.3158312                  -2.0432171e-05
                0.317757                  -2.4887935e-05
               0.3196828                  -3.0286232e-05
               0.3216086                  -3.6820376e-05
               0.3235344                  -4.4722001e-05
               0.3254602                   -5.426833e-05
                0.327386                  -6.5789958e-05
               0.3293118                  -7.9681689e-05
               0.3312376                  -9.6413743e-05
               0.3331634                   -0.0001165502
               0.3350892                  -0.00014076065
                0.337015                  -0.00016983513
               0.3389408                  -0.00020472154
               0.3408666                   -0.0002465405
               0.3427924                  -0.00029662001
               0.3447182                  -0.00035653502
                0.346644                  -0.00042814002
               0.3485698                  -0.00051364774
               0.3504956                   -0.0006156427
               0.3524214                   -0.0007371899
               0.3543472                  -0.00088189158
                0.356273                   -0.0010540086
               0.3581988                   -0.0012585062
               0.3601246                   -0.0015012476
               0.3620504                   -0.0017891419
               0.3639762                   -0.0021302113
                0.365902                   -0.0025338749
               0.3678278                   -0.0030111787
               0.3697536                   -0.0035749651
               0.3716794                   -0.0042403308
               0.3736052                   -0.0050246697
                0.375531                    -0.005948503
               0.3774568                   -0.0070355516
               0.3793826                   -0.0083132852
               0.3813084                   -0.0098137343
               0.3832342                    -0.011573905
                 0.38516                    -0.013636794
               0.3870858                     -0.01605246
               0.3890116                    -0.018877879
               0.3909374                    -0.022179183
               0.3928632                    -0.026033292
                0.394789                     -0.03052808
               0.3967148                    -0.035765164
               0.3986406                    -0.041860908
               0.4005664                     -0.04894821
               0.4024922                    -0.057181019
                0.404418                    -0.066735581
               0.4063438                    -0.077813603
               0.4082696                     -0.09064205
               0.4101954                     -0.10548602
               0.4121212                     -0.12264447
                0.414047                     -0.14245717
               0.4159728                      -0.1653146
               0.4178986                     -0.19165587
               0.4198244                     -0.22198209
               0.4217502                     -0.25686294
                0.423676                     -0.29694235
               0.4256018                     -0.34294769
               0.4275276                      -0.3957037
               0.4294534                     -0.45614076
               0.4313792                     -0.52530551
                0.433305                     -0.60438401
               0.4352308                     -0.69470954
               0.4371566                     -0.79776549
               0.4390824                      -0.9152329
               0.4410082                      -1.0489972
                0.442934                       -1.201169
               0.4448598                      -1.3741125
               0.4467856                      -1.5704424
               0.4487114                      -1.7930977
               0.4506372                       -2.045383
                0.452563                      -2.3309436
               0.4544888                      -2.6538317
               0.4564146                      -3.0185688
               0.4583404                      -3.4301071
               0.4602662                      -3.8940547
                0.462192                      -4.4165711
               0.4641178                      -5.0043974
               0.4660436                      -5.6649771
               0.4679694                      -6.4066558
               0.4698952                       -7.238493
                0.471821                      -8.1705732
               0.4737468                      -9.2137365
               0.4756726                      -10.380257
               0.4775984                      -11.683155
               0.4795242                      -13.136904
                 0.48145                      -14.757463
               0.4833758                       -16.56222
               0.4853016                      -18.569693
               0.4872274                      -20.800257
               0.4891532                      -23.276468
                0.491079                      -26.022686
               0.4930048                       -29.06514
               0.4949306                      -32.431332
               0.4968564                      -36.152588
               0.4987822                      -40.262703
                0.500708                      -44.796715
               0.5026338                      -49.792595
               0.5045596                      -55.292488
               0.5064854                      -61.341179
               0.5084112                      -67.985382
                0.510337                      -75.276115
               0.5122628                      -83.268372
               0.5141886                      -92.019524
               0.5161144                      -101.59181
               0.5180402                      -112.05206
                0.519966                      -123.46906
               0.5218918                      -135.91576
               0.5238176                      -149.47295
               0.5257434                      -164.22232
               0.5276692                      -180.25034
                0.529595                       -197.6506
               0.5315208                      -216.51785
               0.5334466                      -236.95523
               0.5353724                      -259.06683
               0.5372982                      -282.96365
                0.539224                      -308.76224
               0.5411498                      -336.58017
               0.5430756                      -366.54535
               0.5450014                      -398.78577
               0.5469272                      -433.43054
                0.548853                      -470.61908
               0.5507788                      -510.49081
               0.5527046                      -553.19128
               0.5546304                      -598.86499
               0.5565562                      -647.66455
                0.558482                      -699.74829
               0.5604078                      -755.25439
               0.5623336                      -814.34784
               0.5642594                      -877.18671
               0.5661852                       -943.9176
                0.568111                      -1014.6869
               0.5700368                      -1089.6705
               0.5719626                      -1169.0078
               0.5738884                      -1252.8298
               0.5758142                      -1341.2974
                 0.57774                      -1434.5386
               0.5796658                      -1532.6671
               0.5815916                      -1635.8372
               0.5835174                       -1744.129
               0.5854432                      -1857.6427
                0.587369                      -1976.4751
               0.5892948                      -2100.7117
               0.5912206                      -2230.4102
               0.5931464                      -2365.5928
               0.5950722                      -2506.2712
                0.596998                      -2652.4771
               0.5989238                       -2804.207
               0.6008496                      -2961.3999
               0.6027754                      -3123.9976
               0.6047012                      -3291.8906
                0.606627                      -3464.9585
               0.6085528                      -3643.0662
               0.6104786                      -3826.0569
               0.6124044                       -4013.708
               0.6143302                       -4013.708
                0.616256                      -4205.7588
               0.6181818                      -4401.9028
               0.6201076                      -4601.8496
               0.6220334                      -4805.2739
               0.6239592                      -5011.7207
                0.625885                      -5220.8013
               0.6278108                       -5432.021
               0.6297366                      -5644.8838
               0.6316624                        -5858.79
               0.6335882                       -6073.186
                0.635514                      -6287.4341
               0.6374398                      -6500.7305
               0.6393656                      -6712.4712
               0.6412914                      -6921.9771
               0.6432172                      -7128.2261
                0.645143                      -7330.4468
               0.6470688                      -7527.8135
               0.6489946                      -7719.3701
               0.6509204                      -7904.1016
               0.6528462                      -8081.1621
                0.654772                      -8249.3975
               0.6566978                       -8407.707
               0.6586236                      -8555.1953
               0.6605494                      -8690.7354
               0.6624752                      -8813.1221
                0.664401                      -8921.1875
               0.6663268                      -9013.9961
               0.6682526                      -9090.1885
               0.6701784                      -9148.6436
               0.6721042                      -9188.3281
                 0.67403                      -9208.0684
               0.6759558                      -9206.7236
               0.6778816                       -9183.127
               0.6798074                      -9136.1582
               0.6817332                      -9064.8896
                0.683659                      -8968.3027
               0.6855848                      -8845.3018
               0.6875106                      -8695.0342
               0.6894364                       -8516.417
               0.6913622                      -8308.8027
                0.693288                       -8071.498
               0.6952138                       -7803.542
               0.6971396                      -7504.4634
               0.6990654                      -7173.7222
               0.7009912                      -6810.8013
                0.702917                      -6415.3418
               0.7048428                       -5986.957
               0.7067686                      -5525.6807
               0.7086944                      -5031.2646
               0.7106202                      -4503.7422
                0.712546                      -3943.4011
               0.7144718                       -3350.291
               0.7163976                      -2724.8625
               0.7183234                      -2067.6248
               0.7202492                       -1379.156
                0.722175                      -660.27826
               0.7241008                       88.204071
               0.7260266                       865.29962
               0.7279524                       1669.9033
               0.7298782                       2500.7173
                0.731804                       3356.4429
               0.7337298                       4235.6372
               0.7356556                       5136.5693
               0.7375814                       6057.4419
               0.7395072                       6996.5532
                0.741433                       7951.9897
               0.7433588                       8921.6445
               0.7452846                       9903.0146
               0.7472104                       10894.229
               0.7491362                       11892.942
                0.751062                       12896.514
               0.7529878                       13902.278
               0.7549136                       14907.995
               0.7568394                       15910.883
               0.7587652                       16908.061
                0.760691                       17896.758
               0.7626168                       18874.406
               0.7645426                       19838.074
               0.7664684                       20784.855
               0.7683942                       21711.865
                 0.77032                       22616.143
               0.7722458                       23495.166
               0.7741716                       24345.996
               0.7760974                       25165.578
               0.7780232                        25951.24
                0.779949                       26700.518
               0.7818748                       27410.578
               0.7838006                       28078.842
               0.7857264                       28702.805
               0.7876522                       29280.182
                0.789578                       29808.656
               0.7915038                       30285.953
               0.7934296                       30710.123
               0.7953554                       31079.141
               0.7972812                       31391.275
                0.799207                       31644.889
               0.8011328                       31838.457
               0.8030586                       31970.719
               0.8049844                       32040.498
               0.8069102                        32046.74
                0.808836                       31988.711
               0.8107618                       31865.842
               0.8126876                       31677.602
               0.8146134                       31423.781
               0.8165392                       31104.371
                0.818465                       30719.508
               0.8203908                       30269.549
               0.8223166                       29755.061
               0.8242424                       29176.744
               0.8261682                       28535.607
                0.828094                       27832.748
               0.8300198                       27069.508
               0.8319456                       26247.441
               0.8338714                       25368.281
               0.8357972                       24433.877
                0.837723                       23446.285
               0.8396488                       22407.791
               0.8415746                       21320.799
               0.8435004                       20187.883
               0.8454262                       19011.748
                0.847352                       17795.217
               0.8492778                       16541.277
               0.8512036                       15253.119
               0.8531294                       13933.935
               0.8550552                       12587.006
                0.856981                       11215.752
               0.8589068                        9823.707
               0.8608326                       8414.4648
               0.8627584                       6991.6182
               0.8646842                       5558.8247
                 0.86661                       4119.8198
               0.8685358                       2678.3262
               0.8704616                       1238.1168
               0.8723874                      -197.06439
               0.8743132                      -1623.5284
                0.876239                      -3037.5671
               0.8781648                      -4435.4551
               0.8800906                      -5813.5801
               0.8820164                      -7168.4131
               0.8839422                      -8496.4414
                0.885868                      -9794.2188
               0.8877938                       -11058.44
               0.8897196                      -12285.885
               0.8916454                      -13473.446
               0.8935712                      -14618.123
                0.895497                      -15717.004
               0.8974228                      -16767.367
               0.8993486                      -17766.674
               0.9012744                      -18712.461
               0.9032002                      -19602.396
                0.905126                      -20434.383
               0.9070518                      -21206.475
               0.9089776                      -21916.861
               0.9109034                      -22563.955
               0.9128292                      -23146.348
                0.914755                      -23662.725
               0.9166808                      -24112.029
               0.9186066                      -24493.457
               0.9205324                      -24806.287
               0.9224582                      -25049.984
                0.924384                       -25224.24
               0.9263098                       -25328.93
               0.9282356                      -25364.078
               0.9301614                      -25329.951
               0.9320872                       -25226.99
                0.934013                       -25055.77
               0.9359388                      -24817.041
               0.9378646                      -24511.738
               0.9397904                      -24140.992
               0.9417162                      -23706.129
                0.943642                      -23208.547
               0.9455678                      -22649.748
               0.9474936                      -22031.516
               0.9494194                      -21355.789
               0.9513452                      -20624.523
                0.953271                      -19839.848
               0.9551968                      -19004.041
               0.9571226                      -18119.465
               0.9590484                      -17188.619
               0.9609742                      -16214.107
                  0.9629                      -15198.616
               0.9648258                       -14144.92
               0.9667516                      -13055.846
               0.9686774                      -11934.314
               0.9706032                      -10783.347
                0.972529                        -9606.04
               0.9744548                      -8405.4912
               0.9763806                      -7184.7837
               0.9783064                      -5947.1001
               0.9802322                      -4695.7114
                0.982158                      -3433.8403
               0.9840838                      -2164.7156
               0.9860096                      -891.59955
               0.9879354                       382.27097
               0.9898612                        1653.649
                0.991787                       2919.2798
               0.9937128                       4175.9419
               0.9956386                       5420.4956
               0.9975644                       6649.8579
               0.9994902                       7860.8926
                1.001416                       9050.5078
               1.0033418                       10215.762
               1.0052676                       11353.726
               1.0071934                       12461.531
               1.0091192                       13536.447
                1.011045                       14575.764
               1.0129708                       15576.857
               1.0148966                       16537.238
               1.0168224                       17454.439
               1.0187482                       18326.168
                1.020674                        19150.32
               1.0225998                       19924.764
               1.0245256                       19924.764
               1.0264514                       20647.436
               1.0283772                       21316.576
                1.030303                       21930.529
               1.0322288                       22487.609
               1.0341546                       22986.338
               1.0360804                       23425.539
               1.0380062                       23804.051
                1.039932                        24120.74
               1.0418578                       24374.709
               1.0437836                       24565.316
               1.0457094                       24692.066
               1.0476352                       24754.512
                1.049561                        24752.27
               1.0514868                       24685.215
               1.0534126                       24553.561
               1.0553384                       24357.576
               1.0572642                       24097.504
                 1.05919                       23773.797
               1.0611158                       23387.264
               1.0630416                       22938.811
               1.0649674                       22429.357
               1.0668932                       21860.047
                1.068819                       21232.242
               1.0707448                       20547.393
               1.0726706                       19807.104
               1.0745964                       19013.203
               1.0765222                       18167.568
                1.078448                        17272.16
               1.0803738                       16329.226
               1.0822996                       15341.142
               1.0842254                       14310.265
               1.0861512                       13239.118
                1.088077                       12130.457
               1.0900028                        10987.09
               1.0919286                       9811.8691
               1.0938544                       8607.7686
               1.0957802                       7377.8569
                1.097706                        6125.335
               1.0996318                       4853.4707
               1.1015576                       3565.5364
               1.1034834                       2264.9092
               1.1054092                       955.06763
                1.107335                      -360.55011
               1.1092608                      -1678.4994
               1.1111866                      -2995.1917
               1.1131124                      -4306.9712
               1.1150382                      -5610.3271
                1.116964                      -6901.8223
               1.1188898                      -8177.8433
               1.1208156                      -9434.7529
               1.1227414                      -10669.123
               1.1246672                      -11877.542
                1.126593                      -13056.528
               1.1285188                      -14202.715
               1.1304446                      -15312.851
               1.1323704                      -16383.761
               1.1342962                      -17412.344
                1.136222                       -18395.52
               1.1381478                      -19330.361
               1.1400736                      -20214.168
               1.1419994                      -21044.303
               1.1439252                      -21818.186
                1.145851                      -22533.422
               1.1477768                      -23187.799
               1.1497026                      -23779.266
               1.1516284                      -24305.951
               1.1535542                      -24766.145
                 1.15548                       -25158.27
               1.1574058                      -25480.941
               1.1593316                      -25733.068
               1.1612574                      -25913.736
               1.1631832                      -26022.143
                1.165109                      -26057.711
               1.1670348                      -26020.125
               1.1689606                      -25909.244
               1.1708864                      -25725.191
               1.1728122                      -25468.328
                1.174738                      -25139.129
               1.1766638                      -24738.268
               1.1785896                       -24266.73
               1.1805154                      -23725.721
               1.1824412                      -23116.602
                1.184367                      -22440.969
               1.1862928                      -21700.631
               1.1882186                      -20897.516
               1.1901444                      -20033.785
               1.1920702                      -19111.877
                1.193996                       -18134.34
               1.1959218                      -17103.883
               1.1978476                      -16023.433
               1.1997734                      -14895.951
               1.2016992                      -13724.623
                1.203625                      -12512.938
               1.2055508                      -11264.309
               1.2074766                      -9982.2139
               1.2094024                      -8670.4404
               1.2113282                      -7332.7656
                1.213254                      -5973.0366
               1.2151798                      -4595.2852
               1.2171056                      -3203.4648
               1.2190314                      -1801.5553
               1.2209572                      -393.73785
                1.222883                       1015.8325
               1.2248088                       2423.1292
               1.2267346                       3824.0525
               1.2286604                       5214.3877
               1.2305862                       6590.0713
                1.232512                       7947.1909
               1.2344378                       9281.7061
               1.2363636                       10589.605
               1.2382894                       11867.182
               1.2402152                       13110.779
                1.242141                       14316.648
               1.2440668                       15481.193
               1.2459926                       16601.096
               1.2479184                       17673.188
               1.2498442                       18694.346
                 1.25177                       19661.537
               1.2536958                       20571.965
               1.2556216                       21423.086
               1.2575474                       22212.447
               1.2594732                       22937.779
                1.261399                       23597.123
               1.2633248                       24188.617
               1.2652506                       24710.508
               1.2671764                        25161.43
               1.2691022                       25540.264
                1.271028                       25845.951
               1.2729538                        26077.67
               1.2748796                        26234.93
               1.2768054                       26317.424
               1.2787312                       26325.035
                1.280657                       26257.904
               1.2825828                       26116.346
               1.2845086                       25900.883
               1.2864344                       25612.367
               1.2883602                       25251.854
                1.290286                       24820.447
               1.2922118                       24319.566
               1.2941376                        23750.91
               1.2960634                       23116.219
               1.2979892                       22417.477
                1.299915                       21656.934
               1.3018408                       20836.887
               1.3037666                       19959.818
               1.3056924                       19028.502
               1.3076182                       18045.725
                1.309544                       17014.361
               1.3114698                       15937.534
               1.3133956                       14818.498
               1.3153214                       13660.548
               1.3172472                       12467.056
                1.319173                       11241.521
               1.3210988                       9987.5313
               1.3230246                       8708.7021
               1.3249504                       7408.7026
               1.3268762                       6091.2476
                1.328802                       4760.1245
               1.3307278                       3419.1436
               1.3326536                       2072.0186
               1.3345794                       722.47217
               1.3365052                      -625.69385
                1.338431                       -1968.719
               1.3403568                      -3302.8755
               1.3422826                       -4624.522
               1.3442084                      -5930.1748
               1.3461342                      -7216.3003
                 1.34806                      -8479.3398
               1.3499858                      -9715.9463
               1.3519116                      -10922.905
               1.3538374                       -12097.04
               1.3557632                      -13235.296
                1.357689                      -14334.732
               1.3596148                       -15392.48
               1.3615406                      -16405.848
               1.3634664                       -17372.35
               1.3653922                       -18289.59
                1.367318                      -19155.227
               1.3692438                      -19967.184
               1.3711696                      -20723.566
               1.3730954                      -21422.504
               1.3750212                      -22062.316
                1.376947                      -22641.625
               1.3788728                      -23159.135
               1.3807986                      -23613.648
               1.3827244                      -24004.197
               1.3846502                      -24330.021
                1.386576                      -24590.504
               1.3885018                       -24785.16
               1.3904276                      -24913.721
               1.3923534                      -24976.084
               1.3942792                      -24972.262
                1.396205                      -24902.488
               1.3981308                      -24767.174
               1.4000566                      -24566.842
               1.4019824                      -24302.199
               1.4039082                      -23974.117
                1.405834                      -23583.604
               1.4077598                      -23131.805
               1.4096856                      -22620.027
               1.4116114                      -22049.783
               1.4135372                       -21422.65
                1.415463                       -20740.27
               1.4173888                      -20004.508
               1.4193146                      -19217.451
               1.4212404                      -18381.164
               1.4231662                      -17497.766
                1.425092                      -16569.578
               1.4270178                      -15599.082
               1.4289436                      -14588.811
               1.4308694                      -13541.349
               1.4327952                      -12459.354
                1.434721                      -12459.354
               1.4366468                      -11345.576
               1.4385726                      -10202.891
               1.4404984                      -9034.2734
               1.4424242                      -7842.6382
                 1.44435                      -6630.8999
               1.4462758                      -5402.2119
               1.4482016                      -4159.8013
               1.4501274                      -2906.6865
               1.4520532                      -1645.9539
                1.453979                      -380.88062
               1.4559048                       885.32672
               1.4578306                       2149.5171
               1.4597564                       3408.4597
               1.4616822                       4658.9321
                1.463608                       5897.8179
               1.4655338                       7122.0435
               1.4674596                       8328.4336
               1.4693854                       9513.8145
               1.4713112                       10675.236
                1.473237                        11809.78
               1.4751628                        12914.44
               1.4770886                       13986.351
               1.4790144                       15022.829
               1.4809402                       16021.155
                1.482866                       16978.627
               1.4847918                        17892.74
               1.4867176                       18761.135
               1.4886434                       19581.475
               1.4905692                       20351.545
                1.492495                       21069.277
               1.4944208                       21732.674
               1.4963466                       22339.873
               1.4982724                       22889.191
               1.5001982                       23379.115
                1.502124                       23808.207
               1.5040498                       24175.123
               1.5059756                       24478.717
               1.5079014                       24718.111
               1.5098272                       24892.512
                1.511753                       25001.193
               1.5136788                       25043.627
               1.5156046                        25019.58
               1.5175304                       24928.941
               1.5194562                       24771.629
                1.521382                       24547.818
               1.5233078                       24257.961
               1.5252336                       23902.586
               1.5271594                       23482.354
               1.5290852                       22998.176
                1.531011                       22451.107
               1.5329368                       21842.357
               1.5348626                       21173.381
               1.5367884                       20445.732
               1.5387142                       19661.047
                 1.54064                       18821.258
               1.5425658                       17928.516
               1.5444916                       16984.961
               1.5464174                       15992.868
               1.5483432                       14954.813
                1.550269                       13873.467
               1.5521948                       12751.539
               1.5541206                       11591.929
               1.5560464                       10397.694
               1.5579722                       9171.9385
                1.559898                       7917.8901
               1.5618238                       6638.9399
               1.5637496                       5338.5063
               1.5656754                       4020.0454
               1.5676012                       2687.1326
                1.569527                       1343.4265
               1.5714528                      -7.3570251
               1.5733786                      -1361.4601
               1.5753044                      -2715.1338
               1.5772302                      -4064.6406
                1.579156                      -5406.2041
               1.5810818                      -6735.9678
               1.5830076                       -8050.064
               1.5849334                      -9344.7813
               1.5868592                      -10616.542
                1.588785                      -11861.643
               1.5907108                      -13076.261
               1.5926366                      -14256.836
               1.5945624                      -15400.103
               1.5964882                      -16502.682
                1.598414                      -17561.094
               1.6003398                      -18572.201
               1.6022656                      -19533.133
               1.6041914                      -20440.941
               1.6061172                      -21292.666
                1.608043                       -22085.73
               1.6099688                      -22817.902
               1.6118946                       -23486.84
               1.6138204                      -24090.225
               1.6157462                       -24626.23
                1.617672                      -25093.314
               1.6195978                      -25489.871
               1.6215236                      -25814.455
               1.6234494                      -26065.998
               1.6253752                      -26243.723
                1.627301                      -26346.977
               1.6292268                      -26375.199
               1.6311526                      -26328.137
               1.6330784                        -26205.9
               1.6350042                      -26008.762
                 1.63693                      -25737.115
               1.6388558                      -25391.584
               1.6407816                      -24973.131
               1.6427074                      -24482.953
               1.6446332                      -23922.385
                1.646559                      -23292.936
               1.6484848                      -22596.377
               1.6504106                       -21834.74
               1.6523364                      -21010.246
               1.6542622                      -20125.252
                1.656188                      -19182.313
               1.6581138                      -18184.143
               1.6600396                      -17133.625
               1.6619654                      -16033.921
               1.6638912                      -14888.279
                1.665817                      -13699.944
               1.6677428                      -12472.373
               1.6696686                      -11209.267
               1.6715944                      -9914.3906
               1.6735202                      -8591.4688
                1.675446                      -7244.3179
               1.6773718                      -5876.9819
               1.6792976                      -4493.5303
               1.6812234                      -3097.9353
               1.6831492                      -1694.2729
                1.685075                      -286.69275
               1.6870008                       1120.7194
               1.6889266                       2523.8611
               1.6908524                        3918.604
               1.6927782                       5300.8975
                1.694704                       6666.7681
               1.6966298                       8012.3022
               1.6985556                       9333.6113
               1.7004814                       10626.838
               1.7024072                       11888.307
                1.704333                       13114.454
               1.7062588                       14301.732
               1.7081846                       15446.809
               1.7101104                       16546.531
               1.7120362                        17597.74
                1.713962                       18597.482
               1.7158878                       19543.072
               1.7178136                       20431.914
               1.7197394                       21261.543
               1.7216652                       22029.705
                1.723591                       22734.355
               1.7255168                       23373.721
               1.7274426                        23946.16
               1.7293684                       24450.092
               1.7312942                        24884.26
                 1.73322                       25247.748
               1.7351458                       25539.707
               1.7370716                       25759.461
               1.7389974                       25906.619
               1.7409232                       25980.984
                1.742849                        25982.58
               1.7447748                       25911.637
               1.7467006                       25768.574
               1.7486264                       25554.068
               1.7505522                       25268.943
                1.752478                       24914.189
               1.7544038                       24491.096
               1.7563296                       24001.086
               1.7582554                       23445.705
               1.7601812                       22826.764
                1.762107                       22146.254
               1.7640328                       21406.279
               1.7659586                       20609.098
               1.7678844                        19757.08
               1.7698102                       18852.814
                1.771736                       17899.055
               1.7736618                       16898.576
               1.7755876                        15854.28
               1.7775134                        14769.23
               1.7794392                       13646.563
                1.781365                       12489.481
               1.7832908                       11301.271
               1.7852166                       10085.265
               1.7871424                       8844.9053
               1.7890682                       7583.7085
                1.790994                       6305.1362
               1.7929198                       5012.6201
               1.7948456                       3709.7166
               1.7967714                       2400.0657
               1.7986972                       1087.2202
                1.800623                      -225.35394
               1.8025488                       -1534.194
               1.8044746                      -2835.8276
               1.8064004                      -4126.7471
               1.8083262                      -5403.5293
                1.810252                      -6662.9277
               1.8121778                      -7901.7051
               1.8141036                      -9116.6211
               1.8160294                       -10304.53
               1.8179552                      -11462.412
                1.819881                      -12587.419
               1.8218068                      -13676.729
               1.8237326                      -14727.528
               1.8256584                      -15737.255
               1.8275842                      -16703.439
                 1.82951                      -17623.639
               1.8314358                      -18495.676
               1.8333616                      -19317.508
               1.8352874                       -20087.07
               1.8372132                      -20802.498
                1.839139                      -21462.166
               1.8410648                      -22064.557
               1.8429906                      -22064.557
               1.8449164                      -22608.258
               1.8468422                          -23092
                1.848768                      -23514.664
               1.8506938                       -23875.32
               1.8526196                      -24173.215
               1.8545454                      -24407.729
               1.8564712                      -24578.369
                1.858397                      -24684.785
               1.8603228                       -24726.77
               1.8622486                      -24704.357
               1.8641744                      -24617.768
               1.8661002                      -24467.258
                1.868026                      -24253.217
               1.8699518                       -23976.26
               1.8718776                      -23637.164
               1.8738034                      -23236.805
               1.8757292                      -22776.252
                1.877655                      -22256.725
               1.8795808                      -21679.479
               1.8815066                      -21045.916
               1.8834324                       -20357.73
               1.8853582                      -19616.705
                1.887284                      -18824.566
               1.8892098                      -17983.287
               1.8911356                      -17095.074
               1.8930614                      -16162.041
               1.8949872                      -15186.485
                1.896913                      -14170.945
               1.8988388                      -13117.867
               1.9007646                      -12029.809
               1.9026904                      -10909.595
               1.9046162                      -9760.0225
                1.906542                      -8583.8584
               1.9084678                      -7384.0283
               1.9103936                      -6163.6304
               1.9123194                      -4925.7896
               1.9142452                      -3673.5466
                1.916171                      -2409.9817
               1.9180968                      -1138.3522
               1.9200226                       138.02037
               1.9219484                       1415.8873
               1.9238742                       2692.0366
                  1.9258                       3963.1936
               1.9277258                       5226.0322
               1.9296516                       6477.2402
               1.9315774                       7713.5625
               1.9335032                       8931.8018
                1.935429                        10128.73
               1.9373548                       11301.113
               1.9392806                       12445.837
               1.9412064                       13559.853
               1.9431322                       14640.152
                1.945058                       15683.787
               1.9469838                       16687.832
               1.9489096                       17649.549
               1.9508354                       18566.342
               1.9527612                       19435.572
                1.954687                       20254.676
               1.9566128                       21021.348
               1.9585386                       21733.418
               1.9604644                       22388.781
               1.9623902                       22985.467
                1.964316                       23521.629
               1.9662418                       23995.572
               1.9681676                       24405.857
               1.9700934                       24751.168
               1.9720192                       25030.223
                1.973945                       25242.016
               1.9758708                       25385.826
               1.9777966                       25460.941
               1.9797224                       25466.824
               1.9816482                       25403.299
                1.983574                       25270.268
               1.9854998                       25067.707
               1.9874256                       24795.957
               1.9893514                        24455.58
               1.9912772                       24047.189
                1.993203                        23571.59
               1.9951288                         23029.9
               1.9970546                       22423.391
               1.9989804                       21753.469
               2.0009062                       21021.773
                2.002832                       20230.102
               2.0047578                         19380.4
               2.0066836                       18474.885
               2.0086094                       17515.904
               2.0105352                       16505.879
                2.012461                       15447.502
               2.0143868                       14343.663
               2.0163126                       13197.237
               2.0182384                       12011.268
               2.0201642                       10789.049
                 2.02209                        9533.959
               2.0240158                       8249.4238
               2.0259416                       6938.9668
               2.0278674                       5606.2451
               2.0297932                       4255.0366
                2.031719                       2889.1414
               2.0336448                       1512.4025
               2.0355706                       128.75229
               2.0374964                      -1257.8546
               2.0394222                      -2643.4539
                2.041348                       -4024.043
               2.0432738                      -5395.6147
               2.0451996                      -6754.2051
               2.0471254                      -8095.8662
               2.0490512                      -9416.6367
                2.050977                      -10712.629
               2.0529028                      -11980.084
               2.0548286                      -13215.272
               2.0567544                      -14414.485
               2.0586802                      -15574.149
                2.060606                       -16690.85
               2.0625318                      -17761.264
               2.0644576                      -18782.186
               2.0663834                      -19750.529
               2.0683092                      -20663.395
                2.070235                      -21518.084
               2.0721608                      -22311.996
               2.0740866                      -23042.662
               2.0760124                      -23707.916
               2.0779382                      -24305.855
                2.079864                      -24834.627
               2.0817898                      -25292.459
               2.0837156                      -25678.014
               2.0856414                      -25990.291
               2.0875672                      -26228.289
                2.089493                      -26391.148
               2.0914188                      -26478.398
               2.0933446                      -26489.848
               2.0952704                      -26425.438
               2.0971962                      -26285.318
                2.099122                       -26069.93
               2.1010478                      -25779.957
               2.1029736                      -25416.248
               2.1048994                       -24979.85
               2.1068252                      -24472.111
                2.108751                      -23894.574
               2.1106768                      -23248.971
               2.1126026                       -22537.25
               2.1145284                      -21761.561
               2.1164542                      -20924.223
                 2.11838                       -20027.76
               2.1203058                      -19074.805
               2.1222316                      -18068.215
               2.1241574                      -17011.055
               2.1260832                      -15906.466
                2.128009                      -14757.714
               2.1299348                       -13568.22
               2.1318606                      -12341.474
               2.1337864                      -11081.096
               2.1357122                      -9790.8203
                2.137638                      -8474.4658
               2.1395638                       -7135.918
               2.1414896                       -5779.062
               2.1434154                      -4407.7979
               2.1453412                      -3026.1479
                2.147267                      -1638.1333
               2.1491928                      -247.73109
               2.1511186                       1141.0039
               2.1530444                       2524.0725
               2.1549702                       3897.6301
                2.156896                       5257.7773
               2.1588218                       6600.5576
               2.1607476                       7922.1816
               2.1626734                       9219.0078
               2.1645992                       10487.424
                2.166525                       11723.881
               2.1684508                       12924.948
               2.1703766                       14087.325
               2.1723024                       15207.876
               2.1742282                       16283.589
                2.176154                       17311.514
               2.1780798                       18288.893
               2.1800056                       19213.197
               2.1819314                        20082.02
               2.1838572                       20893.072
                2.185783                        21644.27
               2.1877088                       22333.732
               2.1896346                       22959.764
               2.1915604                       23520.873
               2.1934862                       24015.715
                2.195412                       24443.123
               2.1973378                       24802.174
               2.1992636                       25092.139
               2.2011894                       25312.453
               2.2031152                       25462.789
                2.205041                       25542.982
               2.2069668                       25553.037
               2.2088926                       25493.268
               2.2108184                       25364.146
               2.2127442                       25166.178
                 2.21467                       24900.111
               2.2165958                       24567.061
               2.2185216                       24168.227
               2.2204474                        23704.83
               2.2223732                       23178.344
                2.224299                       22590.521
               2.2262248                       21943.211
               2.2281506                       21238.322
               2.2300764                        20477.91
               2.2320022                       19664.244
                2.233928                       18799.775
               2.2358538                       17886.996
               2.2377796                       16928.432
               2.2397054                       15926.778
               2.2416312                       14884.911
                2.243557                       13805.753
               2.2454828                       12692.235
               2.2474086                       11547.377
               2.2493344                        10374.33
               2.2512602                       9176.2793
                2.253186                       9176.2793
               2.2551118                       7956.3989
               2.2570376                       6717.9419
               2.2589634                       5464.2188
               2.2608892                       4198.5234
                2.262815                       2924.1411
               2.2647408                       1644.4114
               2.2666666                       362.68759
               2.2685924                      -917.77008
               2.2705182                      -2193.7122
                2.272444                      -3461.8215
               2.2743698                      -4718.8623
               2.2762956                      -5961.6875
               2.2782214                      -7187.1382
               2.2801472                      -8392.1494
                2.282073                       -9573.748
               2.2839988                      -10728.931
               2.2859246                      -11854.769
               2.2878504                      -12948.543
               2.2897762                       -14007.57
                2.291702                      -15029.154
               2.2936278                      -16010.781
               2.2955536                      -16950.088
               2.2974794                      -17844.752
               2.2994052                      -18692.537
                2.301331                      -19491.348
               2.3032568                      -20239.223
               2.3051826                      -20934.357
               2.3071084                      -21575.021
               2.3090342                      -22159.564
                 2.31096                      -22686.564
               2.3128858                      -23154.764
               2.3148116                      -23562.936
               2.3167374                      -23910.008
               2.3186632                      -24195.139
                2.320589                      -24417.563
               2.3225148                      -24576.664
               2.3244406                      -24672.041
               2.3263664                      -24703.361
               2.3282922                      -24670.449
                2.330218                      -24573.402
               2.3321438                       -24412.35
               2.3340696                      -24187.504
               2.3359954                      -23899.377
               2.3379212                      -23548.682
                2.339847                      -23136.186
               2.3417728                      -22662.756
               2.3436986                      -22129.469
               2.3456244                      -21537.559
               2.3475502                      -20888.371
                2.349476                      -20183.469
               2.3514018                      -19424.602
               2.3533276                      -18613.543
               2.3552534                      -17752.141
               2.3571792                       -16842.48
                2.359105                      -15886.816
               2.3610308                      -14887.539
               2.3629566                      -13847.129
               2.3648824                      -12768.058
               2.3668082                       -11652.98
                2.368734                      -10504.794
               2.3706598                      -9326.3965
               2.3725856                      -8120.7227
               2.3745114                      -6890.8545
               2.3764372                      -5639.9263
                2.378363                      -4371.1909
               2.3802888                      -3087.9915
               2.3822146                      -1793.5923
               2.3841404                      -491.35638
               2.3860662                       815.17194
                2.387992                       2122.5371
               2.3899178                       3427.3613
               2.3918436                       4726.0977
               2.3937694                       6015.1206
               2.3956952                       7290.9844
                2.397621                       8550.3271
               2.3995468                        9789.624
               2.4014726                       11005.339
               2.4033984                       12194.163
               2.4053242                       13352.831
                 2.40725                       14478.007
               2.4091758                       15566.449
               2.4111016                       16615.094
               2.4130274                       17620.975
               2.4149532                        18581.15
                2.416879                       19492.734
               2.4188048                       20353.053
               2.4207306                       21159.617
               2.4226564                       21909.953
               2.4245822                       22601.746
                2.426508                       23232.951
               2.4284338                       23801.572
               2.4303596                       24305.699
               2.4322854                       24743.729
               2.4342112                       25114.301
                2.436137                       25416.143
               2.4380628                       25648.063
               2.4399886                       25809.115
               2.4419144                       25898.754
               2.4438402                       25916.533
                2.445766                       25861.967
               2.4476918                       25734.988
               2.4496176                       25535.918
               2.4515434                       25264.988
               2.4534692                       24922.594
                2.455395                       24509.605
               2.4573208                        24027.07
               2.4592466                       23476.045
               2.4611724                       22857.807
               2.4630982                       22174.043
                2.465024                       21426.629
               2.4669498                       20617.361
               2.4688756                       19748.297
               2.4708014                       18821.941
               2.4727272                       17840.842
                2.474653                       16807.578
               2.4765788                        15725.01
               2.4785046                       14596.162
               2.4804304                       13424.142
               2.4823562                       12212.246
                2.484282                       10963.963
               2.4862078                       9682.8311
               2.4881336                       8372.4111
               2.4900594                       7036.4312
               2.4919852                       5678.8086
                2.493911                       4303.4883
               2.4958368                       2914.3699
               2.4977626                        1515.416
               2.4996884                       110.78145
               2.5016142                      -1295.3961
                 2.50354                      -2699.1287
               2.5054658                      -4096.2905
               2.5073916                      -5482.6958
               2.5093174                       -6854.376
               2.5112432                      -8207.3418
                2.513169                       -9537.501
               2.5150948                      -10840.942
               2.5170206                      -12113.896
               2.5189464                      -13352.591
               2.5208722                       -14553.36
                2.522798                        -15712.7
               2.5247238                      -16827.195
               2.5266496                      -17893.492
               2.5285754                      -18908.473
               2.5305012                      -19869.301
                2.532427                      -20773.141
               2.5343528                      -21617.174
               2.5362786                      -22398.957
               2.5382044                      -23116.402
               2.5401302                      -23767.439
                2.542056                      -24350.082
               2.5439818                      -24862.652
               2.5459076                      -25303.748
               2.5478334                      -25672.213
               2.5497592                      -25967.043
                2.551685                      -26187.422
               2.5536108                      -26332.762
               2.5555366                      -26402.762
               2.5574624                      -26397.354
               2.5593882                      -26316.707
                2.561314                      -26161.137
               2.5632398                      -25931.189
               2.5651656                      -25627.729
               2.5670914                       -25251.82
               2.5690172                      -24804.623
                2.570943                      -24287.547
               2.5728688                      -23702.357
               2.5747946                      -23050.939
               2.5767204                      -22335.211
               2.5786462                      -21557.361
                2.580572                      -20719.908
               2.5824978                       -19825.43
               2.5844236                       -18876.59
               2.5863494                      -17876.268
               2.5882752                      -16827.492
                2.590201                      -15733.394
               2.5921268                       -14597.23
               2.5940526                      -13422.368
               2.5959784                      -12212.313
               2.5979042                      -10970.641
                 2.59983                      -9700.9199
               2.6017558                      -8406.8076
               2.6036816                      -7092.0879
               2.6056074                      -5760.5747
               2.6075332                       -4416.063
                2.609459                      -3062.3525
               2.6113848                      -1703.2866
               2.6133106                      -342.72977
               2.6152364                       1015.5166
               2.6171622                       2367.7134
                2.619088                       3710.0996
               2.6210138                       5038.9385
               2.6229396                       6350.5962
               2.6248654                       7641.5088
               2.6267912                       8908.2012
                2.628717                        10147.29
               2.6306428                         11355.4
               2.6325686                       12529.322
               2.6344944                       13666.046
               2.6364202                       14762.577
                2.638346                       15816.017
               2.6402718                       16823.703
               2.6421976                        17783.07
               2.6441234                        18691.68
               2.6460492                       19547.293
                2.647975                        20347.76
               2.6499008                       21091.086
               2.6518266                       21775.566
               2.6537524                       22399.643
               2.6556782                       22961.768
                2.657604                         23460.6
               2.6595298                       23895.115
               2.6614556                       23895.115
               2.6633814                       24264.461
               2.6653072                       24567.877
                2.667233                       24804.734
               2.6691588                       24974.627
               2.6710846                       25077.363
               2.6730104                       25112.967
               2.6749362                       25081.566
                2.676862                       24983.422
               2.6787878                       24819.025
               2.6807136                        24589.07
               2.6826394                       24294.352
               2.6845652                       23935.838
                2.686491                       23514.695
               2.6884168                       23032.174
               2.6903426                       22489.695
               2.6922684                       21888.918
               2.6941942                       21231.553
                 2.69612                       20519.389
               2.6980458                       19754.422
               2.6999716                       18938.809
               2.7018974                       18074.805
               2.7038232                       17164.705
                2.705749                       16210.894
               2.7076748                       15215.951
               2.7096006                       14182.552
               2.7115264                        13113.36
               2.7134522                       12011.174
                2.715378                       10878.917
               2.7173038                       9719.4854
               2.7192296                       8535.8066
               2.7211554                       7330.9429
               2.7230812                       6108.0264
                2.725007                       4870.1714
               2.7269328                       3620.4878
               2.7288586                       2362.1396
               2.7307844                        1098.321
               2.7327102                      -167.78545
                2.734636                      -1432.9675
               2.7365618                      -2694.0093
               2.7384876                      -3947.7854
               2.7404134                      -5191.1836
               2.7423392                      -6421.0273
                2.744265                      -7634.1899
               2.7461908                      -8827.6328
               2.7481166                      -9998.3711
               2.7500424                      -11143.474
               2.7519682                      -12260.045
                2.753894                      -13345.215
               2.7558198                      -14396.199
               2.7577456                      -15410.339
               2.7596714                      -16385.086
               2.7615972                      -17317.932
                2.763523                      -18206.434
               2.7654488                      -19048.264
               2.7673746                      -19841.234
               2.7693004                      -20583.277
               2.7712262                      -21272.402
                2.773152                      -21906.756
               2.7750778                      -22484.654
               2.7770036                      -23004.469
               2.7789294                       -23464.67
               2.7808552                      -23864.045
                2.782781                      -24201.463
               2.7847068                      -24475.789
               2.7866326                      -24686.152
               2.7885584                      -24831.934
               2.7904842                      -24912.516
                 2.79241                      -24927.449
               2.7943358                      -24876.584
               2.7962616                      -24759.869
               2.7981874                      -24577.313
               2.8001132                      -24329.168
                2.802039                      -24015.945
               2.8039648                      -23638.277
               2.8058906                      -23196.824
               2.8078164                      -22692.486
               2.8097422                      -22126.492
                2.811668                       -21500.18
               2.8135938                      -20814.879
               2.8155196                      -20072.105
               2.8174454                      -19273.723
               2.8193712                      -18421.715
                2.821297                      -17518.068
               2.8232228                      -16564.984
               2.8251486                      -15564.886
               2.8270744                      -14520.282
               2.8290002                      -13433.788
                2.830926                      -12308.167
               2.8328518                      -11146.354
               2.8347776                      -9951.3789
               2.8367034                      -8726.3066
               2.8386292                      -7474.3481
                2.840555                      -6198.8569
               2.8424808                      -4903.2378
               2.8444066                      -3590.9238
               2.8463324                      -2265.4561
               2.8482582                      -930.50476
                2.850184                       410.31293
               2.8521098                       1753.4004
               2.8540356                       3095.0039
               2.8559614                        4431.353
               2.8578872                       5758.7344
                2.859813                        7073.416
               2.8617388                       8371.7207
               2.8636646                       9649.9775
               2.8655904                       10904.488
               2.8675162                       12131.637
                2.869442                       13327.901
               2.8713678                       14489.832
               2.8732936                       15614.054
               2.8752194                       16697.266
               2.8771452                       17736.252
                2.879071                       18727.891
               2.8809968                       19669.225
               2.8829226                       20557.475
               2.8848484                       21389.971
               2.8867742                       22164.141
                  2.8887                       22877.512
               2.8906258                       23527.908
               2.8925516                        24113.43
               2.8944774                       24632.146
               2.8964032                       25082.279
                2.898329                       25462.416
               2.9002548                       25771.318
               2.9021806                       26007.832
               2.9041064                       26171.125
               2.9060322                       26260.639
                2.907958                       26275.873
               2.9098838                       26216.514
               2.9118096                       26082.648
               2.9137354                       25874.553
               2.9156612                        25592.59
                2.917587                       25237.453
               2.9195128                       24810.088
               2.9214386                       24311.512
               2.9233644                       23743.027
               2.9252902                       23106.262
                2.927216                       22402.957
               2.9291418                       21634.984
               2.9310676                       20804.514
               2.9329934                       19913.922
               2.9349192                       18965.678
                2.936845                       17962.506
               2.9387708                       16907.324
               2.9406966                       15803.086
               2.9426224                       14652.955
               2.9445482                       13460.384
                2.946474                       12228.806
               2.9483998                       10961.703
               2.9503256                       9662.8281
               2.9522514                       8336.0176
               2.9541772                       6985.1162
                2.956103                        5614.083
               2.9580288                       4226.9307
               2.9599546                       2827.7234
               2.9618804                       1420.5892
               2.9638062                        9.619277
                2.965732                      -1401.0228
               2.9676578                      -2807.1348
               2.9695836                      -4204.6885
               2.9715094                      -5589.6235
               2.9734352                      -6957.7637
                2.975361                      -8305.1357
               2.9772868                      -9627.9346
               2.9792126                      -10922.261
               2.9811384                      -12184.255
               2.9830642                      -13410.296
                 2.98499                      -14596.929
               2.9869158                      -15740.759
               2.9888416                      -16838.432
               2.9907674                      -17886.795
               2.9926932                      -18882.963
                2.994619                      -19824.145
               2.9965448                      -20707.609
               2.9984706                      -21530.938

