        Time / ns                e-field (t=0..end(0.00192)) (pb)_Z_0D_95/real
----------------------------------------------------------------------
                       0                               0
               0.0019258                               0
               0.0038516                               0
               0.0057774                               0
               0.0077032                               0
                0.009629                               0
               0.0115548                               0
               0.0134806                               0
               0.0154064                               0
               0.0173322                               0
                0.019258                               0
               0.0211838                               0
               0.0231096                               0
               0.0250354                               0
               0.0269612                               0
                0.028887                               0
               0.0308128                               0
               0.0327386                               0
               0.0346644                               0
               0.0365902                               0
                0.038516                               0
               0.0404418                               0
               0.0423676                               0
               0.0442934                               0
               0.0462192                               0
                0.048145                               0
               0.0500708                               0
               0.0519966                               0
               0.0539224                               0
               0.0558482                               0
                0.057774                               0
               0.0596998                               0
               0.0616256                               0
               0.0635514                               0
               0.0654772                               0
                0.067403                               0
               0.0693288                               0
               0.0712546                               0
               0.0731804                               0
               0.0751062                               0
                0.077032                               0
               0.0789578                               0
               0.0808836                               0
               0.0828094                               0
               0.0847352                               0
                0.086661                               0
               0.0885868                               0
               0.0905126                               0
               0.0924384                               0
               0.0943642                               0
                 0.09629                               0
               0.0982158                               0
               0.1001416                               0
               0.1020674                               0
               0.1039932                               0
                0.105919                               0
               0.1078448                               0
               0.1097706                               0
               0.1116964                               0
               0.1136222                               0
                0.115548                               0
               0.1174738                               0
               0.1193996                               0
               0.1213254                               0
               0.1232512                               0
                0.125177                               0
               0.1271028                               0
               0.1290286                               0
               0.1309544                               0
               0.1328802                               0
                0.134806                               0
               0.1367318                               0
               0.1386576                               0
               0.1405834                               0
               0.1425092                               0
                0.144435                               0
               0.1463608                               0
               0.1482866                               0
               0.1502124                               0
               0.1521382                               0
                0.154064                               0
               0.1559898                               0
               0.1579156                               0
               0.1598414                               0
               0.1617672                               0
                0.163693                               0
               0.1656188                               0
               0.1675446                               0
               0.1694704                               0
               0.1713962                               0
                0.173322                               0
               0.1752478                               0
               0.1771736                               0
               0.1790994                               0
               0.1810252                               0
                0.182951                               0
               0.1848768                               0
               0.1868026                               0
               0.1887284                               0
               0.1906542                               0
                 0.19258                               0
               0.1945058                               0
               0.1964316                               0
               0.1983574                               0
               0.2002832                               0
                0.202209                               0
               0.2041348                               0
               0.2060606                               0
               0.2079864                               0
               0.2099122                               0
                0.211838                               0
               0.2137638                               0
               0.2156896                               0
               0.2176154                               0
               0.2195412                               0
                0.221467                               0
               0.2233928                               0
               0.2253186                   -1.743981e-35
               0.2272444                  -1.4859345e-34
               0.2291702                  -5.7749875e-34
                0.231096                  -4.5163292e-34
               0.2330218                  -2.9779783e-33
               0.2349476                  -2.6123463e-33
               0.2368734                  -4.0160562e-33
               0.2387992                  -7.3411437e-33
                0.240725                  -1.5620163e-32
               0.2426508                  -7.9124094e-32
               0.2445766                  -4.4697355e-31
               0.2465024                  -2.3573999e-30
               0.2484282                  -1.1888939e-29
                0.250354                  -5.7391731e-29
               0.2522798                  -2.6522313e-28
               0.2542056                  -1.1752077e-27
               0.2561314                    -5.00105e-27
               0.2580572                   -2.047788e-26
                0.259983                  -8.0761466e-26
               0.2619088                  -3.0721589e-25
               0.2638346                  -1.1285864e-24
               0.2657604                   -4.007312e-24
               0.2676862                  -1.3768087e-23
                0.269612                  -4.5808938e-23
               0.2715378                   -1.477252e-22
               0.2734636                  -4.6203323e-22
               0.2753894                  -1.4025075e-21
               0.2773152                  -4.1346817e-21
                0.279241                  -1.1843575e-20
               0.2811668                  -3.2981481e-20
               0.2830926                  -8.9331144e-20
               0.2850184                  -2.3542284e-19
               0.2869442                  -6.0394426e-19
                 0.28887                  -1.5086091e-18
               0.2907958                  -3.6703563e-18
               0.2927216                  -8.6997803e-18
               0.2946474                  -2.0094872e-17
               0.2965732                  -4.5235441e-17
                0.298499                  -9.9258325e-17
               0.3004248                  -2.1231719e-16
               0.3023506                  -4.4276993e-16
               0.3042764                  -9.0011724e-16
               0.3062022                  -1.7839386e-15
                0.308128                  -3.4464602e-15
               0.3100538                  -6.4889564e-15
               0.3119796                  -1.1904816e-14
               0.3139054                  -2.1275713e-14
               0.3158312                  -3.7028838e-14
                0.317757                  -6.2726435e-14
               0.3196828                  -1.0337135e-13
               0.3216086                  -1.6560393e-13
               0.3235344                  -2.5770098e-13
               0.3254602                  -3.8911455e-13
                0.327386                  -5.6945811e-13
               0.3293118                  -8.0643402e-13
               0.3312376                  -1.1031025e-12
               0.3331634                  -1.4540913e-12
               0.3350892                  -1.8416254e-12
                0.337015                  -2.2332513e-12
               0.3389408                  -2.5808186e-12
               0.3408666                  -2.8253287e-12
               0.3427924                  -2.9095565e-12
               0.3447182                  -2.7979446e-12
                0.346644                  -2.5036078e-12
               0.3485698                   -2.119488e-12
               0.3504956                  -1.8508875e-12
               0.3524214                  -2.0272505e-12
               0.3543472                  -3.0929335e-12
                0.356273                  -5.5633588e-12
               0.3581988                  -9.9343233e-12
               0.3601246                  -1.6591851e-11
               0.3620504                  -2.5684082e-11
               0.3639762                   -3.702063e-11
                0.365902                  -5.0099133e-11
               0.3678278                  -6.4194053e-11
               0.3697536                  -7.8591036e-11
               0.3716794                  -9.2864265e-11
               0.3736052                  -1.0731116e-10
                0.375531                  -1.2312952e-10
               0.3774568                  -1.4269798e-10
               0.3793826                  -1.6935127e-10
               0.3813084                  -2.0679987e-10
               0.3832342                  -2.5918004e-10
                 0.38516                  -3.3004716e-10
               0.3870858                   -4.220293e-10
               0.3890116                   -5.371244e-10
               0.3909374                  -6.7755462e-10
               0.3928632                  -8.4554808e-10
                0.394789                  -1.0455281e-09
               0.3967148                  -1.2843409e-09
               0.3986406                  -1.5722595e-09
               0.4005664                  -1.9239721e-09
               0.4024922                  -2.3543427e-09
                0.404418                  -2.8838048e-09
               0.4063438                  -3.5369487e-09
               0.4082696                  -4.3393928e-09
               0.4101954                   -5.322315e-09
               0.4121212                  -6.5196648e-09
                0.414047                  -7.9751583e-09
               0.4159728                  -9.7465751e-09
               0.4178986                  -1.1893158e-08
               0.4198244                  -1.4484007e-08
               0.4217502                  -1.7617699e-08
                0.423676                  -2.1413772e-08
               0.4256018                  -2.5987166e-08
               0.4275276                   -3.148029e-08
               0.4294534                  -3.8127435e-08
               0.4313792                  -4.6141068e-08
                0.433305                  -5.5755283e-08
               0.4352308                  -6.7299503e-08
               0.4371566                  -8.1189846e-08
               0.4390824                  -9.7812013e-08
               0.4410082                  -1.1767057e-07
                0.442934                  -1.4149209e-07
               0.4448598                   -1.697498e-07
               0.4467856                  -2.0355611e-07
               0.4487114                  -2.4387501e-07
               0.4506372                  -2.9189476e-07
                0.452563                  -3.4877922e-07
               0.4544888                  -4.1608558e-07
               0.4564146                  -4.9621502e-07
               0.4583404                  -5.9134186e-07
               0.4602662                  -7.0347539e-07
                0.462192                  -8.3574213e-07
               0.4641178                  -9.9182375e-07
               0.4660436                  -1.1755725e-06
               0.4679694                  -1.3919317e-06
               0.4698952                  -1.6463466e-06
                0.471821                  -1.9450711e-06
               0.4737468                  -2.2949039e-06
               0.4756726                  -2.7030603e-06
               0.4775984                   -3.181583e-06
               0.4795242                  -3.7421578e-06
                 0.48145                  -4.3926998e-06
               0.4833758                  -5.1532247e-06
               0.4853016                  -6.0338771e-06
               0.4872274                  -7.0557994e-06
               0.4891532                  -8.2458464e-06
                0.491079                  -9.6245476e-06
               0.4930048                  -1.1209838e-05
               0.4949306                  -1.3054445e-05
               0.4968564                  -1.5183944e-05
               0.4987822                  -1.7604611e-05
                0.500708                  -2.0415326e-05
               0.5026338                  -2.3658233e-05
               0.5045596                  -2.7358421e-05
               0.5064854                  -3.1571362e-05
               0.5084112                  -3.6411129e-05
                0.510337                  -4.1960036e-05
               0.5122628                  -4.8254551e-05
               0.5141886                  -5.5413057e-05
               0.5161144                   -6.355669e-05
               0.5180402                   -7.284421e-05
                0.519966                  -8.3327359e-05
               0.5218918                  -9.5111194e-05
               0.5238176                  -0.00010837997
               0.5257434                  -0.00012348649
               0.5276692                  -0.00014054052
                0.529595                  -0.00015920337
               0.5315208                  -0.00018060401
               0.5334466                  -0.00020451353
               0.5353724                  -0.00023073747
               0.5372982                  -0.00026042681
                0.539224                  -0.00029349368
               0.5411498                  -0.00033004163
               0.5430756                  -0.00036973192
               0.5450014                  -0.00041395071
               0.5469272                  -0.00046342562
                0.548853                  -0.00051806873
               0.5507788                    -0.000576563
               0.5527046                  -0.00064171827
               0.5546304                  -0.00071224262
               0.5565562                  -0.00078695669
                0.558482                  -0.00086984964
               0.5604078                  -0.00096054538
               0.5623336                   -0.0010540759
               0.5642594                   -0.0011600505
               0.5661852                   -0.0012681828
                0.568111                   -0.0013819851
               0.5700368                   -0.0015072779
               0.5719626                   -0.0016391942
               0.5738884                   -0.0017693543
               0.5758142                   -0.0019100516
                 0.57774                   -0.0020558669
               0.5796658                   -0.0021969657
               0.5815916                   -0.0023494046
               0.5835174                   -0.0024842815
               0.5854432                   -0.0026180544
                0.587369                   -0.0027615617
               0.5892948                   -0.0028864031
               0.5912206                   -0.0029863564
               0.5931464                   -0.0030706543
               0.5950722                   -0.0031370893
                0.596998                   -0.0031824494
               0.5989238                   -0.0031764281
               0.6008496                   -0.0031146097
               0.6027754                   -0.0029977967
               0.6047012                   -0.0027986933
                0.606627                   -0.0025498134
               0.6085528                   -0.0021138727
               0.6104786                   -0.0016747206
               0.6124044                   -0.0010083651
               0.6143302                   -0.0010083651
                0.616256                  -0.00023844352
               0.6181818                    0.0007048907
               0.6201076                    0.0018818509
               0.6220334                    0.0032595205
               0.6239592                    0.0049422691
                0.625885                    0.0069236727
               0.6278108                    0.0092727756
               0.6297366                      0.01193338
               0.6316624                     0.014987377
               0.6335882                     0.018551974
                0.635514                      0.02276527
               0.6374398                     0.027463475
               0.6393656                     0.032749359
               0.6412914                     0.038831659
               0.6432172                     0.045190133
                0.645143                     0.053218514
               0.6470688                      0.06201762
               0.6489946                     0.071118586
               0.6509204                     0.081793129
               0.6528462                     0.093732916
                0.654772                      0.10724629
               0.6566978                      0.12255801
               0.6586236                      0.13786973
               0.6605494                      0.15527527
               0.6624752                      0.17562239
                0.664401                      0.19711275
               0.6663268                      0.22050424
               0.6682526                      0.24534726
               0.6701784                      0.27247673
               0.6721042                      0.30469304
                 0.67403                      0.33870766
               0.6759558                      0.37372425
               0.6778816                      0.41082177
               0.6798074                       0.4510279
               0.6817332                      0.49621806
                0.683659                       0.5463922
               0.6855848                       0.5986473
               0.6875106                      0.65013164
               0.6894364                      0.70757633
               0.6913622                      0.77221435
                0.693288                      0.84044921
               0.6952138                      0.90467614
               0.6971396                      0.98092663
               0.6990654                       1.0632913
               0.7009912                       1.1410831
                0.702917                       1.2273015
               0.7048428                       1.3254404
               0.7067686                       1.4220377
               0.7086944                       1.5169909
               0.7106202                       1.6235565
                0.712546                        1.734027
               0.7144718                       1.8378181
               0.7163976                       1.9687384
               0.7183234                       2.0935955
               0.7202492                       2.2065325
                0.722175                       2.3446465
               0.7241008                       2.4802938
               0.7260266                       2.6319723
               0.7279524                       2.7764575
               0.7298782                       2.8993623
                0.731804                       3.0549459
               0.7337298                       3.2066243
               0.7356556                       3.3710456
               0.7375814                       3.5266292
               0.7395072                       3.6832402
                0.741433                       3.8443732
               0.7433588                       4.0016007
               0.7452846                       4.1643777
               0.7472104                       4.3337317
               0.7491362                       4.5108953
                0.751062                       4.6448989
               0.7529878                        4.796577
               0.7549136                       4.9770298
               0.7568394                       5.1763902
               0.7587652                       5.2705212
                0.760691                       5.4431639
               0.7626168                       5.6170392
               0.7645426                       5.7510424
               0.7664684                       5.8994322
               0.7683942                       6.0211043
                 0.77032                       6.1518192
               0.7722458                       6.2891102
               0.7741716                       6.3844752
               0.7760974                       6.5283437
               0.7780232                       6.6722116
                0.779949                       6.7297592
               0.7818748                       6.7873068
               0.7838006                       6.9048681
               0.7857264                       7.0043435
               0.7876522                       7.0331168
                0.789578                       7.1062846
               0.7915038                       7.1638312
               0.7934296                       7.1128616
               0.7953554                       7.2082248
               0.7972812                        7.192605
                0.799207                       7.1572547
               0.8011328                       7.1860285
               0.8030586                       7.2369986
               0.8049844                       7.1219039
               0.8069102                       7.0709338
                0.808836                       6.9402189
               0.8107618                       6.9624152
               0.8126876                       6.8760943
               0.8146134                       6.7034516
               0.8165392                       6.6524816
                0.818465                       6.5373864
               0.8203908                       6.2759566
               0.8223166                        6.160862
               0.8242424                       6.1033149
               0.8261682                       5.8550386
                0.828094                       5.6560888
               0.8300198                       5.5097542
               0.8319456                       5.2927184
               0.8338714                       5.0625281
               0.8357972                       4.8898864
                0.837723                       4.4821219
               0.8396488                       4.3982668
               0.8415746                       4.1812305
               0.8435004                       3.9066472
               0.8454262                       3.5301225
                0.847352                       3.3574808
               0.8492778                       3.0828969
               0.8512036                       2.8527076
               0.8531294                       2.3742416
               0.8550552                       2.1440518
                0.856981                       1.9845636
               0.8589068                       1.7099802
               0.8608326                       1.3203018
               0.8627584                      0.98817074
               0.8646842                      0.71358734
                 0.86661                      0.48339787
               0.8685358                      0.22196801
               0.8704616                      -0.1101629
               0.8723874                     -0.45544729
               0.8743132                     -0.70372325
                0.876239                     -0.93391323
               0.8781648                      -1.1772563
               0.8800906                      -1.4386861
               0.8820164                      -1.6294146
               0.8839422                       -2.019093
                0.885868                      -2.1604953
               0.8877938                      -2.3643777
               0.8897196                      -2.5994995
               0.8916454                      -2.8559971
               0.8935712                      -2.9135442
                0.895497                      -3.1618202
               0.8974228                        -3.39201
               0.8993486                      -3.4561343
               0.9012744                      -3.5449214
               0.9032002                      -3.6887898
                0.905126                      -3.8992491
               0.9070518                       -3.960907
               0.9089776                       -3.983104
               0.9109034                      -4.1516356
               0.9128292                      -4.1516356
                0.914755                      -4.1425924
               0.9166808                      -4.1779432
               0.9186066                      -4.2223368
               0.9205324                      -4.2535772
               0.9224582                      -4.2091832
                0.924384                        -4.20014
               0.9263098                      -4.1450586
               0.9282356                      -4.1162848
               0.9301614                      -4.0784683
               0.9320872                      -3.9921472
                0.934013                      -3.9345996
               0.9359388                      -3.8371801
               0.9378646                      -3.7044101
               0.9397904                      -3.6489179
               0.9417162                       -3.486141
                0.943642                      -3.3324068
               0.9455678                      -3.2592394
               0.9474936                      -3.1794956
               0.9494194                      -2.9735575
               0.9513452                      -2.7552886
                0.953271                      -2.7022629
               0.9551968                      -2.5896344
               0.9571226                      -2.3269713
               0.9590484                      -2.1617279
               0.9609742                      -2.0634866
                  0.9629                      -1.8709079
               0.9648258                      -1.7025814
               0.9667516                      -1.5486426
               0.9686774                      -1.3071491
               0.9706032                      -1.1266963
                0.972529                      -1.0216725
               0.9744548                     -0.84944147
               0.9763806                     -0.65727407
               0.9783064                     -0.44681489
               0.9802322                     -0.26697913
                0.982158                     -0.14982906
               0.9840838                      0.02815678
               0.9860096                       0.3202101
               0.9879354                      0.43828505
               0.9898612                      0.52357841
                0.991787                      0.69765943
               0.9937128                      0.91161257
               0.9956386                       1.0583583
               0.9975644                       1.2041795
               0.9994902                       1.4027182
                1.001416                       1.5319942
               1.0033418                       1.6237104
               1.0052676                       1.8197314
               1.0071934                       2.0185268
               1.0091192                       2.1264794
                1.011045                       2.1982083
               1.0129708                       2.2818577
               1.0148966                       2.4503379
               1.0168224                       2.6633148
               1.0187482                       2.7619674
                1.020674                       2.7862711
               1.0225998                       2.8880837
               1.0245256                       2.8880837
               1.0264514                        3.036705
               1.0283772                       3.1756155
                1.030303                       3.2575176
               1.0322288                         3.26913
               1.0341546                       3.3235176
               1.0360804                       3.4349513
               1.0380062                       3.4903152
                1.039932                       3.5380998
               1.0418578                       3.6542611
               1.0437836                       3.7261825
               1.0457094                       3.6753399
               1.0476352                       3.6460524
                1.049561                       3.7351482
               1.0514868                       3.8118355
               1.0534126                       3.7569535
               1.0553384                       3.6790657
               1.0572642                       3.7164328
                 1.05919                       3.7894909
               1.0611158                       3.7436585
               1.0630416                       3.6184161
               1.0649674                       3.5585532
               1.0668932                       3.5531704
                1.068819                       3.5184753
               1.0707448                       3.4454622
               1.0726706                       3.3273227
               1.0745964                       3.1941032
               1.0765222                       3.1295164
                1.078448                       3.0970383
               1.0803738                       2.9811728
               1.0822996                       2.7868731
               1.0842254                       2.6229017
               1.0861512                       2.5359092
                1.088077                       2.4309888
               1.0900028                        2.244797
               1.0919286                       2.0664196
               1.0938544                       1.9186739
               1.0957802                       1.7267796
                1.097706                       1.5309892
               1.0996318                       1.3809862
               1.1015576                       1.2096784
               1.1034834                      0.98324412
               1.1054092                      0.76758021
                1.107335                      0.60297275
               1.1092608                      0.39748812
               1.1111866                      0.11684006
               1.1131124                    -0.087416358
               1.1150382                     -0.23752651
                1.116964                     -0.50814629
               1.1188898                     -0.78572524
               1.1208156                     -0.92032599
               1.1227414                      -1.0575678
               1.1246672                       -1.323231
                1.126593                      -1.6333253
               1.1285188                      -1.8680794
               1.1304446                      -2.0312953
               1.1323704                      -2.2068539
               1.1342962                      -2.4105535
                1.136222                      -2.6316276
               1.1381478                      -2.8728778
               1.1400736                      -3.0865908
               1.1419994                      -3.2402606
               1.1439252                      -3.3649981
                1.145851                      -3.5169311
               1.1477768                      -3.7121487
               1.1497026                       -3.892571
               1.1516284                      -4.0304203
               1.1535542                      -4.1440816
                 1.15548                      -4.2522597
               1.1574058                      -4.3963094
               1.1593316                      -4.5313339
               1.1612574                      -4.5613174
               1.1631832                      -4.5450611
                1.165109                      -4.6068401
               1.1670348                      -4.7448859
               1.1689606                      -4.8189111
               1.1708864                      -4.7372684
               1.1728122                      -4.6565661
                1.174738                      -4.7176366
               1.1766638                      -4.7568121
               1.1785896                      -4.6327181
               1.1805154                      -4.4773765
               1.1824412                       -4.415359
                1.184367                      -4.3724236
               1.1862928                      -4.2461162
               1.1882186                        -4.07619
               1.1901444                      -3.9500396
               1.1920702                      -3.8258269
                1.193996                      -3.6213949
               1.1959218                      -3.3893814
               1.1978476                      -3.1883936
               1.1997734                       -2.978931
               1.2016992                      -2.7874243
                1.203625                      -2.6293161
               1.2055508                       -2.361531
               1.2074766                      -1.9711406
               1.2094024                      -1.6651788
               1.2113282                      -1.5005599
                1.213254                       -1.319634
               1.2151798                      -1.0109996
               1.2171056                     -0.62751925
               1.2190314                      -0.3154009
               1.2209572                     -0.10762321
                1.222883                      0.13445464
               1.2248088                      0.47036979
               1.2267346                      0.79037166
               1.2286604                       1.0382892
               1.2305862                       1.2837573
                1.232512                       1.5696822
               1.2344378                       1.8684152
               1.2363636                       2.1589656
               1.2382894                       2.4224617
               1.2402152                       2.6263309
                1.242141                       2.8203785
               1.2440668                       3.1034179
               1.2459926                       3.4076388
               1.2479184                       3.5839076
               1.2498442                       3.6995652
                 1.25177                       3.8919632
               1.2536958                       4.0954099
               1.2556216                        4.240417
               1.2575474                       4.3980627
               1.2594732                        4.565752
                1.261399                       4.6611547
               1.2633248                       4.7137275
               1.2652506                       4.8203287
               1.2671764                       4.9615126
               1.2691022                       5.0111771
                1.271028                       4.9736905
               1.2729538                        5.003983
               1.2748796                       5.0908732
               1.2768054                       5.0681553
               1.2787312                       4.9603271
                1.280657                       4.9209161
               1.2825828                       4.9253893
               1.2845086                       4.8615332
               1.2864344                       4.7682023
               1.2883602                        4.699152
                1.290286                       4.5731778
               1.2922118                        4.384666
               1.2941376                       4.2310066
               1.2960634                       4.1014943
               1.2979892                       3.9529667
                1.299915                       3.7903297
               1.3018408                       3.6013417
               1.3037666                       3.4072576
               1.3056924                       3.2132874
               1.3076182                       2.9761376
                1.309544                       2.7391021
               1.3114698                       2.5423148
               1.3133956                       2.3162858
               1.3153214                       2.0491467
               1.3172472                       1.8075702
                1.319173                       1.5804105
               1.3210988                       1.3193201
               1.3230246                       1.0489775
               1.3249504                      0.80381382
               1.3268762                      0.57483238
                1.328802                      0.35457081
               1.3307278                       0.1248032
               1.3326536                     -0.13582179
               1.3345794                     -0.40797198
               1.3365052                     -0.65425861
                1.338431                     -0.84797245
               1.3403568                      -1.0412077
               1.3422826                      -1.3137641
               1.3442084                      -1.5685817
               1.3461342                      -1.7055496
                 1.34806                      -1.8728333
               1.3499858                      -2.1448276
               1.3519116                      -2.3489289
               1.3538374                      -2.4437876
               1.3557632                      -2.5899763
                1.357689                      -2.8223991
               1.3596148                      -3.0016766
               1.3615406                       -3.056267
               1.3634664                      -3.1009889
               1.3653922                      -3.2586086
                1.367318                      -3.4587746
               1.3692438                      -3.5770001
               1.3711696                      -3.6136866
               1.3730954                       -3.607548
               1.3750212                      -3.6322043
                1.376947                      -3.7689774
               1.3788728                      -3.8925674
               1.3807986                       -3.865355
               1.3827244                      -3.8197088
               1.3846502                      -3.8430152
                1.386576                      -3.8350508
               1.3885018                      -3.8052056
               1.3904276                       -3.817868
               1.3923534                      -3.8148181
               1.3942792                      -3.7484448
                1.396205                      -3.6578021
               1.3981308                      -3.5913098
               1.4000566                      -3.5581241
               1.4019824                      -3.5137424
               1.4039082                      -3.4157598
                1.405834                      -3.2985106
               1.4077598                      -3.2032988
               1.4096856                      -3.0972431
               1.4116114                      -2.9952879
               1.4135372                      -2.9514394
                1.415463                      -2.8552415
               1.4173888                       -2.641953
               1.4193146                      -2.5018108
               1.4212404                      -2.4698219
               1.4231662                      -2.3387871
                1.425092                      -2.1019924
               1.4270178                      -1.9301077
               1.4289436                      -1.8706547
               1.4308694                       -1.805981
               1.4327952                       -1.625158
                1.434721                       -1.625158
               1.4366468                      -1.4179481
               1.4385726                      -1.2773525
               1.4404984                      -1.1166598
               1.4424242                     -0.95851606
                 1.44435                     -0.89228803
               1.4462758                     -0.77951258
               1.4482016                     -0.51981562
               1.4501274                      -0.2742483
               1.4520532                     -0.15199557
                1.453979                    -0.053103894
               1.4559048                     0.094731301
               1.4578306                      0.26490107
               1.4597564                      0.46622741
               1.4616822                      0.67057985
                1.463608                      0.80283642
               1.4655338                      0.91523731
               1.4674596                       1.0917022
               1.4693854                       1.3070952
               1.4713112                       1.4904765
                1.473237                       1.5977974
               1.4751628                        1.710831
               1.4770886                       1.9186529
               1.4790144                       2.1138477
               1.4809402                       2.2214975
                1.482866                       2.3481722
               1.4847918                       2.5299816
               1.4867176                       2.6895475
               1.4886434                        2.816509
               1.4905692                       2.9511299
                1.492495                       3.0642416
               1.4944208                       3.1373544
               1.4963466                       3.2539918
               1.4982724                       3.4325688
               1.5001982                       3.5752401
                1.502124                       3.6270168
               1.5040498                       3.6167166
               1.5059756                       3.6553192
               1.5079014                        3.805254
               1.5098272                       3.9269915
                1.511753                       3.9444821
               1.5136788                       3.9824374
               1.5156046                       4.0355554
               1.5175304                       3.9893253
               1.5194562                       3.9489098
                1.521382                       4.0561247
               1.5233078                       4.1445465
               1.5252336                       4.0380616
               1.5271594                       3.9169877
               1.5290852                       3.9358039
                1.531011                       3.9446583
               1.5329368                        3.871366
               1.5348626                       3.7880106
               1.5367884                       3.6883557
               1.5387142                       3.5933685
                 1.54064                       3.5234468
               1.5425658                       3.4060972
               1.5444916                       3.2544909
               1.5464174                       3.1458554
               1.5483432                       3.0670788
                1.550269                       2.9381163
               1.5521948                       2.7148924
               1.5541206                       2.5090771
               1.5560464                       2.4007721
               1.5579722                       2.2352667
                1.559898                       1.9693241
               1.5618238                       1.7601132
               1.5637496                       1.5902468
               1.5656754                       1.3654634
               1.5676012                       1.1390293
                1.569527                      0.93391621
               1.5714528                      0.67720014
               1.5733786                      0.38479838
               1.5753044                      0.18588522
               1.5772302                     0.054200437
                1.579156                     -0.22520363
               1.5810818                     -0.64073592
               1.5830076                     -0.93489897
               1.5849334                      -1.0480673
               1.5868592                      -1.1744411
                1.588785                      -1.4697239
               1.5907108                      -1.8501271
               1.5926366                      -2.1159632
               1.5945624                      -2.2812402
               1.5964882                      -2.4917159
                1.598414                      -2.7429862
               1.6003398                      -2.9845319
               1.6022656                      -3.2177694
               1.6041914                       -3.414794
               1.6061172                      -3.5573642
                1.608043                      -3.7022936
               1.6099688                      -3.9241636
               1.6118946                       -4.162118
               1.6138204                      -4.2808037
               1.6157462                      -4.3434706
                1.617672                      -4.4784193
               1.6195978                      -4.6163626
               1.6215236                      -4.7021437
               1.6234494                      -4.7985153
               1.6253752                      -4.8748288
                1.627301                      -4.8761091
               1.6292268                      -4.8874702
               1.6311526                      -4.9763207
               1.6330784                      -5.0396128
               1.6350042                      -4.9635525
                 1.63693                      -4.8172541
               1.6388558                      -4.7645497
               1.6407816                      -4.7985973
               1.6427074                      -4.7321138
               1.6446332                      -4.5623693
                1.646559                      -4.4788098
               1.6484848                      -4.4047494
               1.6504106                      -4.1656823
               1.6523364                      -3.9443493
               1.6542622                      -3.8803785
                1.656188                      -3.7456272
               1.6581138                      -3.4540727
               1.6600396                      -3.2191672
               1.6619654                      -3.0779305
               1.6638912                      -2.8519559
                1.665817                      -2.5450358
               1.6677428                      -2.2977297
               1.6696686                      -2.0707901
               1.6715944                      -1.7725519
               1.6735202                      -1.4762334
                1.675446                      -1.2349262
               1.6773718                     -0.95546019
               1.6792976                     -0.61089075
               1.6812234                     -0.31698722
               1.6831492                    -0.099570721
                1.685075                      0.14681968
               1.6870008                      0.45499966
               1.6889266                      0.78795564
               1.6908524                       1.1081911
               1.6927782                       1.3600171
                1.694704                       1.5652521
               1.6966298                       1.8219253
               1.6985556                        2.144115
               1.7004814                       2.4287786
               1.7024072                       2.6028445
                1.704333                       2.7776549
               1.7062588                       3.0616663
               1.7081846                       3.3201449
               1.7101104                       3.4684234
               1.7120362                       3.6517208
                1.713962                       3.8885958
               1.7158878                        4.030014
               1.7178136                       4.0879478
               1.7197394                       4.1915717
               1.7216652                       4.3539248
                1.723591                       4.5173192
               1.7255168                       4.6204104
               1.7274426                       4.6196089
               1.7293684                       4.6293163
               1.7312942                       4.7475886
                 1.73322                       4.8220344
               1.7351458                       4.7908506
               1.7370716                       4.7835083
               1.7389974                       4.7884226
               1.7409232                       4.7639327
                1.742849                       4.7390184
               1.7447748                        4.670516
               1.7467006                       4.5617414
               1.7486264                         4.46522
               1.7505522                       4.3890128
                1.752478                       4.3430715
               1.7544038                       4.2531905
               1.7563296                       4.0569348
               1.7582554                        3.863965
               1.7601812                       3.7441044
                1.762107                        3.640734
               1.7640328                       3.4943883
               1.7659586                        3.295552
               1.7678844                       3.1024258
               1.7698102                       2.9080276
                1.771736                       2.6680448
               1.7736618                         2.48105
               1.7755876                       2.3717785
               1.7775134                       2.1821263
               1.7794392                       1.8786259
                1.781365                       1.5952523
               1.7832908                       1.4019921
               1.7852166                          1.2336
               1.7871424                       1.0293163
               1.7890682                      0.80056369
                1.790994                      0.52930099
               1.7929198                      0.25981602
               1.7948456                       0.1035817
               1.7967714                    -0.042178467
               1.7986972                     -0.30033278
                1.800623                     -0.53644198
               1.8025488                     -0.70785803
               1.8044746                     -0.93996215
               1.8064004                      -1.1832548
               1.8083262                      -1.3249501
                1.810252                      -1.4439887
               1.8121778                      -1.6579736
               1.8141036                      -1.9011914
               1.8160294                      -2.0400987
               1.8179552                      -2.1226985
                1.819881                      -2.2803264
               1.8218068                      -2.4894993
               1.8237326                      -2.6549933
               1.8256584                      -2.7405403
               1.8275842                      -2.7710223
                 1.82951                      -2.8519275
               1.8314358                      -3.0210423
               1.8333616                      -3.1459415
               1.8352874                      -3.1727262
               1.8372132                      -3.2007723
                1.839139                       -3.272289
               1.8410648                      -3.3626053
               1.8429906                      -3.3626053
               1.8449164                       -3.447063
               1.8468422                      -3.4908807
                1.848768                      -3.4942687
               1.8506938                      -3.4925823
               1.8526196                      -3.4980454
               1.8545454                      -3.4926598
               1.8564712                      -3.4908528
                1.858397                      -3.5392611
               1.8603228                      -3.5697987
               1.8622486                      -3.4783702
               1.8641744                      -3.3773036
               1.8661002                      -3.4057207
                1.868026                      -3.4459493
               1.8699518                      -3.3627169
               1.8718776                      -3.2514112
               1.8738034                      -3.2147877
               1.8757292                      -3.1767502
                1.877655                      -3.0964971
               1.8795808                      -3.0455225
               1.8815066                      -2.9860959
               1.8834324                      -2.8485363
               1.8853582                      -2.7333794
                1.887284                      -2.7171626
               1.8892098                      -2.6640949
               1.8911356                      -2.4590194
               1.8930614                      -2.2577331
               1.8949872                      -2.2240646
                1.896913                       -2.191175
               1.8988388                      -1.9901179
               1.9007646                      -1.7797407
               1.9026904                       -1.686896
               1.9046162                       -1.583573
                1.906542                      -1.4000977
               1.9084678                        -1.25177
               1.9103936                      -1.1519555
               1.9123194                     -0.95250446
               1.9142452                     -0.70714086
                1.916171                     -0.59876972
               1.9180968                     -0.50334084
               1.9200226                     -0.26392877
               1.9219484                    -0.033860121
               1.9238742                       0.1115106
                  1.9258                      0.28781086
               1.9277258                      0.49463415
               1.9296516                      0.67132437
               1.9315774                      0.82649249
               1.9335032                      0.99652165
                1.935429                       1.2183641
               1.9373548                       1.4498645
               1.9392806                       1.6129783
               1.9412064                       1.7500105
               1.9431322                        1.922601
                1.945058                       2.0996408
               1.9469838                       2.2847829
               1.9489096                       2.4862571
               1.9508354                       2.6325202
               1.9527612                       2.7598488
                1.954687                       2.9727218
               1.9566128                       3.1866055
               1.9585386                       3.2997084
               1.9604644                       3.3845918
               1.9623902                       3.5042605
                1.964316                       3.6445088
               1.9662418                       3.7869194
               1.9681676                       3.9180045
               1.9700934                       4.0225987
               1.9720192                       4.0745697
                1.973945                       4.1269655
               1.9758708                       4.2553763
               1.9777966                       4.3582377
               1.9797224                       4.3546391
               1.9816482                       4.3500257
                1.983574                       4.3882189
               1.9854998                       4.4244027
               1.9874256                       4.4456863
               1.9893514                       4.4296579
               1.9912772                       4.3900447
                1.993203                       4.3682847
               1.9951288                       4.3332558
               1.9970546                       4.2472301
               1.9989804                       4.1469502
               2.0009062                       4.0794854
                2.002832                       4.0092754
               2.0047578                       3.8677375
               2.0066836                       3.6822939
               2.0086094                       3.5324221
               2.0105352                       3.4216261
                2.012461                       3.2819254
               2.0143868                       3.0850778
               2.0163126                       2.8889818
               2.0182384                       2.7031837
               2.0201642                       2.4865711
                 2.02209                       2.2908475
               2.0240158                       2.0941539
               2.0259416                        1.786413
               2.0278674                       1.4968098
               2.0297932                       1.3588806
                2.031719                       1.1802074
               2.0336448                      0.83732772
               2.0355706                      0.47623968
               2.0374964                      0.21292123
               2.0394222                     0.020446699
                2.041348                     -0.20654663
               2.0432738                     -0.49722883
               2.0451996                     -0.77322912
               2.0471254                      -1.0520037
               2.0490512                      -1.3546201
                2.050977                      -1.5975369
               2.0529028                      -1.8175051
               2.0548286                      -2.0922978
               2.0567544                      -2.3572936
               2.0586802                      -2.5858774
                2.060606                      -2.8330293
               2.0625318                      -3.0796728
               2.0644576                      -3.2745669
               2.0663834                      -3.4651515
               2.0683092                      -3.7157202
                2.070235                      -3.9379187
               2.0721608                      -4.0520844
               2.0740866                      -4.1889811
               2.0760124                      -4.4191341
               2.0779382                      -4.5659828
                2.079864                      -4.5734625
               2.0817898                      -4.6675668
               2.0837156                      -4.8892865
               2.0856414                      -4.9861727
               2.0875672                      -4.9510121
                2.089493                       -4.990993
               2.0914188                      -5.0544863
               2.0933446                      -5.0196443
               2.0952704                      -4.9731784
               2.0971962                      -4.9927783
                2.099122                      -5.0066719
               2.1010478                      -4.9240317
               2.1029736                      -4.7920604
               2.1048994                      -4.7102857
               2.1068252                      -4.6396799
                2.108751                      -4.5154061
               2.1106768                      -4.3514752
               2.1126026                      -4.1593618
               2.1145284                      -3.9692647
               2.1164542                      -3.8052759
                 2.11838                      -3.6323502
               2.1203058                      -3.4184175
               2.1222316                      -3.1735454
               2.1241574                      -2.9540322
               2.1260832                      -2.7590537
                2.128009                      -2.4989581
               2.1299348                      -2.1998873
               2.1318606                      -1.9613963
               2.1337864                      -1.7383494
               2.1357122                      -1.4416859
                2.137638                      -1.1226882
               2.1395638                     -0.89442062
               2.1414896                     -0.68873745
               2.1434154                     -0.35199657
               2.1453412                    0.0029012188
                2.147267                      0.22711548
               2.1491928                      0.44823942
               2.1511186                      0.73323745
               2.1530444                      0.99573326
               2.1549702                         1.25679
                2.156896                       1.5416455
               2.1588218                        1.777215
               2.1607476                       1.9477522
               2.1626734                       2.1570764
               2.1645992                       2.4488077
                2.166525                       2.6961532
               2.1684508                       2.8619599
               2.1703766                       3.0472796
               2.1723024                       3.2201102
               2.1742282                       3.3508339
                2.176154                       3.5289533
               2.1780798                       3.7265615
               2.1800056                       3.8595207
               2.1819314                       3.9566758
               2.1838572                       4.0706272
                2.185783                       4.1959758
               2.1877088                       4.2851667
               2.1896346                       4.3291488
               2.1915604                        4.371779
               2.1934862                       4.4167962
                2.195412                       4.4398956
               2.1973378                       4.4600635
               2.1992636                        4.502605
               2.2011894                       4.5196943
               2.2031152                       4.4696021
                2.205041                        4.417182
               2.2069668                        4.377099
               2.2088926                       4.2994304
               2.2108184                       4.2413726
               2.2127442                       4.2128158
                 2.21467                       4.1287217
               2.2165958                       4.0113621
               2.2185216                       3.8859479
               2.2204474                       3.7387817
               2.2223732                       3.6325045
                2.224299                       3.5401254
               2.2262248                       3.3512459
               2.2281506                       3.1241283
               2.2300764                       2.9909363
               2.2320022                       2.9229324
                2.233928                       2.7769117
               2.2358538                       2.5114837
               2.2377796                        2.271374
               2.2397054                       2.1626894
               2.2416312                       2.0678942
                2.243557                       1.8567159
               2.2454828                       1.5856167
               2.2474086                       1.3641002
               2.2493344                       1.2062624
               2.2512602                       1.0607687
                2.253186                       1.0607687
               2.2551118                       0.8962931
               2.2570376                      0.70139688
               2.2589634                      0.45333466
               2.2608892                      0.21034324
                2.262815                     0.075271696
               2.2647408                    -0.024580278
               2.2666666                      -0.2293973
               2.2685924                     -0.48738387
               2.2705182                     -0.67196798
                2.272444                     -0.78444839
               2.2743698                     -0.91408587
               2.2762956                      -1.1016774
               2.2782214                      -1.2968135
               2.2801472                      -1.4563079
                2.282073                      -1.5918272
               2.2839988                      -1.7128636
               2.2859246                      -1.8358575
               2.2878504                      -1.9963657
               2.2897762                      -2.1782582
                2.291702                      -2.3044372
               2.2936278                      -2.3622158
               2.2955536                       -2.451277
               2.2974794                      -2.6093209
               2.2994052                      -2.7483144
                2.301331                      -2.8394322
               2.3032568                      -2.9242988
               2.3051826                      -2.9771998
               2.3071084                       -2.994128
               2.3090342                      -3.0678072
                 2.31096                      -3.2089665
               2.3128858                      -3.3059921
               2.3148116                       -3.328269
               2.3167374                      -3.3405805
               2.3186632                      -3.3628767
                2.320589                      -3.4056165
               2.3225148                      -3.4818544
               2.3244406                       -3.518939
               2.3263664                      -3.4757607
               2.3282922                      -3.4503715
                2.330218                      -3.5018935
               2.3321438                      -3.5463479
               2.3340696                      -3.5103974
               2.3359954                      -3.4396319
               2.3379212                      -3.4015357
                2.339847                      -3.3831873
               2.3417728                      -3.3513811
               2.3436986                      -3.3017716
               2.3456244                       -3.231075
               2.3475502                      -3.1594589
                2.349476                      -3.1078873
               2.3514018                      -3.0580556
               2.3533276                      -2.9876461
               2.3552534                      -2.8745246
               2.3571792                      -2.7346869
                2.359105                      -2.6233046
               2.3610308                      -2.5218832
               2.3629566                       -2.390758
               2.3648824                      -2.2570436
               2.3668082                      -2.1349778
                2.368734                      -2.0011938
               2.3706598                      -1.8316889
               2.3725856                      -1.6434036
               2.3745114                      -1.4828297
               2.3764372                      -1.3343585
                2.378363                       -1.162146
               2.3802888                      -0.9567889
               2.3822146                      -0.7212345
               2.3841404                     -0.51937819
               2.3860662                     -0.37158644
                2.387992                     -0.21679731
               2.3899178                    -0.021184877
               2.3918436                      0.26611289
               2.3937694                      0.56913114
               2.3956952                      0.70475745
                2.397621                      0.82298636
               2.3995468                       1.1314336
               2.4014726                       1.4264388
               2.4033984                       1.5723908
               2.4053242                       1.7427289
                 2.40725                       1.9886092
               2.4091758                        2.217324
               2.4111016                       2.4278839
               2.4130274                       2.6536801
               2.4149532                       2.8545775
                2.416879                       2.9984274
               2.4188048                       3.1432841
               2.4207306                       3.3299577
               2.4226564                       3.5340211
               2.4245822                       3.7309921
                2.426508                         3.87783
               2.4284338                       3.9789305
               2.4303596                       4.1100469
               2.4322854                        4.259624
               2.4342112                       4.3758283
                2.436137                       4.4596834
               2.4380628                       4.5066624
               2.4399886                       4.5708551
               2.4419144                       4.6847534
               2.4438402                       4.7372341
                2.445766                       4.7239647
               2.4476918                        4.755249
               2.4496176                       4.7843294
               2.4515434                       4.7390876
               2.4534692                       4.6733446
                2.455395                       4.6382833
               2.4573208                       4.6254945
               2.4592466                       4.5793686
               2.4611724                       4.4706984
               2.4630982                       4.3623204
                2.465024                       4.2760448
               2.4669498                       4.1419449
               2.4688756                        3.971688
               2.4708014                        3.849586
               2.4727272                       3.7226591
                2.474653                       3.5009432
               2.4765788                       3.2846656
               2.4785046                       3.1337471
               2.4804304                       2.9130807
               2.4823562                        2.623487
                2.484282                        2.416266
               2.4862078                       2.2662795
               2.4881336                        2.020304
               2.4900594                       1.6614441
               2.4919852                       1.3476762
                2.493911                       1.1651493
               2.4958368                      0.96732134
               2.4977626                      0.65165329
               2.4996884                      0.32578355
               2.5016142                     0.042607516
                 2.50354                     -0.23893081
               2.5054658                     -0.48978996
               2.5073916                     -0.73329598
               2.5093174                      -1.0665065
               2.5112432                      -1.4340423
                2.513169                      -1.7041641
               2.5150948                      -1.8985995
               2.5170206                      -2.1169999
               2.5189464                      -2.3869383
               2.5208722                      -2.6719966
                2.522798                      -2.9395962
               2.5247238                      -3.1874173
               2.5266496                      -3.3881049
               2.5285754                      -3.5421035
               2.5305012                      -3.7522066
                2.532427                      -4.0013523
               2.5343528                      -4.1334572
               2.5362786                      -4.2144308
               2.5382044                      -4.4024034
               2.5401302                      -4.5942435
                2.542056                      -4.6829057
               2.5439818                      -4.7583594
               2.5459076                      -4.8529792
               2.5478334                      -4.9096951
               2.5497592                      -4.9318814
                2.551685                      -4.9520292
               2.5536108                      -4.9755054
               2.5555366                      -4.9826221
               2.5574624                      -4.9529891
               2.5593882                      -4.8969016
                2.561314                      -4.8467102
               2.5632398                      -4.8027821
               2.5651656                      -4.7072225
               2.5670914                      -4.5510049
               2.5690172                      -4.4242306
                2.570943                      -4.3509245
               2.5728688                      -4.2388673
               2.5747946                      -4.0461388
               2.5767204                      -3.8480976
               2.5786462                      -3.7003238
                2.580572                      -3.5384886
               2.5824978                      -3.3085582
               2.5844236                      -3.0541492
               2.5863494                      -2.8290596
               2.5882752                      -2.6537502
                2.590201                      -2.4579391
               2.5921268                      -2.1595166
               2.5940526                      -1.8572918
               2.5959784                      -1.6439453
               2.5979042                       -1.444545
                 2.59983                      -1.2030081
               2.6017558                     -0.91701549
               2.6036816                     -0.62888902
               2.6056074                     -0.39796278
               2.6075332                      -0.1592395
                2.609459                      0.11993486
               2.6113848                      0.35799837
               2.6133106                      0.57917428
               2.6152364                      0.83520627
               2.6171622                       1.0791217
                2.619088                       1.2957778
               2.6210138                       1.5200869
               2.6229396                       1.7701242
               2.6248654                       2.0224168
               2.6267912                       2.2185934
                2.628717                       2.3530123
               2.6306428                       2.5014384
               2.6325686                       2.7123532
               2.6344944                       2.9207692
               2.6364202                       3.0561049
                2.638346                       3.1760237
               2.6402718                       3.3282652
               2.6421976                       3.4571486
               2.6441234                       3.5638521
               2.6460492                       3.6785161
                2.647975                        3.755692
               2.6499008                       3.8101876
               2.6518266                       3.9098797
               2.6537524                       4.0155373
               2.6556782                       4.0551581
                2.657604                        4.046062
               2.6595298                       4.0612164
               2.6614556                       4.0612164
               2.6633814                       4.1239419
               2.6653072                       4.1371784
                2.667233                       4.0602636
               2.6691588                       4.0371294
               2.6710846                       4.0821118
               2.6730104                        4.025949
               2.6749362                       3.9284716
                2.676862                       3.9365628
               2.6787878                       3.9092026
               2.6807136                       3.7647917
               2.6826394                       3.6672108
               2.6845652                       3.6099834
                2.686491                       3.4954588
               2.6884168                       3.4229739
               2.6903426                       3.3941741
               2.6922684                       3.2478735
               2.6941942                       3.0242383
                 2.69612                       2.8979323
               2.6980458                       2.8646085
               2.6999716                       2.7554247
               2.7018974                       2.5075901
               2.7038232                       2.3003461
                2.705749                       2.2475893
               2.7076748                       2.1675801
               2.7096006                       1.9381492
               2.7115264                       1.7160085
               2.7134522                       1.6135855
                2.715378                        1.519686
               2.7173038                       1.3296989
               2.7192296                       1.1098216
               2.7211554                      0.93678772
               2.7230812                      0.77671385
                2.725007                      0.62166852
               2.7269328                      0.49199206
               2.7288586                      0.32809994
               2.7307844                      0.11056191
               2.7327102                    -0.083400659
                2.734636                     -0.22145289
               2.7365618                      -0.3572892
               2.7384876                     -0.54096752
               2.7404134                     -0.72637594
               2.7423392                     -0.86265111
                2.744265                      -1.0143676
               2.7461908                      -1.1943016
               2.7481166                      -1.3333141
               2.7500424                      -1.4582844
               2.7519682                      -1.5969323
                2.753894                      -1.7408321
               2.7558198                      -1.9264159
               2.7577456                      -2.1038909
               2.7596714                      -2.2046168
               2.7615972                      -2.2905869
                2.763523                      -2.4001381
               2.7654488                      -2.5181255
               2.7673746                      -2.6682322
               2.7693004                      -2.8376319
               2.7712262                      -2.9633081
                2.773152                      -3.0317376
               2.7750778                      -3.0921717
               2.7770036                      -3.1621587
               2.7789294                      -3.2326982
               2.7808552                      -3.3456905
                2.782781                      -3.4802821
               2.7847068                      -3.5369318
               2.7866326                      -3.5353839
               2.7885584                      -3.5662174
               2.7904842                      -3.6434314
                 2.79241                      -3.7272105
               2.7943358                      -3.7633092
               2.7962616                      -3.7561834
               2.7981874                      -3.7607393
               2.8001132                      -3.7674718
                2.802039                      -3.7582266
               2.8039648                      -3.7615891
               2.8058906                      -3.7554066
               2.8078164                      -3.6974266
               2.8097422                       -3.622705
                2.811668                      -3.5702565
               2.8135938                      -3.5183115
               2.8155196                      -3.4517708
               2.8174454                      -3.3689582
               2.8193712                      -3.2623484
                2.821297                      -3.1641822
               2.8232228                      -3.0804956
               2.8251486                      -2.9435847
               2.8270744                      -2.7552073
               2.8290002                       -2.599787
                2.830926                      -2.4922123
               2.8328518                      -2.3671815
               2.8347776                       -2.166635
               2.8367034                      -1.9116405
               2.8386292                      -1.7035921
                2.840555                      -1.5644883
               2.8424808                      -1.3885074
               2.8444066                      -1.1596504
               2.8463324                     -0.94708341
               2.8482582                      -0.6983068
                2.850184                     -0.39761245
               2.8521098                      -0.1784527
               2.8540356                     -0.01874564
               2.8559614                      0.23130926
               2.8578872                      0.53177351
                2.859813                      0.76304817
               2.8617388                      0.94240832
               2.8636646                       1.1724836
               2.8655904                       1.4933821
               2.8675162                         1.78511
                2.869442                       1.9572158
               2.8713678                       2.1451905
               2.8732936                         2.43536
               2.8752194                       2.6834598
               2.8771452                       2.8393052
                2.879071                       3.0569153
               2.8809968                       3.3440473
               2.8829226                        3.530242
               2.8848484                       3.6417561
               2.8867742                       3.8332427
                  2.8887                       4.0484581
               2.8906258                       4.1827874
               2.8925516                       4.2814302
               2.8944774                       4.3966651
               2.8964032                       4.5461626
                2.898329                       4.7038736
               2.9002548                       4.8001142
               2.9021806                        4.850584
               2.9041064                       4.9007769
               2.9060322                       4.9446082
                2.907958                       4.9936943
               2.9098838                       5.0313697
               2.9118096                       5.0169678
               2.9137354                       4.9826446
               2.9156612                       4.9623322
                2.917587                       4.9170351
               2.9195128                       4.8316407
               2.9214386                       4.7756448
               2.9233644                       4.7333808
               2.9252902                       4.5859919
                2.927216                       4.4002123
               2.9291418                       4.2998552
               2.9310676                       4.1791878
               2.9329934                       3.9915657
               2.9349192                       3.8340704
                2.936845                       3.6572437
               2.9387708                        3.409313
               2.9406966                        3.178592
               2.9426224                        2.994025
               2.9445482                       2.7916837
                2.946474                       2.5177777
               2.9483998                       2.2013128
               2.9503256                       1.9447819
               2.9522514                       1.7459545
               2.9541772                       1.4885633
                2.956103                       1.1638263
               2.9580288                      0.85279137
               2.9599546                      0.56628102
               2.9618804                      0.29505283
               2.9638062                     0.040780652
                2.965732                     -0.24738832
               2.9676578                     -0.57903177
               2.9695836                     -0.87164062
               2.9715094                      -1.1026527
               2.9734352                      -1.3483601
                2.975361                      -1.6431419
               2.9772868                        -1.93468
               2.9792126                      -2.1866176
               2.9811384                      -2.4237332
               2.9830642                      -2.6832089
                 2.98499                      -2.9657683
               2.9869158                      -3.1955674
               2.9888416                      -3.3318384
               2.9907674                      -3.4828725
               2.9926932                      -3.7004468
                2.994619                      -3.9058261
               2.9965448                      -4.0830655
               2.9984706                       -4.222621

