        Frequency / GHz                X (8)/abs,linear
----------------------------------------------------------------------
                       0                        4.268361
            0.0054646658                       4.2684532
             0.010929332                       4.2687248
             0.016393997                       4.2691606
             0.021858663                       4.2697363
             0.027323329                       4.2704198
             0.032787995                       4.2711731
              0.03825266                       4.2719546
             0.043717326                        4.272721
             0.049181992                       4.2734302
             0.054646658                       4.2740437
             0.060111324                       4.2745283
             0.065575989                       4.2748586
             0.071040655                        4.275018
             0.076505321                       4.2749998
             0.081969987                       4.2748077
             0.087434652                       4.2744553
             0.092899318                       4.2739659
             0.098363984                       4.2733705
              0.10382865                       4.2727067
              0.10929332                       4.2720161
              0.11475798                       4.2713423
              0.12022265                       4.2707282
              0.12568731                       4.2702137
              0.13115198                       4.2698333
              0.13661664                       4.2696141
              0.14208131                       4.2695745
              0.14754598                       4.2697224
              0.15301064                       4.2700556
              0.15847531                       4.2705612
              0.16393997                       4.2712166
              0.16940464                       4.2719907
               0.1748693                       4.2728454
              0.18033397                       4.2737381
              0.18579864                       4.2746241
               0.1912633                       4.2754586
              0.19672797                          4.2762
              0.20219263                       4.2768116
               0.2076573                       4.2772642
              0.21312197                       4.2775374
              0.21858663                       4.2776213
               0.2240513                       4.2775165
              0.22951596                        4.277235
              0.23498063                       4.2767985
              0.24044529                       4.2762385
              0.24590996                       4.2755934
              0.25137463                       4.2749075
              0.25683929                       4.2742277
              0.26230396                       4.2736013
              0.26776862                       4.2730733
              0.27323329                       4.2726837
              0.27869795                       4.2724653
              0.28416262                       4.2724416
              0.28962729                       4.2726258
              0.29509195                       4.2730192
              0.30055662                       4.2736119
              0.30602128                       4.2743826
              0.31148595                       4.2752999
              0.31695062                       4.2763241
              0.32241528                       4.2774093
              0.32787995                       4.2785058
              0.33334461                       4.2795628
              0.33880928                       4.2805317
              0.34427394                       4.2813683
              0.34973861                       4.2820355
              0.35520328                       4.2825056
              0.36066794                       4.2827617
              0.36613261                       4.2827989
              0.37159727                       4.2826245
              0.37706194                        4.282258
               0.3825266                       4.2817301
              0.38799127                       4.2810808
              0.39345594                       4.2803578
               0.3989206                       4.2796136
              0.40438527                       4.2789026
              0.40984993                       4.2782783
               0.4153146                       4.2777902
              0.42077926                       4.2774811
              0.42624393                       4.2773844
               0.4317086                       4.2775223
              0.43717326                       4.2779043
              0.44263793                       4.2785269
              0.44810259                       4.2793729
              0.45356726                       4.2804131
              0.45903193                       4.2816071
              0.46449659                       4.2829057
              0.46996126                       4.2842537
              0.47542592                       4.2855926
              0.48089059                       4.2868639
              0.48635525                       4.2880124
              0.49181992                       4.2889892
              0.49728459                       4.2897545
              0.50274925                       4.2902797
              0.50821392                       4.2905495
              0.51367858                       4.2905624
              0.51914325                       4.2903313
              0.52460791                       4.2898829
              0.53007258                       4.2892562
              0.53553725                       4.2885007
              0.54100191                        4.287674
              0.54646658                       4.2868382
              0.55193124                       4.2860573
              0.55739591                        4.285393
              0.56286058                       4.2849016
              0.56832524                       4.2846311
              0.57378991                       4.2846177
              0.57925457                       4.2848845
              0.58471924                       4.2854394
               0.5901839                        4.286275
              0.59564857                       4.2873682
              0.60111324                        4.288682
               0.6065779                       4.2901671
              0.61204257                       4.2917641
              0.61750723                       4.2934073
               0.6229719                       4.2950279
              0.62843656                       4.2965574
              0.63390123                       4.2979321
               0.6393659                       4.2990959
              0.64483056                       4.3000039
              0.65029523                       4.3006245
              0.65575989                       4.3009417
              0.66122456                        4.300956
              0.66668923                       4.3006843
              0.67215389                       4.3001595
              0.67761856                       4.2994291
              0.68308322                       4.2985522
              0.68854789                       4.2975969
              0.69401255                       4.2966367
              0.69947722                       4.2957465
              0.70494189                       4.2949986
              0.71040655                       4.2944584
              0.71587122                       4.2941815
              0.72133588                       4.2942096
              0.72680055                       4.2945688
              0.73226521                       4.2952674
              0.73772988                       4.2962958
              0.74319455                       4.2976263
              0.74865921                       4.2992148
              0.75412388                       4.3010028
              0.75958854                       4.3029206
              0.76505321                       4.3048908
              0.77051787                       4.3068326
              0.77598254                       4.3086659
              0.78144721                        4.310316
              0.78691187                       4.3117173
              0.79237654                       4.3128171
               0.7978412                       4.3135784
              0.80330587                       4.3139823
              0.80877054                        4.314029
               0.8142352                       4.3137382
              0.81969987                        4.313148
              0.82516453                       4.3123135
               0.8306292                       4.3113035
              0.83609386                       4.3101975
              0.84155853                       4.3090814
               0.8470232                       4.3080428
              0.85248786                       4.3071666
              0.85795253                         4.30653
              0.86341719                       4.3061985
              0.86888186                       4.3062221
              0.87434652                       4.3066323
              0.87981119                       4.3074404
              0.88527586                       4.3086364
              0.89074052                       4.3101895
              0.89620519                       4.3120493
              0.90166985                       4.3141486
              0.90713452                        4.316407
              0.91259919                       4.3187346
              0.91806385                       4.3210371
              0.92352852                       4.3232211
              0.92899318                       4.3251982
              0.93445785                        4.326891
              0.93992251                       4.3282363
              0.94538718                        4.329189
              0.95085185                       4.3297249
              0.95631651                       4.3298415
              0.96178118                       4.3295594
              0.96724584                       4.3289206
              0.97271051                       4.3279868
              0.97817517                       4.3268365
              0.98363984                        4.325561
              0.98910451                       4.3242595
              0.99456917                       4.3230342
               1.0000338                       4.3219844
               1.0054985                       4.3212016
               1.0109632                       4.3207642
               1.0164278                       4.3207331
               1.0218925                       4.3211483
               1.0273572                       4.3220264
               1.0328218                       4.3233594
               1.0382865                        4.325115
               1.0437512                        4.327238
               1.0492158                       4.3296532
               1.0546805                        4.332269
               1.0601452                       4.3349826
               1.0656098                       4.3376851
               1.0710745                       4.3402672
               1.0765392                       4.3426255
               1.0820038                       4.3446674
               1.0874685                       4.3463166
               1.0929332                        4.347517
               1.0983978                       4.3482361
               1.1038625                       4.3484666
               1.1093272                       4.3482274
               1.1147918                       4.3475627
               1.1202565                         4.34654
               1.1257212                       4.3452468
               1.1311858                       4.3437863
               1.1366505                       4.3422722
               1.1421151                       4.3408223
               1.1475798                       4.3395529
               1.1530445                       4.3385721
               1.1585091                       4.3379741
               1.1639738                       4.3378338
               1.1694385                       4.3382028
               1.1749031                       4.3391058
               1.1803678                       4.3405395
               1.1858325                       4.3424723
               1.1912971                       4.3448458
               1.1967618                       4.3475775
               1.2022265                       4.3505651
               1.2076911                       4.3536923
               1.2131558                        4.356834
               1.2186205                       4.3598639
               1.2240851                       4.3626603
               1.2295498                       4.3651134
               1.2350145                       4.3671305
               1.2404791                       4.3686414
               1.2459438                       4.3696021
               1.2514085                       4.3699975
               1.2568731                       4.3698425
               1.2623378                       4.3691814
               1.2678025                       4.3680858
               1.2732671                       4.3666516
               1.2787318                       4.3649939
               1.2841965                       4.3632412
               1.2896611                       4.3615288
               1.2951258                       4.3599917
               1.3005905                       4.3587576
               1.3060551                       4.3579393
               1.3115198                       4.3576291
               1.3169845                       4.3578936
               1.3224491                        4.358769
               1.3279138                       4.3602598
               1.3333785                       4.3623375
               1.3388431                       4.3649425
               1.3443078                       4.3679863
               1.3497724                       4.3713566
               1.3552371                       4.3749229
               1.3607018                       4.3785433
               1.3661664                       4.3820723
               1.3716311                       4.3853679
               1.3770958                       4.3882998
               1.3825604                       4.3907557
               1.3880251                       4.3926478
               1.3934898                       4.3939174
               1.3989544                       4.3945381
               1.4044191                       4.3945177
               1.4098838                       4.3938982
               1.4153484                       4.3927535
               1.4208131                       4.3911867
               1.4262778                       4.3893242
               1.4317424                         4.38731
               1.4372071                       4.3852982
               1.4426718                       4.3834445
               1.4481364                       4.3818985
               1.4536011                       4.3807954
               1.4590658                       4.3802485
               1.4645304                       4.3803427
               1.4699951                         4.38113
               1.4754598                       4.3826258
               1.4809244                       4.3848083
               1.4863891                       4.3876186
               1.4918538                       4.3909642
               1.4973184                       4.3947235
               1.5027831                       4.3987521
               1.5082478                       4.4028902
               1.5137124                       4.4069712
               1.5191771                       4.4108307
               1.5246418                       4.4143145
               1.5301064                       4.4172874
               1.5355711                       4.4196403
               1.5410357                       4.4212955
               1.5465004                       4.4222119
               1.5519651                       4.4223868
               1.5574297                       4.4218565
               1.5628944                       4.4206952
               1.5683591                       4.4190112
               1.5738237                        4.416942
               1.5792884                        4.414647
               1.5847531                       4.4122998
               1.5902177                       4.4100793
               1.5956824                       4.4081598
               1.6011471                        4.406702
               1.6066117                        4.405844
               1.6120764                       4.4056938
               1.6175411                        4.406323
               1.6230057                       4.4077623
               1.6284704                       4.4099997
               1.6339351                       4.4129806
               1.6393997                       4.4166106
               1.6448644                       4.4207601
               1.6503291                       4.4252708
               1.6557937                       4.4299645
               1.6612584                       4.4346522
               1.6667231                        4.439144
               1.6721877                       4.4432592
               1.6776524                       4.4468355
               1.6831171                       4.4497382
               1.6885817                       4.4518668
               1.6940464                       4.4531607
               1.6995111                       4.4536027
               1.7049757                       4.4532203
               1.7104404                       4.4520846
               1.7159051                       4.4503074
               1.7213697                       4.4480356
               1.7268344                       4.4454441
               1.7322991                       4.4427272
               1.7377637                       4.4400882
               1.7432284                       4.4377293
                1.748693                       4.4358403
               1.7541577                       4.4345885
               1.7596224                       4.4341096
                1.765087                       4.4344995
               1.7705517                        4.435809
               1.7760164                       4.4380404
                1.781481                       4.4411469
               1.7869457                        4.445035
               1.7924104                       4.4495689
                1.797875                       4.4545776
               1.8033397                       4.4598637
               1.8088044                       4.4652143
                1.814269                       4.4704116
               1.8197337                       4.4752447
               1.8251984                       4.4795205
                1.830663                       4.4830739
               1.8361277                       4.4857765
               1.8415924                       4.4875438
                1.847057                       4.4883391
               1.8525217                       4.4881769
               1.8579864                       4.4871217
                1.863451                       4.4852858
               1.8689157                       4.4828242
               1.8743804                       4.4799264
                1.879845                       4.4768078
               1.8853097                       4.4736983
               1.8907744                       4.4708304
                1.896239                       4.4684272
               1.9017037                       4.4666896
               1.9071684                       4.4657862
                1.912633                       4.4658428
               1.9180977                       4.4669357
               1.9235624                       4.4690866
                1.929027                       4.4722613
               1.9344917                       4.4763704
               1.9399564                       4.4812746
                1.945421                       4.4867912
               1.9508857                        4.492704
               1.9563503                       4.4987745
                1.961815                       4.5047547
               1.9672797                       4.5103999
               1.9727443                       4.5154815
                1.978209                       4.5197993
               1.9836737                       4.5231915
               1.9891383                       4.5255436
                1.994603                       4.5267946
               2.0000677                       4.5269406
               2.0055323                       4.5260353
                2.010997                       4.5241882
               2.0164617                       4.5215596
               2.0219263                       4.5183529
                2.027391                       4.5148045
               2.0328557                       4.5111723
               2.0383203                       4.5077223
                2.043785                       4.5047144
               2.0492497                       4.5023886
               2.0547143                       4.5009519
                2.060179                       4.5005664
               2.0656437                       4.5013401
               2.0711083                       4.5033202
                2.076573                       4.5064903
               2.0820377                       4.5107701
               2.0875023                       4.5160197
                2.092967                       4.5220468
               2.0984317                       4.5286166
               2.1038963                       4.5354643
                2.109361                        4.542309
               2.1148257                       4.5488684
               2.1202903                       4.5548739
                2.125755                       4.5600841
               2.1312197                       4.5642979
               2.1366843                       4.5673646
                2.142149                       4.5691924
               2.1476137                       4.5697531
               2.1530783                       4.5690844
                2.158543                       4.5672887
               2.1640076                       4.5645285
               2.1694723                        4.561019
                2.174937                       4.5570176
               2.1804016                       4.5528114
               2.1858663                       4.5487023
                2.191331                       4.5449915
               2.1967956                       4.5419634
               2.2022603                       4.5398698
                2.207725                       4.5389161
               2.2131896                       4.5392495
               2.2186543                       4.5409499
                2.224119                        4.544025
               2.2295836                       4.5484092
               2.2350483                       4.5539666
                2.240513                       4.5604977
               2.2459776                       4.5677503
               2.2514423                       4.5754323
                2.256907                       4.5832278
               2.2623716                        4.590813
               2.2678363                       4.5978738
                2.273301                       4.6041218
               2.2787656                       4.6093093
               2.2842303                       4.6132423
                2.289695                       4.6157906
               2.2951596                       4.6168951
               2.3006243                       4.6165709
                2.306089                        4.614908
               2.3115536                       4.6120671
               2.3170183                       4.6082725
                2.322483                       4.6038017
               2.3279476                       4.5989716
               2.3334123                       4.5941229
                2.338877                       4.5896022
               2.3443416                        4.585744
               2.3498063                       4.5828523
                2.355271                       4.5811838
               2.3607356                       4.5809332
               2.3662003                       4.5822215
               2.3716649                       4.5850887
               2.3771296                       4.5894907
               2.3825943                       4.5953009
               2.3880589                       4.6023167
               2.3935236                         4.61027
               2.3989883                       4.6188417
               2.4044529                        4.627678
               2.4099176                       4.6364101
               2.4153823                       4.6446725
               2.4208469                       4.6521229
               2.4263116                       4.6584592
               2.4317763                       4.6634356
               2.4372409                       4.6668753
               2.4427056                       4.6686796
               2.4481703                       4.6688339
               2.4536349                       4.6674087
               2.4590996                       4.6645579
               2.4645643                       4.6605114
               2.4700289                       4.6555646
               2.4754936                       4.6500649
               2.4809583                       4.6443936
               2.4864229                       4.6389474
               2.4918876                        4.634117
               2.4973523                       4.6302664
               2.5028169                       4.6277127
               2.5082816                       4.6267079
               2.5137463                       4.6274243
               2.5192109                       4.6299435
               2.5246756                       4.6342515
               2.5301403                       4.6402382
               2.5356049                       4.6477028
               2.5410696                       4.6563644
               2.5465343                       4.6658768
               2.5519989                       4.6758472
               2.5574636                       4.6858569
               2.5629283                       4.6954835
               2.5683929                       4.7043227
               2.5738576                       4.7120094
               2.5793222                       4.7182364
               2.5847869                       4.7227701
               2.5902516                       4.7254627
               2.5957162                       4.7262605
               2.6011809                       4.7252068
               2.6066456                       4.7224418
               2.6121102                        4.718196
               2.6175749                       4.7127802
               2.6230396                       4.7065713
               2.6285042                       4.6999936
               2.6339689                       4.6934977
               2.6394336                       4.6875373
               2.6448982                       4.6825451
               2.6503629                       4.6789086
               2.6558276                       4.6769487
               2.6612922                       4.6769004
               2.6667569                       4.6788989
               2.6722216                       4.6829706
               2.6776862                       4.6890309
               2.6831509                       4.6968874
               2.6886156                       4.7062505
               2.6940802                       4.7167487
               2.6995449                       4.7279482
               2.7050096                       4.7393767
               2.7104742                        4.750548
               2.7159389                       4.7609876
               2.7214036                       4.7702571
               2.7268682                       4.7779768
               2.7323329                       4.7838448
               2.7377976                       4.7876529
               2.7432622                       4.7892969
               2.7487269                       4.7887834
               2.7541916                       4.7862303
               2.7596562                       4.7818623
               2.7651209                       4.7760017
               2.7705855                       4.7690531
               2.7760502                        4.761485
               2.7815149                       4.7538063
               2.7869795                       4.7465404
               2.7924442                        4.740198
               2.7979089                       4.7352487
               2.8033735                       4.7320953
               2.8088382                       4.7310497
               2.8143029                       4.7323141
               2.8197675                       4.7359687
               2.8252322                       4.7419653
               2.8306969                       4.7501292
               2.8361615                       4.7601679
               2.8416262                       4.7716869
               2.8470909                       4.7842109
               2.8525555                       4.7972099
               2.8580202                        4.810127
               2.8634849                       4.8224077
               2.8689495                       4.8335291
               2.8744142                       4.8430261
               2.8798789                       4.8505149
               2.8853435                        4.855713
               2.8908082                       4.8584532
               2.8962729                       4.8586928
               2.9017375                       4.8565171
               2.9072022                       4.8521368
               2.9126669                       4.8458795
               2.9181315                       4.8381751
               2.9235962                       4.8295364
               2.9290609                       4.8205342
               2.9345255                       4.8117688
               2.9399902                        4.803839
               2.9454549                       4.7973097
               2.9509195                       4.7926804
               2.9563842                       4.7903563
               2.9618489                       4.7906236
               2.9673135                       4.7936321
               2.9727782                       4.7993846
               2.9782428                       4.8077351
               2.9837075                       4.8183967
               2.9891722                       4.8309561
               2.9946368                        4.844897
               3.0001015                       4.8596275
               3.0055662                       4.8745128
               3.0110308                       4.8889079
               3.0164955                       4.9021921
               3.0219602                       4.9138001
               3.0274248                       4.9232506
               3.0328895                       4.9301704
               3.0383542                       4.9343133
               3.0438188                       4.9355728
               3.0492835                       4.9339887
               3.0547482                       4.9297467
               3.0602128                       4.9231721
               3.0656775                       4.9147155
               3.0711422                       4.9049329
               3.0766068                       4.8944601
               3.0820715                       4.8839815
               3.0875362                       4.8741949
               3.0930008                       4.8657748
               3.0984655                        4.859335
               3.1039302                       4.8553931
               3.1093948                       4.8543397
               3.1148595                       4.8564136
               3.1203242                       4.8616866
               3.1257888                       4.8700568
               3.1312535                       4.8812537
               3.1367182                        4.894852
               3.1421828                       4.9102957
               3.1476475                       4.9269281
               3.1531122                       4.9440282
               3.1585768                       4.9608493
               3.1640415                       4.9766576
               3.1695062                       4.9907705
               3.1749708                       5.0025901
               3.1804355                       5.0116335
               3.1859001                       5.0175565
               3.1913648                       5.0201708
               3.1968295                       5.0194543
               3.2022941                       5.0155547
               3.2077588                       5.0087839
               3.2132235                       4.9996065
               3.2186881                       4.9886195
               3.2241528                       4.9765255
               3.2296175                       4.9640995
               3.2350821                       4.9521502
               3.2405468                       4.9414777
               3.2460115                       4.9328301
               3.2514761                         4.92686
               3.2569408                       4.9240865
               3.2624055                       4.9248619
               3.2678701                       4.9293496
               3.2733348                       4.9375114
               3.2787995                       4.9491082
               3.2842641                       4.9637124
               3.2897288                       4.9807318
               3.2951935                       4.9994426
               3.3006581                       5.0190297
               3.3061228                       5.0386312
               3.3115875                       5.0573834
               3.3170521                       5.0744658
               3.3225168                       5.0891422
               3.3279815                       5.1007968
               3.3334461                       5.1089642
               3.3389108                       5.1133525
               3.3443755                       5.1138581
               3.3498401                       5.1105728
               3.3553048                       5.1037818
               3.3607695                       5.0939538
               3.3662341                       5.0817219
               3.3716988                       5.0678563
               3.3771635                       5.0532288
               3.3826281                       5.0387709
               3.3880928                        5.025426
               3.3935574                       5.0140988
               3.3990221                       5.0056041
               3.4044868                       5.0006183
               3.4099514                       4.9996375
               3.4154161                        5.002945
               3.4208808                       5.0105918
               3.4263454                       5.0223903
               3.4318101                       5.0379244
               3.4372748                       5.0565722
               3.4427394                       5.0775418
               3.4482041                        5.099916
               3.4536688                       5.1227028
               3.4591334                       5.1448889
               3.4645981                       5.1654925
               3.4700628                       5.1836122
               3.4755274                       5.1984717
               3.4809921                       5.2094568
               3.4864568                       5.2161451
               3.4919214                       5.2183265
               3.4973861                       5.2160153
               3.5028508                       5.2094521
               3.5083154                       5.1990965
               3.5137801                       5.1856099
               3.5192448                       5.1698281
               3.5247094                       5.1527252
               3.5301741                       5.1353674
               3.5356388                       5.1188606
               3.5411034                       5.1042922
               3.5465681                       5.0926701
               3.5520328                       5.0848632
               3.5574974                       5.0815483
               3.5629621                       5.0831649
               3.5684268                       5.0898858
               3.5738914                       5.1016024
               3.5793561                       5.1179293
               3.5848208                       5.1382256
               3.5902854                       5.1616323
               3.5957501                       5.1871221
               3.6012147                       5.2135571
               3.6066794                       5.2397514
               3.6121441                       5.2645333
               3.6176087                       5.2868049
               3.6230734                       5.3055957
               3.6285381                        5.320109
               3.6340027                       5.3297589
               3.6394674                        5.334198
               3.6449321                       5.3333357
               3.6503967                       5.3273447
               3.6558614                       5.3166575
               3.6613261                       5.3019521
               3.6667907                       5.2841257
               3.6722554                       5.2642574
               3.6777201                       5.2435603
               3.6831847                       5.2233232
               3.6886494                        5.204845
               3.6941141                        5.189363
               3.6995787                       5.1779814
               3.7050434                       5.1716026
               3.7105081                       5.1708685
               3.7159727                       5.1761162
               3.7214374                       5.1873526
               3.7269021                       5.2042503
               3.7323667                       5.2261658
               3.7378314                       5.2521775
               3.7432961                       5.2811406
               3.7487607                       5.3117533
               3.7542254                       5.3426304
               3.7596901                        5.372377
               3.7651547                       5.3996603
               3.7706194                       5.4232749
               3.7760841                       5.4421996
               3.7815487                       5.4556444
               3.7870134                       5.4630868
               3.7924781                       5.4642963
               3.7979427                       5.4593479
               3.8034074                       5.4486234
                3.808872                       5.4328004
               3.8143367                       5.4128286
               3.8198014                       5.3898929
                3.825266                        5.365364
               3.8307307                        5.340735
               3.8361954                       5.3175485
                 3.84166                       5.2973138
               3.8471247                       5.2814206
               3.8525894                       5.2710534
                3.858054                       5.2671146
               3.8635187                       5.2701614
               3.8689834                       5.2803649
                3.874448                        5.297494
               3.8799127                       5.3209269
               3.8853774                       5.3496889
                3.890842                       5.3825121
               3.8963067                       5.4179114
               3.9017714                       5.4542705
                3.907236                       5.4899308
               3.9127007                       5.5232778
               3.9181654                       5.5528207
                 3.92363                       5.5772627
               3.9290947                       5.5955593
               3.9345594                       5.6069645
                3.940024                       5.6110646
               3.9454887                       5.6077985
               3.9509534                       5.5974658
                3.956418                       5.5807201
               3.9618827                       5.5585494
               3.9673474                       5.5322414
                3.972812                       5.5033323
               3.9782767                       5.4735418
               3.9837414                       5.4446915
                3.989206                       5.4186114
               3.9946707                       5.3970373
               4.0001354                       5.3815057
                  4.0056                       5.3732529
               4.0110647                       5.3731293
               4.0165293                       5.3815362
                4.021994                       5.3983921
               4.0274587                       5.4231337
               4.0329233                         5.45475
                4.038388                       5.4918472
               4.0438527                       5.5327351
               4.0493173                       5.5755293
                4.054782                       5.6182578
               4.0602467                       5.6589665
               4.0657113                       5.6958165
                4.071176                        5.727171
               4.0766407                       5.7516675
               4.0821053                       5.7682764
                 4.08757                       5.7763453
               4.0930347                       5.7756282
               4.0984993                       5.7663006
                4.103964                       5.7489602
               4.1094287                       5.7246119
               4.1148933                       5.6946363
                4.120358                        5.660741
               4.1258227                       5.6248928
               4.1312873                       5.5892308
                4.136752                       5.5559615
               4.1422167                       5.5272393
               4.1476813                        5.505038
                4.153146                       5.4910227
               4.1586107                       5.4864328
               4.1640753                       5.4919891
                 4.16954                        5.507835
               4.1750047                       5.5335193
               4.1804693                       5.5680239
                4.185934                       5.6098307
               4.1913987                       5.6570216
               4.1968633                        5.707399
                4.202328                       5.7586161
               4.2077926                        5.808306
               4.2132573                       5.8542027
                4.218722                       5.8942472
               4.2241866                       5.9266789
               4.2296513                       5.9501082
                4.235116                       5.9635731
               4.2405806                       5.9665793
               4.2460453                       5.9591245
                 4.25151                       5.9417064
               4.2569746                       5.9153152
               4.2624393                       5.8814077
                4.267904                       5.8418622
               4.2733686                       5.7989114
               4.2788333                       5.7550519
                4.284298                         5.71293
               4.2897626                       5.6752044
               4.2952273                       5.6443925
                4.300692                       5.6227089
               4.3061566                        5.611909
               4.3116213                       5.6131557
                4.317086                       5.6269233
               4.3225506                       5.6529534
               4.3280153                       5.6902671
                 4.33348                       5.7372328
               4.3389446                       5.7916798
               4.3444093                       5.8510428
                4.349874                       5.9125221
               4.3553386                       5.9732445
               4.3608033                       6.0304138
                4.366268                       6.0814441
               4.3717326                       6.1240727
               4.3771973                       6.1564514
                4.382662                       6.1772176
               4.3881266                       6.1855472
               4.3935913                       6.1811884
                4.399056                       6.1644805
               4.4045206                       6.1363542
               4.4099853                       6.0983143
               4.4154499                       6.0524007
               4.4209146                        6.001126
               4.4263793                       5.9473853
               4.4318439                       5.8943344
               4.4373086                       5.8452377
               4.4427733                       5.8032875
               4.4482379                       5.7714029
               4.4537026                       5.7520249
               4.4591673                       5.7469277
               4.4646319                       5.7570695
               4.4700966                       5.7825043
               4.4755613                       5.8223682
               4.4810259                       5.8749409
               4.4864906                       5.9377744
               4.4919553                       6.0078678
               4.4974199                       6.0818671
               4.5028846                       6.1562692
               4.5083493                       6.2276122
               4.5138139                       6.2926441
               4.5192786                       6.3484639
               4.5247433                       6.3926359
               4.5302079                       6.4232783
               4.5356726                       6.4391296
               4.5411373                       6.4395953
               4.5466019                       6.4247769
               4.5520666                        6.395483
               4.5575313                       6.3532225
               4.5629959                       6.3001758
               4.5684606                       6.2391416
               4.5739253                       6.1734512
               4.5793899                       6.1068465
               4.5848546                       6.0433161
               4.5903193                       5.9868885
               4.5957839                       5.9413885
               4.6012486                       5.9101712
               4.6067133                       5.8958596
               4.6121779                       5.9001183
               4.6176426                       5.9234968
               4.6231072                       5.9653681
               4.6285719                       6.0239738
               4.6340366                       6.0965658
               4.6395012                       6.1796206
               4.6449659                       6.2690942
               4.6504306                       6.3606847
               4.6558952                       6.4500797
               4.6613599                        6.533172
               4.6668246                        6.606239
               4.6722892                       6.6660848
               4.6777539                       6.7101499
               4.6832186                       6.7365935
               4.6886832                       6.7443532
               4.6941479                       6.7331855
               4.6996126                       6.7036894
               4.7050772                       6.6573123
               4.7105419                       6.5963359
               4.7160066                        6.523837
               4.7214712                        6.443615
               4.7269359                        6.360078
               4.7324006                       6.2780754
               4.7378652                       6.2026716
               4.7433299                       6.1388583
               4.7487946                       6.0912172
               4.7542592                       6.0635602
               4.7597239                       6.0585912
               4.7651886                       6.0776403
               4.7706532                       6.1205202
               4.7761179                         6.18553
               4.7815826                       6.2696062
               4.7870472                       6.3685879
               4.7925119                       6.4775494
               4.7979766                       6.5911508
               4.8034412                       6.7039659
               4.8089059                       6.8107666
               4.8143706                        6.906752
               4.8198352                       6.9877279
               4.8252999                       7.0502406
               4.8307645                       7.0916763
               4.8362292                        7.110334
               4.8416939                        7.105478
               4.8471585                       7.0773741
               4.8526232                       7.0273109
               4.8580879                       6.9576042
               4.8635525                       6.8715791
               4.8690172                       6.7735214
               4.8744819                       6.6685837
               4.8799465                       6.5626318
               4.8854112                       6.4620119
               4.8908759                       6.3732271
               4.8963405                       6.3025213
               4.9018052                       6.2553959
               4.9072699                       6.2361087
               4.9127345                       6.2472348
               4.9181992                       6.2893738
               4.9236639                       6.3610659
               4.9291285                       6.4589354
               4.9345932                       6.5780238
               4.9400579                       6.7122395
               4.9455225                       6.8548428
               4.9509872                       6.9988994
               4.9564519                       7.1376646
               4.9619165                       7.2648851
               4.9673812                       7.3750246
               4.9728459                       7.4634262
               4.9783105                       7.5264293
               4.9837752                       7.5614531
               4.9892399                       7.5670598
               4.9947045                       7.5430023
               5.0001692                       7.4902629
               5.0056339                       7.4110794
               5.0110985                       7.3089577
               5.0165632                       7.1886594
               5.0220279                       7.0561497
               5.0274925                       6.9184817
               5.0329572                       6.7835875
               5.0384218                       6.6599432
               5.0438865                       6.5560836
               5.0493512                       6.4799685
               5.0548158                       6.4382511
               5.0602805                       6.4355535
               5.0657452                       6.4738988
               5.0712098                       6.5524361
               5.0766745                       6.6675308
               5.0821392                       6.8131868
               5.0876038                       6.9816855
               5.0930685                       7.1642956
               5.0985332                       7.3519343
               5.1039978                       7.5357097
               5.1094625                        7.707329
               5.1149272                       7.8593847
               5.1203918                       7.9855477
               5.1258565                       8.0806963
               5.1313212                        8.141006
               5.1367858                       8.1640159
               5.1422505                       8.1486865
               5.1477152                       8.0954529
               5.1531798                       8.0062786
               5.1586445                       7.8847069
               5.1641092                       7.7359033
               5.1695738                        7.566674
               5.1750385                       7.3854327
               5.1805032                       7.2020727
               5.1859678                       7.0276847
               5.1914325                       6.8740517
               5.1968972                       6.7528673
               5.2023618                       6.6746851
               5.2078265                       6.6477161
               5.2132912                       6.6767175
               5.2187558                       6.7622737
               5.2242205                       6.9006943
               5.2296852                       7.0845471
               5.2351498                       7.3036383
               5.2406145                       7.5461474
               5.2460791                       7.7996719
               5.2515438                       8.0520465
               5.2570085                       8.2919147
               5.2624731                       8.5090911
               5.2679378                       8.6947782
               5.2734025                       8.8416906
               5.2788671                       8.9441328
               5.2843318                       8.9980565
               5.2897965                       9.0011165
               5.2952611                       8.9527376
               5.3007258                       8.8541964
               5.3061905                       8.7087253
               5.3116551                       8.5216351
               5.3171198                       8.3004509
               5.3225845                       8.0550402
               5.3280491                       7.7976863
               5.3335138                       7.5430235
               5.3389785                       7.3076961
               5.3444431                        7.109563
               5.3499078                       6.9662864
               5.3553725                        6.893305
               5.3608371                       6.9015132
               5.3663018                         6.99532
               5.3717665                       7.1718205
               5.3772311                       7.4214053
               5.3826958                       7.7294904
               5.3881605                       8.0786595
               5.3936251                       8.4505801
               5.3990898                       8.8273841
               5.4045545                       9.1925042
               5.4100191                        9.531104
               5.4154838                       9.8302598
               5.4209485                       10.079016
               5.4264131                       10.268395
               5.4318778                         10.3914
               5.4373424                       10.443043
               5.4428071                       10.420406
               5.4482718                       10.322751
               5.4537364                       10.151682
               5.4592011                       9.9113925
               5.4646658                        9.608997

