        Time / ns                e-field (t=0..end(0.00192)) (pb)_Z_0D_50/real
----------------------------------------------------------------------
                       0                               0
               0.0019258                               0
               0.0038516                               0
               0.0057774                               0
               0.0077032                               0
                0.009629                               0
               0.0115548                               0
               0.0134806                               0
               0.0154064                               0
               0.0173322                               0
                0.019258                               0
               0.0211838                               0
               0.0231096                               0
               0.0250354                               0
               0.0269612                               0
                0.028887                               0
               0.0308128                               0
               0.0327386                               0
               0.0346644                               0
               0.0365902                               0
                0.038516                               0
               0.0404418                               0
               0.0423676                               0
               0.0442934                               0
               0.0462192                               0
                0.048145                               0
               0.0500708                               0
               0.0519966                               0
               0.0539224                               0
               0.0558482                               0
                0.057774                               0
               0.0596998                               0
               0.0616256                               0
               0.0635514                               0
               0.0654772                               0
                0.067403                               0
               0.0693288                               0
               0.0712546                               0
               0.0731804                               0
               0.0751062                               0
                0.077032                               0
               0.0789578                               0
               0.0808836                               0
               0.0828094                               0
               0.0847352                               0
                0.086661                               0
               0.0885868                               0
               0.0905126                               0
               0.0924384                               0
               0.0943642                               0
                 0.09629                               0
               0.0982158                               0
               0.1001416                               0
               0.1020674                               0
               0.1039932                               0
                0.105919                               0
               0.1078448                  -2.5124834e-33
               0.1097706                  -1.8027769e-33
               0.1116964                   5.0819651e-35
               0.1136222                   1.9972461e-33
                0.115548                   4.3683638e-34
               0.1174738                   3.0417635e-33
               0.1193996                   1.3442563e-32
               0.1213254                   3.8507316e-31
               0.1232512                   5.4964739e-30
                0.125177                   4.5496087e-29
               0.1271028                   3.6434102e-28
               0.1290286                   2.9623886e-27
               0.1309544                   1.9117757e-26
               0.1328802                   1.2100962e-25
                0.134806                   5.3417716e-25
               0.1367318                   7.7629179e-25
               0.1386576                  -2.6427471e-23
               0.1405834                  -1.8679805e-22
               0.1425092                  -1.5014123e-21
                0.144435                  -9.9123274e-21
               0.1463608                  -5.6156839e-20
               0.1482866                  -2.8126834e-19
               0.1502124                  -1.2786231e-18
               0.1521382                  -5.3211908e-18
                0.154064                  -2.0470963e-17
               0.1559898                  -7.3219301e-17
               0.1579156                  -2.4489112e-16
               0.1598414                  -7.6838488e-16
               0.1617672                  -2.2700936e-15
                0.163693                  -6.3326902e-15
               0.1656188                  -1.6710859e-14
               0.1675446                   -4.180151e-14
               0.1694704                  -9.9309626e-14
               0.1713962                  -2.2433852e-13
                0.173322                  -4.8240004e-13
               0.1752478                  -9.8859441e-13
               0.1771736                  -1.9320635e-12
               0.1790994                  -3.6034606e-12
               0.1810252                   -6.417979e-12
                0.182951                  -1.0920861e-11
               0.1848768                  -1.7763475e-11
               0.1868026                  -2.7634152e-11
               0.1887284                   -4.115017e-11
               0.1906542                   -5.872345e-11
                 0.19258                  -8.0457849e-11
               0.1945058                  -1.0615234e-10
               0.1964316                  -1.3547923e-10
               0.1983574                  -1.6839194e-10
               0.2002832                  -2.0571404e-10
                0.202209                  -2.4980604e-10
               0.2041348                  -3.0505362e-10
               0.2060606                  -3.0505362e-10
               0.2079864                   -3.779832e-10
               0.2099122                  -4.7685739e-10
                0.211838                  -6.1086936e-10
               0.2137638                  -7.8929985e-10
               0.2156896                  -1.0210724e-09
               0.2176154                  -1.3153398e-09
               0.2195412                  -1.6832113e-09
                0.221467                  -2.1402906e-09
               0.2233928                  -2.7094504e-09
               0.2253186                  -3.4228806e-09
               0.2272444                  -4.3230672e-09
               0.2291702                  -5.4629226e-09
                0.231096                  -6.9056867e-09
               0.2330218                  -8.7267864e-09
               0.2349476                  -1.1017231e-08
               0.2368734                  -1.3889933e-08
               0.2387992                  -1.7488157e-08
                0.240725                  -2.1993246e-08
               0.2426508                  -2.7633533e-08
               0.2445766                  -3.4691588e-08
               0.2465024                  -4.3516692e-08
               0.2484282                  -5.4537495e-08
                0.250354                  -6.8283128e-08
               0.2522798                  -8.5405965e-08
               0.2542056                  -1.0671649e-07
               0.2561314                   -1.332189e-07
               0.2580572                  -1.6614797e-07
                0.259983                  -2.0702245e-07
               0.2619088                  -2.5771257e-07
               0.2638346                  -3.2050858e-07
               0.2657604                  -3.9821711e-07
               0.2676862                  -4.9429394e-07
                0.269612                  -6.1297783e-07
               0.2715378                   -7.594478e-07
               0.2734636                   -9.400253e-07
               0.2753894                  -1.1624162e-06
               0.2773152                  -1.4360689e-06
                0.279241                  -1.7724578e-06
               0.2811668                  -2.1855549e-06
               0.2830926                  -2.6923874e-06
               0.2850184                  -3.3136366e-06
               0.2869442                   -4.074298e-06
                 0.28887                  -5.0048739e-06
               0.2907958                  -6.1421661e-06
               0.2927216                  -7.5306839e-06
               0.2946474                  -9.2244627e-06
               0.2965732                   -1.128843e-05
                0.298499                  -1.3801038e-05
               0.3004248                  -1.6856815e-05
               0.3023506                  -2.0569887e-05
               0.3042764                  -2.5077023e-05
               0.3062022                  -3.0542382e-05
                0.308128                  -3.7163911e-05
               0.3100538                   -4.517784e-05
               0.3119796                  -5.4868193e-05
               0.3139054                  -6.6573361e-05
               0.3158312                  -8.0699552e-05
                0.317757                  -9.7729571e-05
               0.3196828                  -0.00011824157
               0.3216086                  -0.00014292274
               0.3235344                  -0.00017259104
               0.3254602                  -0.00020822152
                0.327386                  -0.00025097065
               0.3293118                  -0.00030220655
               0.3312376                  -0.00036355294
               0.3331634                  -0.00043694017
               0.3350892                  -0.00052465225
                0.337015                  -0.00062936766
               0.3389408                  -0.00075425499
               0.3408666                  -0.00090307614
               0.3427924                   -0.0010802376
               0.3447182                   -0.0012909274
                0.346644                   -0.0015412399
               0.3485698                   -0.0018383265
               0.3504956                   -0.0021906202
               0.3524214                   -0.0026079663
               0.3543472                    -0.003101836
                0.356273                   -0.0036857123
               0.3581988                   -0.0043753749
               0.3601246                   -0.0051891496
               0.3620504                   -0.0061483961
               0.3639762                   -0.0072781052
                0.365902                   -0.0086072115
               0.3678278                    -0.010169279
               0.3697536                     -0.01200347
               0.3716794                    -0.014154939
               0.3736052                    -0.016676394
                0.375531                    -0.019628212
               0.3774568                    -0.023080667
               0.3793826                    -0.027114308
               0.3813084                    -0.031822763
               0.3832342                    -0.037313394
                 0.38516                    -0.043710046
               0.3870858                    -0.051154338
               0.3890116                    -0.059809331
               0.3909374                    -0.069862515
               0.3928632                    -0.081527874
                0.394789                    -0.095050514
               0.3967148                     -0.11071198
               0.3986406                       -0.128831
               0.4005664                     -0.14976944
               0.4024922                     -0.17394912
                0.404418                     -0.20184156
               0.4063438                      -0.2339824
               0.4082696                     -0.27098113
               0.4101954                     -0.31353283
               0.4121212                     -0.36242336
                0.414047                     -0.41853952
               0.4159728                     -0.48288238
               0.4178986                     -0.55658913
               0.4198244                     -0.64093441
               0.4217502                     -0.73735785
                0.423676                     -0.84748626
               0.4256018                     -0.97313267
               0.4275276                      -1.1163383
               0.4294534                      -1.2794075
               0.4313792                      -1.4649081
                0.433305                      -1.6756976
               0.4352308                      -1.9150006
               0.4371566                      -2.1863804
               0.4390824                      -2.4938507
               0.4410082                       -2.841866
                0.442934                      -3.2353563
               0.4448598                      -3.6798203
               0.4467856                      -4.1813545
               0.4487114                      -4.7467008
               0.4506372                      -5.3834276
                0.452563                      -6.0996828
               0.4544888                      -6.9046464
               0.4564146                      -7.8084831
               0.4583404                      -8.8221684
               0.4602662                       -9.957902
                0.462192                      -11.229168
               0.4641178                      -12.650614
               0.4660436                      -14.238575
               0.4679694                      -16.010468
               0.4698952                      -17.985693
                0.471821                      -20.185398
               0.4737468                      -22.632572
               0.4756726                      -25.351959
               0.4775984                      -28.371046
               0.4795242                      -31.719767
                 0.48145                      -35.429718
               0.4833758                      -39.535568
               0.4853016                      -44.075447
               0.4872274                      -49.089237
               0.4891532                      -54.621758
                0.491079                      -60.719276
               0.4930048                      -67.433136
               0.4949306                      -74.818024
               0.4968564                      -82.932449
               0.4987822                      -91.838089
                0.500708                      -101.60316
               0.5026338                      -112.29991
               0.5045596                      -124.00301
               0.5064854                      -136.79463
               0.5084112                      -150.76144
                0.510337                      -165.99512
               0.5122628                      -182.59274
               0.5141886                      -200.65755
               0.5161144                      -220.29901
               0.5180402                      -241.63026
                0.519966                      -264.77145
               0.5218918                      -289.85132
               0.5238176                      -317.00085
               0.5257434                      -346.35965
               0.5276692                      -378.07666
                0.529595                      -412.29797
               0.5315208                      -449.18396
               0.5334466                      -488.89786
               0.5353724                      -531.61163
               0.5372982                      -577.49658
                0.539224                      -626.73816
               0.5411498                       -679.5188
               0.5430756                      -736.03503
               0.5450014                      -796.47565
               0.5469272                      -861.04266
                0.548853                      -929.95172
               0.5507788                      -1003.3873
               0.5527046                      -1081.5706
               0.5546304                      -1164.7172
               0.5565562                      -1253.0283
                0.558482                      -1346.7249
               0.5604078                      -1446.0139
               0.5623336                      -1551.1033
               0.5642594                      -1662.2014
               0.5661852                      -1779.5096
                0.568111                      -1903.2063
               0.5700368                      -2033.5056
               0.5719626                      -2170.6118
               0.5738884                      -2314.6509
               0.5758142                      -2465.7925
                 0.57774                       -2624.209
               0.5796658                      -2790.0232
               0.5815916                      -2963.3855
               0.5835174                      -3144.3477
               0.5854432                       -3333.021
                0.587369                      -3529.4595
               0.5892948                      -3733.7163
               0.5912206                      -3945.8311
               0.5931464                      -4165.7559
               0.5950722                      -4393.4395
                0.596998                      -4628.8745
               0.5989238                      -4871.9277
               0.6008496                      -5122.4663
               0.6027754                      -5380.3359
               0.6047012                      -5645.3081
                0.606627                      -5917.1533
               0.6085528                       -6195.644
               0.6104786                       -6480.418
               0.6124044                      -6771.0996
               0.6143302                      -6771.0996
                0.616256                      -7067.2607
               0.6181818                      -7368.5625
               0.6201076                      -7674.3481
               0.6220334                      -7984.1758
               0.6239592                      -8297.5273
                0.625885                       -8613.668
               0.6278108                       -8931.873
               0.6297366                      -9251.4941
               0.6316624                      -9571.8828
               0.6335882                      -9892.0205
                0.635514                      -10211.067
               0.6374398                       -10528.24
               0.6393656                      -10842.477
               0.6412914                       -11152.85
               0.6432172                      -11458.399
                0.645143                      -11757.916
               0.6470688                      -12050.323
               0.6489946                       -12334.56
               0.6509204                      -12609.562
               0.6528462                      -12873.957
                0.654772                      -13126.568
               0.6566978                      -13366.199
               0.6586236                       -13591.73
               0.6605494                      -13801.699
               0.6624752                      -13995.029
                0.664401                      -14170.468
               0.6663268                       -14326.51
               0.6682526                      -14462.093
               0.6701784                      -14576.023
               0.6721042                      -14666.943
                 0.67403                      -14733.703
               0.6759558                       -14775.27
               0.6778816                      -14790.256
               0.6798074                      -14777.629
               0.6817332                      -14736.564
                0.683659                       -14665.91
               0.6855848                        -14564.4
               0.6875106                      -14431.531
               0.6894364                      -14266.595
               0.6913622                       -14068.44
                0.693288                      -13836.599
               0.6952138                      -13570.387
               0.6971396                      -13269.365
               0.6990654                      -12933.209
               0.7009912                      -12561.328
                0.702917                      -12153.575
               0.7048428                      -11710.008
               0.7067686                      -11230.392
               0.7086944                       -10714.99
               0.7106202                      -10163.955
                0.712546                      -9577.3408
               0.7144718                      -8955.7383
               0.7163976                      -8299.8877
               0.7183234                      -7610.4058
               0.7202492                      -6887.9434
                0.722175                      -6133.2656
               0.7241008                      -5347.5542
               0.7260266                      -4531.9287
               0.7279524                      -3687.8066
               0.7298782                       -2816.396
                0.731804                      -1919.2028
               0.7337298                      -997.81909
               0.7356556                      -54.015076
               0.7375814                       910.36536
               0.7395072                       1893.6113
                0.741433                       2893.4219
               0.7433588                       3907.6577
               0.7452846                       4934.4014
               0.7472104                       5971.2061
               0.7491362                       7015.7236
                0.751062                       8065.4932
               0.7529878                       9118.0059
               0.7549136                        10170.68
               0.7568394                       11220.966
               0.7587652                       12266.281
                0.760691                       13303.719
               0.7626168                       14330.715
               0.7645426                       15344.521
               0.7664684                       16342.326
               0.7683942                       17321.473
                 0.77032                       18279.141
               0.7722458                       19212.648
               0.7741716                       20119.238
               0.7760974                       20996.328
               0.7780232                       21841.203
                0.779949                       22651.385
               0.7818748                       23424.234
               0.7838006                       24157.361
               0.7857264                       24848.414
               0.7876522                       25495.148
                0.789578                       26095.318
               0.7915038                       26646.844
               0.7934296                       27147.691
               0.7953554                       27596.082
               0.7972812                       27990.316
                0.799207                       28328.699
               0.8011328                       28609.779
               0.8030586                       28832.254
               0.8049844                        28994.98
               0.8069102                       29096.896
                0.808836                       29137.172
               0.8107618                       29115.109
               0.8126876                       29030.166
               0.8146134                        28881.98
               0.8165392                       28670.389
                0.818465                       28395.402
               0.8203908                        28057.15
               0.8223166                       27656.041
               0.8242424                       27192.527
               0.8261682                        26667.33
                0.828094                       26081.395
               0.8300198                        25435.75
               0.8319456                       24731.559
               0.8338714                       23970.287
               0.8357972                       23153.563
                0.837723                       22283.039
               0.8396488                       21360.621
               0.8415746                       20388.406
               0.8435004                       19368.582
               0.8454262                         18303.5
                0.847352                       17195.676
               0.8492778                       16047.697
               0.8512036                       14862.319
               0.8531294                       13642.443
               0.8550552                       12391.051
                0.856981                       11111.182
               0.8589068                       9806.0049
               0.8608326                       8478.8184
               0.8627584                        7132.957
               0.8646842                       5771.7881
                 0.86661                       4398.7803
               0.8685358                       3017.4226
               0.8704616                       1631.2579
               0.8723874                       243.89119
               0.8743132                      -1141.1201
                0.876239                      -2520.2319
               0.8781648                      -3889.8442
               0.8800906                      -5246.3843
               0.8820164                      -6586.3047
               0.8839422                      -7906.0923
                0.885868                      -9202.3027
               0.8877938                      -10471.551
               0.8897196                        -11710.5
               0.8916454                      -12915.854
               0.8935712                      -14084.412
                0.895497                      -15213.137
               0.8974228                      -16299.072
               0.8993486                      -17339.307
               0.9012744                      -18331.066
               0.9032002                      -19271.742
                0.905126                      -20158.836
               0.9070518                      -20990.002
               0.9089776                      -21763.055
               0.9109034                      -22475.938
               0.9128292                      -23126.734
                0.914755                      -23713.715
               0.9166808                      -24235.371
               0.9186066                      -24690.346
               0.9205324                      -25077.393
               0.9224582                      -25395.463
                0.924384                      -25643.781
               0.9263098                      -25821.684
               0.9282356                      -25928.695
               0.9301614                      -25964.621
               0.9320872                      -25929.371
                0.934013                      -25822.988
               0.9359388                      -25645.801
               0.9378646                      -25398.387
               0.9397904                      -25081.441
               0.9417162                       -24695.82
                0.943642                      -24242.543
               0.9455678                      -23722.842
               0.9474936                       -23138.23
               0.9494194                       -22490.34
               0.9513452                      -21780.891
                0.953271                      -21011.797
               0.9551968                      -20185.178
               0.9571226                      -19303.324
               0.9590484                      -18368.707
               0.9609742                      -17383.852
                  0.9629                      -16351.357
               0.9648258                      -15274.063
               0.9667516                          -14155
               0.9686774                      -12997.232
               0.9706032                        -11803.9
                0.972529                      -10578.239
               0.9744548                      -9323.5684
               0.9763806                      -8043.3779
               0.9783064                      -6741.2041
               0.9802322                      -5420.5376
                0.982158                      -4084.9595
               0.9840838                      -2738.1851
               0.9860096                      -1383.9364
               0.9879354                      -25.869644
               0.9898612                       1332.3439
                0.991787                       2686.9453
               0.9937128                       4034.2107
               0.9956386                       5370.4941
               0.9975644                       6692.1094
               0.9994902                        7995.397
                1.001416                       9276.8584
               1.0033418                       10533.039
               1.0052676                        11760.41
               1.0071934                       12955.544
               1.0091192                       14115.257
                1.011045                       15236.455
               1.0129708                       16316.012
               1.0148966                       17350.873
               1.0168224                       18338.195
               1.0187482                        19275.41
                1.020674                       20160.027
               1.0225998                       20989.449
               1.0245256                       20989.449
               1.0264514                       21761.324
               1.0283772                       22473.703
                1.030303                       23124.676
               1.0322288                       23712.352
               1.0341546                       24235.133
               1.0360804                       24691.652
               1.0380062                       25080.621
                1.039932                       25400.922
               1.0418578                       25651.713
               1.0437836                       25832.406
               1.0457094                       25942.463
               1.0476352                       25981.467
                1.049561                       25949.352
               1.0514868                       25846.316
               1.0534126                       25672.621
               1.0553384                       25428.664
               1.0572642                       25115.107
                 1.05919                       24732.871
               1.0611158                       24283.012
               1.0630416                       23766.727
               1.0649674                       23185.422
               1.0668932                       22540.711
                1.068819                       21834.332
               1.0707448                       21068.236
               1.0726706                       20244.543
               1.0745964                       19365.457
               1.0765222                       18433.387
                1.078448                       17450.934
               1.0803738                       16420.768
               1.0822996                       15345.666
               1.0842254                       14228.582
               1.0861512                       13072.578
                1.088077                       11880.834
               1.0900028                       10656.639
               1.0919286                       9403.2773
               1.0938544                       8124.1265
               1.0957802                       6822.7656
                1.097706                       5502.8105
               1.0996318                       4167.7969
               1.1015576                       2821.3298
               1.1034834                       1467.1456
               1.1054092                       108.99403
                1.107335                      -1249.4578
               1.1092608                       -2604.551
               1.1111866                        -3952.52
               1.1131124                      -5289.6162
               1.1150382                       -6612.248
                1.116964                      -7916.8428
               1.1188898                      -9199.7773
               1.1208156                      -10457.508
               1.1227414                      -11686.644
               1.1246672                       -12883.84
                1.126593                      -14045.756
               1.1285188                      -15169.229
               1.1304446                      -16251.267
               1.1323704                       -17288.84
               1.1342962                      -18279.031
                1.136222                      -19219.236
               1.1381478                      -20106.924
               1.1400736                      -20939.584
               1.1419994                      -21714.922
               1.1439252                      -22430.857
                1.145851                      -23085.465
               1.1477768                      -23676.914
               1.1497026                      -24203.527
               1.1516284                      -24663.945
               1.1535542                      -25056.965
                 1.15548                       -25381.43
               1.1574058                      -25636.395
               1.1593316                      -25821.232
               1.1612574                      -25935.492
               1.1631832                      -25978.834
                1.165109                      -25951.076
               1.1670348                       -25852.32
               1.1689606                      -25682.906
               1.1708864                      -25443.273
               1.1728122                      -25134.023
                1.174738                      -24756.029
               1.1766638                      -24310.357
               1.1785896                      -23798.205
               1.1805154                      -23220.977
               1.1824412                       -22580.26
                1.184367                      -21877.838
               1.1862928                        -21115.6
               1.1882186                      -20295.582
               1.1901444                      -19420.082
               1.1920702                       -18491.52
                1.193996                      -17512.398
               1.1959218                      -16485.398
               1.1978476                      -15413.341
               1.1997734                      -14299.125
               1.2016992                      -13145.792
                1.203625                      -11956.538
               1.2055508                      -10734.612
               1.2074766                      -9483.3242
               1.2094024                      -8206.1074
               1.2113282                      -6906.4512
                1.213254                      -5587.8901
               1.2151798                      -4254.0469
               1.2171056                      -2908.5442
               1.2190314                      -1555.0538
               1.2209572                      -197.35419
                1.222883                       1160.8997
               1.2248088                       2516.0908
               1.2267346                       3864.4214
               1.2286604                       5202.1367
               1.2305862                       6525.6484
                1.232512                       7831.3838
               1.2344378                       9115.7559
               1.2363636                       10375.207
               1.2382894                       11606.293
               1.2402152                       12805.686
                1.242141                       13970.096
               1.2440668                       15096.331
               1.2459926                       16181.317
               1.2479184                       17222.051
               1.2498442                        18215.68
                 1.25177                        19159.51
               1.2536958                       20050.979
               1.2556216                       20887.664
               1.2575474                       21667.219
               1.2594732                       22387.418
                1.261399                       23046.361
               1.2633248                       23642.375
               1.2652506                       24173.748
               1.2671764                       24638.902
               1.2691022                       25036.607
                1.271028                        25365.85
               1.2729538                       25625.699
               1.2748796                       25815.395
               1.2768054                       25934.434
               1.2787312                       25982.555
                1.280657                       25959.566
               1.2825828                       25865.438
               1.2845086                       25700.516
               1.2864344                       25465.352
               1.2883602                       25160.496
                1.290286                        24786.68
               1.2922118                        24345.02
               1.2941376                       23836.801
               1.2960634                       23263.348
               1.2979892                       22626.201
                1.299915                       21927.129
               1.3018408                       21168.039
               1.3037666                       20351.059
               1.3056924                       19478.473
               1.3076182                       18552.537
                1.309544                       17575.789
               1.3114698                       16551.059
               1.3133956                       15481.072
               1.3153214                       14368.687
               1.3172472                       13217.082
                1.319173                       12029.385
               1.3210988                       10808.742
               1.3230246                       9558.5947
               1.3249504                       8282.4053
               1.3268762                       6983.5752
                1.328802                       5665.6748
               1.3307278                       4332.3506
               1.3326536                       2987.2349
               1.3345794                       1633.9885
               1.3365052                       276.32605
                1.338431                      -1082.0106
               1.3403568                      -2437.3242
               1.3422826                        -3785.95
               1.3442084                      -5124.1963
               1.3461342                      -6448.3857
                 1.34806                      -7754.8818
               1.3499858                      -9040.1133
               1.3519116                      -10300.599
               1.3538374                      -11532.906
               1.3557632                      -12733.683
                1.357689                       -13899.63
               1.3596148                      -15027.516
               1.3615406                      -16114.316
               1.3634664                      -17157.115
               1.3653922                      -18152.973
                1.367318                      -19099.176
               1.3692438                      -19993.227
               1.3711696                      -20832.656
               1.3730954                      -21615.133
               1.3750212                      -22338.523
                1.376947                      -23000.848
               1.3788728                      -23600.344
               1.3807986                      -24135.395
               1.3827244                      -24604.488
               1.3846502                      -25006.287
                1.386576                       -25339.75
               1.3885018                      -25604.031
               1.3904276                      -25798.334
               1.3923534                      -25922.051
               1.3942792                      -25974.922
                1.396205                      -25956.846
               1.3981308                      -25867.771
               1.4000566                      -25707.949
               1.4019824                      -25477.879
               1.4039082                      -25178.129
                1.405834                      -24809.473
               1.4077598                      -24372.965
               1.4096856                      -23869.828
               1.4116114                      -23301.375
               1.4135372                      -22669.104
                1.415463                      -21974.775
               1.4173888                      -21220.373
               1.4193146                      -20407.902
               1.4212404                      -19539.492
               1.4231662                      -18617.559
                1.425092                      -17644.676
               1.4270178                      -16623.492
               1.4289436                      -15556.782
               1.4308694                      -14447.416
               1.4327952                      -13298.447
                1.434721                      -13298.447
               1.4366468                       -12113.08
               1.4385726                      -10894.519
               1.4404984                      -9646.0605
               1.4424242                      -8371.1885
                 1.44435                      -7073.3926
               1.4462758                      -5756.1519
               1.4482016                      -4423.1221
               1.4501274                      -3078.0439
               1.4520532                        -1724.52
                1.453979                      -366.19458
               1.4559048                       993.11096
               1.4578306                       2349.6602
               1.4597564                       3699.8223
               1.4616822                       5039.8535
                1.463608                       6366.0176
               1.4655338                       7674.7417
               1.4674596                       8962.4756
               1.4693854                       10225.639
               1.4713112                       11460.748
                1.473237                       12664.438
               1.4751628                       13833.435
               1.4770886                       14964.576
               1.4790144                        16054.73
               1.4809402                       17100.826
                1.482866                       18100.059
               1.4847918                       19049.797
               1.4867176                       19947.379
               1.4886434                       20790.285
               1.4905692                        21576.27
                1.492495                       22303.225
               1.4944208                       22969.105
               1.4963466                        23572.09
               1.4982724                       24110.621
               1.5001982                       24583.197
                1.502124                       24988.457
               1.5040498                       25325.367
               1.5059756                       25593.063
               1.5079014                       25790.736
               1.5098272                       25917.855
                1.511753                       25974.117
               1.5136788                       25959.391
               1.5156046                       25873.719
               1.5175304                       25717.295
               1.5194562                       25490.557
                1.521382                       25194.211
               1.5233078                        24829.02
               1.5252336                       24395.918
               1.5271594                       23896.162
               1.5290852                       23331.146
                1.531011                       22702.367
               1.5329368                       22011.578
               1.5348626                       21260.664
               1.5367884                       20451.596
               1.5387142                       19586.631
                 1.54064                       18668.223
               1.5425658                       17698.797
               1.5444916                       16680.926
               1.5464174                       15617.491
               1.5483432                        14511.42
                1.550269                       13365.617
               1.5521948                        12183.23
               1.5541206                       10967.607
               1.5560464                       9721.9902
               1.5579722                       8449.6504
                1.559898                       7154.1821
               1.5618238                       5839.2559
               1.5637496                       4508.3125
               1.5656754                       3164.8518
               1.5676012                       1812.6851
                1.569527                       455.62317
               1.5714528                      -902.73682
               1.5733786                      -2258.7693
               1.5753044                      -3608.6895
               1.5772302                      -4948.7476
                1.579156                      -6275.3252
               1.5810818                      -7584.8418
               1.5830076                      -8873.6963
               1.5849334                       -10138.32
               1.5868592                      -11375.234
                1.588785                      -12581.075
               1.5907108                       -13752.59
               1.5926366                      -14886.553
               1.5945624                      -15979.783
               1.5964882                      -17029.297
                1.598414                      -18032.295
               1.6003398                       -18986.02
               1.6022656                      -19887.789
               1.6041914                      -20735.125
               1.6061172                      -21525.725
                1.608043                      -22257.449
               1.6099688                      -22928.289
               1.6118946                      -23536.387
               1.6138204                      -24080.055
               1.6157462                      -24557.809
                1.617672                      -24968.328
               1.6195978                        -25310.5
               1.6215236                       -25583.41
               1.6234494                      -25786.307
               1.6253752                      -25918.613
                1.627301                      -25979.943
               1.6292268                      -25970.137
               1.6311526                      -25889.238
               1.6330784                        -25737.5
               1.6350042                      -25515.336
                 1.63693                      -25223.314
               1.6388558                      -24862.244
               1.6407816                      -24433.137
               1.6427074                      -23937.184
               1.6446332                      -23375.754
                1.646559                      -22750.363
               1.6484848                      -22062.695
               1.6504106                       -21314.66
               1.6523364                      -20508.367
               1.6542622                      -19646.039
                1.656188                      -18729.961
               1.6581138                      -17762.609
               1.6600396                      -16746.734
               1.6619654                      -15685.145
               1.6638912                      -14580.657
                1.665817                      -13436.298
               1.6677428                      -12255.264
               1.6696686                      -11040.754
               1.6715944                      -9796.0664
               1.6735202                      -8524.6572
                1.675446                      -7230.0034
               1.6773718                      -5915.6069
               1.6792976                       -4585.084
               1.6812234                      -3242.0679
               1.6831492                      -1890.1985
                1.685075                      -533.19958
               1.6870008                       825.18286
               1.6889266                       2181.2563
               1.6908524                       3531.3689
               1.6927782                       4871.8418
                1.694704                        6198.957
               1.6966298                       7509.0693
               1.6985556                       8798.6387
               1.7004814                       10064.171
               1.7024072                       11302.201
                1.704333                       12509.318
               1.7062588                       13682.213
               1.7081846                       14817.701
               1.7101104                       15912.705
               1.7120362                        16964.23
                1.713962                       17969.385
               1.7158878                       18925.387
               1.7178136                       19829.664
               1.7197394                       20679.797
               1.7216652                       21473.414
                1.723591                       22208.285
               1.7255168                       22882.426
               1.7274426                       23494.043
               1.7293684                       24041.494
               1.7312942                       24523.238
                 1.73322                       24937.852
               1.7351458                       25284.246
               1.7370716                       25561.596
               1.7389974                        25769.09
               1.7409232                       25906.041
                1.742849                       25972.113
               1.7447748                       25967.211
               1.7467006                       25891.316
               1.7486264                       25744.578
               1.7505522                       25527.379
                1.752478                       25240.342
               1.7544038                       24884.301
               1.7563296                       24460.203
               1.7582554                       23969.141
               1.7601812                        23412.48
                1.762107                       22791.793
               1.7640328                       22108.744
               1.7659586                       21365.148
               1.7678844                       20563.109
               1.7698102                       19704.844
                1.771736                       18792.629
               1.7736618                       17828.926
               1.7755876                       16816.441
               1.7775134                       15757.984
               1.7794392                        14656.41
                1.781365                       13514.679
               1.7832908                       12335.955
               1.7852166                       11123.522
               1.7871424                       9880.6504
               1.7890682                       8610.6914
                1.790994                       7317.1582
               1.7929198                       6003.6396
               1.7948456                       4673.7314
               1.7967714                         3331.02
               1.7986972                       1979.1554
                1.800623                       621.89557
               1.8025488                      -737.03937
               1.8044746                      -2093.9604
               1.8064004                      -3445.1338
               1.8083262                      -4786.8594
                1.810252                      -6115.4863
               1.8121778                      -7427.3857
               1.8141036                       -8718.957
               1.8160294                      -9986.6426
               1.8179552                          -11227
                1.819881                      -12436.656
               1.8218068                      -13612.265
               1.8237326                      -14750.593
               1.8256584                       -15848.57
               1.8275842                      -16903.223
                 1.82951                      -17911.637
               1.8314358                      -18871.004
               1.8333616                      -19778.754
               1.8352874                      -20632.439
               1.8372132                      -21429.652
                1.839139                      -22168.205
               1.8410648                      -22846.146
               1.8429906                      -22846.146
               1.8449164                      -23461.625
               1.8468422                      -24012.938
                1.848768                      -24498.539
               1.8506938                      -24917.104
               1.8526196                      -25267.547
               1.8545454                      -25548.922
               1.8564712                      -25760.402
                1.858397                      -25901.395
               1.8603228                      -25971.533
               1.8622486                      -25970.648
               1.8641744                      -25898.762
               1.8661002                      -25756.066
                1.868026                       -25542.91
               1.8699518                      -25259.836
               1.8718776                       -24907.67
               1.8738034                      -24487.445
               1.8757292                      -24000.281
                1.877655                       -23447.41
               1.8795808                      -22830.355
               1.8815066                      -22150.896
               1.8834324                      -21410.916
               1.8853582                      -20612.355
                1.887284                      -19757.363
               1.8892098                      -18848.336
               1.8911356                      -17887.789
               1.8930614                      -16878.281
               1.8949872                      -15822.598
                1.896913                      -14723.711
               1.8988388                      -13584.568
               1.9007646                       -12408.17
               1.9026904                      -11197.811
               1.9046162                      -9956.8945
                1.906542                      -8688.7891
               1.9084678                      -7396.9126
               1.9103936                       -6084.752
               1.9123194                      -4755.9521
               1.9142452                      -3414.2129
                1.916171                      -2063.0984
               1.9180968                      -706.29102
               1.9200226                       652.35291
               1.9219484                       2009.1604
               1.9238742                       3360.5469
                  1.9258                        4702.751
               1.9277258                       6032.0225
               1.9296516                        7344.792
               1.9315774                       8637.5068
               1.9335032                       9906.5586
                1.935429                       11148.469
               1.9373548                       12359.942
               1.9392806                       13537.637
               1.9412064                       14678.201
               1.9431322                       15778.577
                1.945058                        16835.91
               1.9469838                       17847.242
               1.9489096                       18809.668
               1.9508354                       19720.623
               1.9527612                       20577.703
                1.954687                         21378.5
               1.9566128                       22120.832
               1.9585386                       22802.691
               1.9604644                       23422.162
               1.9623902                       23977.578
                1.964316                       24467.488
               1.9662418                       24890.488
               1.9681676                       25245.381
               1.9700934                       25531.268
               1.9720192                       25747.363
                1.973945                       25893.008
               1.9758708                       25967.855
               1.9777966                       25971.742
               1.9797224                       25904.605
               1.9816482                       25766.621
                1.983574                       25558.162
               1.9854998                       25279.801
               1.9874256                       24932.348
               1.9893514                       24516.719
               1.9912772                       24033.949
                1.993203                       23485.441
               1.9951288                       22872.762
               1.9970546                       22197.516
               1.9989804                       21461.533
               2.0009062                       20666.848
                2.002832                       19815.594
               2.0047578                       18910.076
               2.0066836                       17952.836
               2.0086094                       16946.531
               2.0105352                        15893.82
                2.012461                       14797.541
               2.0143868                       13660.789
               2.0163126                       12486.675
               2.0182384                       11278.318
               2.0201642                       10039.098
                 2.02209                       8772.4414
               2.0240158                       7481.6738
               2.0259416                       6170.3765
               2.0278674                       4842.2905
               2.0297932                       3500.9414
                2.031719                       2149.8813
               2.0336448                       792.91998
               2.0355706                      -566.15137
               2.0374964                      -1923.6592
               2.0394222                       -3275.949
                2.041348                      -4619.3296
               2.0432738                      -5950.0547
               2.0451996                      -7264.4707
               2.0471254                      -8559.0254
               2.0490512                      -9830.1172
                2.050977                      -11074.264
               2.0529028                      -12288.183
               2.0548286                      -13468.484
               2.0567544                      -14611.801
               2.0586802                        -15715.1
                2.060606                      -16775.461
               2.0625318                      -17789.902
               2.0644576                      -18755.598
               2.0663834                      -19669.953
               2.0683092                      -20530.461
                2.070235                      -21334.746
               2.0721608                      -22080.639
               2.0740866                      -22766.113
               2.0760124                      -23389.297
               2.0779382                      -23948.449
                2.079864                      -24442.043
               2.0817898                      -24868.797
               2.0837156                      -25227.531
               2.0856414                      -25517.176
               2.0875672                      -25737.016
                2.089493                      -25886.547
               2.0914188                       -25965.25
               2.0933446                       -25972.84
               2.0952704                      -25909.439
               2.0971962                      -25775.318
                2.099122                      -25570.695
               2.1010478                      -25296.035
               2.1029736                      -24952.256
               2.1048994                      -24540.373
               2.1068252                      -24061.387
                2.108751                      -23516.574
               2.1106768                      -22907.516
               2.1126026                      -22235.871
               2.1145284                      -21503.469
               2.1164542                      -20712.311
                 2.11838                      -19864.523
               2.1203058                      -18962.436
               2.1222316                      -18008.559
               2.1241574                      -17005.516
               2.1260832                      -15955.989
                2.128009                      -14862.797
               2.1299348                      -13728.982
               2.1318606                      -12557.688
               2.1337864                      -11352.047
               2.1357122                      -10115.355
                2.137638                      -8851.0313
               2.1395638                      -7562.4907
               2.1414896                      -6253.2192
               2.1434154                      -4926.8184
               2.1453412                      -3586.9478
                2.147267                      -2237.2646
               2.1491928                      -881.38586
               2.1511186                       476.98621
               2.1530444                        1834.054
               2.1549702                       3186.1187
                2.156896                       4529.5566
               2.1588218                       5860.7061
               2.1607476                       7175.9053
               2.1626734                          8471.5
               2.1645992                       9743.9238
                2.166525                       10989.788
               2.1684508                       12205.706
               2.1703766                       13388.254
               2.1723024                       14534.209
               2.1742282                       15640.512
                2.176154                        16704.07
               2.1780798                       17721.922
               2.1800056                       18691.352
               2.1819314                       19609.701
               2.1838572                       20474.414
                2.185783                       21283.143
               2.1877088                       22033.641
               2.1896346                        22723.84
               2.1915604                       23351.906
               2.1934862                        23916.07
                2.195412                       24414.727
               2.1973378                       24846.582
               2.1992636                       25210.514
               2.2011894                       25505.449
               2.2031152                       25730.484
                2.205041                       25885.039
               2.2069668                       25968.783
               2.2088926                        25981.49
               2.2108184                       25923.025
               2.2127442                       25793.549
                 2.21467                       25593.496
               2.2165958                       25323.406
               2.2185216                       24983.953
               2.2204474                       24576.096
               2.2223732                       24100.992
                2.224299                       23559.928
               2.2262248                       22954.371
               2.2281506                       22286.012
               2.2300764                       21556.676
               2.2320022                       20768.328
                2.233928                       19923.166
               2.2358538                       19023.559
               2.2377796                       18071.922
               2.2397054                       17070.805
               2.2416312                       16023.036
                2.243557                       14931.527
               2.2454828                         13799.2
               2.2474086                       12629.146
               2.2493344                       11424.615
               2.2512602                        10188.91
                2.253186                        10188.91
               2.2551118                       8925.3945
               2.2570376                       7637.4941
               2.2589634                       6328.7666
               2.2608892                       5002.8584
                2.262815                       3663.3257
               2.2647408                       2313.7539
               2.2666666                       957.93921
               2.2685924                      -400.34534
               2.2705182                      -1757.5017
                2.272444                      -3109.8823
               2.2743698                      -4453.6904
               2.2762956                      -5785.1855
               2.2782214                       -7100.834
               2.2801472                       -8397.127
                2.282073                      -9670.4199
               2.2839988                      -10917.173
               2.2859246                      -12134.091
               2.2878504                      -13317.873
               2.2897762                      -14465.227
                2.291702                      -15573.003
               2.2936278                      -16638.193
               2.2955536                      -17657.914
               2.2974794                      -18629.438
               2.2994052                      -19550.098
                2.301331                      -20417.275
               2.3032568                      -21228.598
               2.3051826                       -21981.99
               2.3071084                      -22675.387
               2.3090342                       -23306.76
                 2.31096                      -23874.414
               2.3128858                      -24376.883
               2.3148116                      -24812.719
               2.3167374                      -25180.758
               2.3186632                      -25480.039
                2.320589                      -25709.645
               2.3225148                      -25868.914
               2.3244406                        -25957.5
               2.3263664                      -25975.168
               2.3282922                      -25921.793
                2.330218                      -25797.527
               2.3321438                       -25602.74
               2.3340696                      -25337.926
               2.3359954                      -25003.762
               2.3379212                      -24601.203
                2.339847                      -24131.354
               2.3417728                      -23595.473
               2.3436986                      -22995.035
               2.3456244                      -22331.664
               2.3475502                      -21607.113
                2.349476                      -20823.398
               2.3514018                      -19982.713
               2.3533276                      -19087.324
               2.3552534                      -18139.654
               2.3571792                       -17142.32
                2.359105                      -16098.014
               2.3610308                      -15009.554
               2.3629566                      -13880.007
               2.3648824                      -12712.515
               2.3668082                      -11510.154
                2.368734                      -10276.177
               2.3706598                      -9014.0918
               2.3725856                      -7727.3945
               2.3745114                      -6419.4785
               2.3764372                      -5093.8896
                2.378363                      -3754.3765
               2.3802888                      -2404.6567
               2.3822146                      -1048.3347
               2.3841404                       310.89502
               2.3860662                       1669.2346
                2.387992                       3022.9858
               2.3899178                       4368.4883
               2.3918436                       5701.9878
               2.3937694                       7019.8125
               2.3956952                       8318.4365
                2.397621                       9594.2734
               2.3995468                       10843.748
               2.4014726                       12063.514
               2.4033984                       13250.285
               2.4053242                       14400.754
                 2.40725                       15511.753
               2.4091758                        16580.26
               2.4111016                       17603.328
               2.4130274                       18578.219
               2.4149532                       19502.301
                2.416879                       20372.953
               2.4188048                       21187.766
               2.4207306                       21944.596
               2.4226564                        22641.43
               2.4245822                       23276.336
                2.426508                        23847.51
               2.4284338                       24353.402
               2.4303596                       24792.723
               2.4322854                       25164.281
               2.4342112                       25466.988
                2.436137                        25700.01
               2.4380628                        25862.74
               2.4399886                       25954.801
               2.4419144                       25975.938
               2.4438402                       25926.031
                2.445766                       25805.221
               2.4476918                       25613.895
               2.4496176                       25352.578
               2.4515434                       25021.961
               2.4534692                       24622.938
                2.455395                       24156.625
               2.4573208                       23624.301
               2.4592466                       23027.406
               2.4611724                       22367.555
               2.4630982                       21646.586
                2.465024                       20866.465
               2.4669498                       20029.295
               2.4688756                       19137.355
               2.4708014                       18193.127
               2.4727272                       17199.188
                2.474653                       16158.191
               2.4765788                       15072.971
               2.4785046                       13946.539
               2.4804304                       12782.014
               2.4823562                       11582.552
                2.484282                       10351.317
               2.4862078                        9091.709
               2.4881336                       7807.3027
               2.4900594                       6501.5449
               2.4919852                       5177.8994
                2.493911                       3840.0488
               2.4958368                       2491.6963
               2.4977626                          1136.5
               2.4996884                      -221.86234
               2.5016142                      -1579.6934
                 2.50354                      -2933.2268
               2.5054658                      -4278.7236
               2.5073916                      -5612.5801
               2.5093174                      -6931.1816
               2.5112432                      -8230.8457
                2.513169                      -9507.9795
               2.5150948                      -10759.152
               2.5170206                      -11980.977
               2.5189464                      -13170.055
               2.5208722                      -14323.093
                2.522798                      -15436.958
               2.5247238                      -16508.613
               2.5266496                      -17535.125
               2.5285754                      -18513.688
               2.5305012                      -19441.617
                2.532427                      -20316.344
               2.5343528                       -21135.49
               2.5362786                      -21896.848
               2.5382044                      -22598.281
               2.5401302                      -23237.824
                2.542056                      -23813.785
               2.5439818                      -24324.652
               2.5459076                      -24768.965
               2.5478334                      -25145.449
               2.5497592                      -25453.102
                2.551685                      -25691.121
               2.5536108                      -25858.854
               2.5555366                      -25955.865
               2.5574624                       -25981.84
               2.5593882                      -25936.656
                2.561314                      -25820.523
               2.5632398                      -25633.801
               2.5651656                      -25376.926
               2.5670914                      -25050.566
               2.5690172                      -24655.691
                2.570943                      -24193.418
               2.5728688                      -23664.936
               2.5747946                      -23071.672
               2.5767204                      -22415.348
               2.5786462                       -21697.75
                2.580572                       -20920.76
               2.5824978                      -20086.545
               2.5844236                      -19197.447
               2.5863494                      -18255.807
               2.5882752                      -17264.219
                2.590201                      -16225.498
               2.5921268                      -15142.428
               2.5940526                      -14017.895
               2.5959784                      -12855.033
               2.5979042                      -11657.075
                 2.59983                      -10427.241
               2.6017558                      -9168.8789
               2.6036816                      -7885.4775
               2.6056074                      -6580.5508
               2.6075332                      -5257.6328
                2.609459                      -3920.3188
               2.6113848                      -2572.2808
               2.6133106                      -1217.2455
               2.6152364                       141.08765
               2.6171622                       1499.0427
                2.619088                       2852.8887
               2.6210138                       4198.9116
               2.6229396                       5533.4751
               2.6248654                       6852.9219
               2.6267912                       8153.5928
                2.628717                       9431.9414
               2.6306428                       10684.526
               2.6325686                        11907.92
               2.6344944                       13098.701
               2.6364202                       14253.615
                2.638346                       15369.619
               2.6402718                       16443.646
               2.6421976                       17472.629
               2.6441234                       18453.793
               2.6460492                       19384.551
                2.647975                       20262.293
               2.6499008                       21084.582
               2.6518266                        21849.23
               2.6537524                       22554.141
               2.6556782                        23197.34
                2.657604                       23777.076
               2.6595298                       24291.797
               2.6614556                       24291.797
               2.6633814                       24740.113
               2.6653072                        25120.75
                2.667233                       25432.627
               2.6691588                       25674.951
               2.6710846                       25847.094
               2.6730104                       25948.527
               2.6749362                       25978.941
                2.676862                        25938.32
               2.6787878                       25826.809
               2.6807136                       25644.637
               2.6826394                       25392.256
               2.6845652                        25070.43
                2.686491                       24680.082
               2.6884168                       24222.234
               2.6903426                       23698.113
               2.6922684                       23109.164
               2.6941942                       22457.041
                 2.69612                       21743.512
               2.6980458                       20970.469
               2.6999716                       20140.055
               2.7018974                       19254.604
               2.7038232                       18316.521
                2.705749                       17328.324
               2.7076748                       16292.722
               2.7096006                       15212.593
               2.7115264                       14090.859
               2.7134522                       12930.527
                2.715378                       11734.871
               2.7173038                       10507.209
               2.7192296                       9250.7715
               2.7211554                       7968.9487
               2.7230812                        6665.353
                2.725007                       5343.6055
               2.7269328                       4007.2363
               2.7288586                       2659.8281
               2.7307844                       1305.1394
               2.7327102                      -53.060513
                2.734636                      -1411.1365
               2.7365618                      -2765.4014
               2.7384876                      -4112.0854
               2.7404134                      -5447.5293
               2.7423392                      -6768.1226
                2.744265                      -8070.2119
               2.7461908                      -9350.2295
               2.7481166                      -10604.709
               2.7500424                      -11830.203
               2.7519682                      -13023.348
                2.753894                      -14180.898
               2.7558198                      -15299.706
               2.7577456                      -16376.688
               2.7596714                      -17408.848
               2.7615972                      -18393.377
                2.763523                      -19327.668
               2.7654488                      -20209.164
               2.7673746                      -21035.367
               2.7693004                      -21803.996
               2.7712262                      -22512.953
                2.773152                      -23160.338
               2.7750778                      -23744.465
               2.7770036                      -24263.672
               2.7789294                        -24716.4
               2.7808552                       -25101.48
                2.782781                      -25417.934
               2.7847068                      -25664.859
               2.7866326                      -25841.582
               2.7885584                      -25947.598
               2.7904842                      -25982.559
                 2.79241                       -25946.42
               2.7943358                      -25839.348
               2.7962616                      -25661.563
               2.7981874                      -25413.512
               2.8001132                       -25095.93
                2.802039                      -24709.664
               2.8039648                      -24255.754
               2.8058906                      -23735.504
               2.8078164                      -23150.348
               2.8097422                       -22501.82
                2.811668                      -21791.688
               2.8135938                       -21021.93
               2.8155196                      -20194.672
               2.8174454                      -19312.172
               2.8193712                      -18376.852
                2.821297                      -17391.281
               2.8232228                      -16358.131
               2.8251486                      -15280.207
               2.8270744                      -14160.496
               2.8290002                      -13002.112
                2.830926                      -11808.221
               2.8328518                      -10582.031
               2.8347776                      -9326.8828
               2.8367034                      -8046.2588
               2.8386292                      -6743.6938
                2.840555                      -5422.7583
               2.8424808                      -4087.0229
               2.8444066                      -2740.0811
               2.8463324                      -1385.6699
               2.8482582                       -27.59362
                2.850184                       1330.4592
               2.8521098                       2684.9053
               2.8540356                       4032.0605
               2.8559614                       5368.0791
               2.8578872                       6689.2734
                2.859813                        7992.209
               2.8617388                       9273.3672
               2.8636646                       10529.091
               2.8655904                       11755.906
               2.8675162                       12950.594
                2.869442                       14109.935
               2.8713678                       15230.646
               2.8732936                       16309.643
               2.8752194                       17344.053
               2.8771452                        18331.09
                2.879071                       19268.047
               2.8809968                        20152.32
               2.8829226                       20981.469
               2.8848484                        21753.25
               2.8867742                       22465.572
                  2.8887                       23116.523
               2.8906258                       23704.348
               2.8925516                        24227.35
               2.8944774                       24684.084
               2.8964032                       25073.381
                2.898329                       25394.174
               2.9002548                       25645.559
               2.9021806                       25826.832
               2.9041064                       25937.492
               2.9060322                       25977.266
                2.907958                       25946.041
               2.9098838                       25843.855
               2.9118096                       25671.004
               2.9137354                       25427.977
               2.9156612                       25115.391
                2.917587                       24734.102
               2.9195128                       24285.188
               2.9214386                       23769.848
               2.9233644                       23189.475
               2.9252902                        22545.65
                2.927216                       21840.105
               2.9291418                       21074.781
               2.9310676                       20251.824
               2.9329934                       19373.445
               2.9349192                       18441.975
                2.936845                       17459.996
               2.9387708                       16430.244
               2.9406966                       15355.502
               2.9426224                       14238.678
               2.9445482                       13082.853
                2.946474                       11891.171
               2.9483998                       10666.902
               2.9503256                       9413.4395
               2.9522514                       8134.1772
               2.9541772                       6832.5762
                2.956103                       5512.2485
               2.9580288                       4176.8413
               2.9599546                       2829.9839
               2.9618804                       1475.3435
               2.9638062                       116.63565
                2.965732                       -1242.384
               2.9676578                      -2597.9934
               2.9695836                      -3946.5396
               2.9715094                       -5284.293
               2.9734352                      -6607.4883
                2.975361                      -7912.5664
               2.9772868                      -9196.0537
               2.9792126                      -10454.357
               2.9811384                      -11683.949
               2.9830642                      -12881.523
                 2.98499                      -14043.863
               2.9869158                      -15167.742
               2.9888416                      -16250.011
               2.9907674                      -17287.764
               2.9926932                       -18278.23
                2.994619                      -19218.621
               2.9965448                      -20106.318
               2.9984706                      -20938.984

