        Time / ns                e-field (t=0..end(0.00192)) (pb)_Z_0D_55/real
----------------------------------------------------------------------
                       0                               0
               0.0019258                               0
               0.0038516                               0
               0.0057774                               0
               0.0077032                               0
                0.009629                               0
               0.0115548                               0
               0.0134806                               0
               0.0154064                               0
               0.0173322                               0
                0.019258                               0
               0.0211838                               0
               0.0231096                               0
               0.0250354                               0
               0.0269612                               0
                0.028887                               0
               0.0308128                               0
               0.0327386                               0
               0.0346644                               0
               0.0365902                               0
                0.038516                               0
               0.0404418                               0
               0.0423676                               0
               0.0442934                               0
               0.0462192                               0
                0.048145                               0
               0.0500708                               0
               0.0519966                               0
               0.0539224                               0
               0.0558482                               0
                0.057774                               0
               0.0596998                               0
               0.0616256                               0
               0.0635514                               0
               0.0654772                               0
                0.067403                               0
               0.0693288                               0
               0.0712546                               0
               0.0731804                               0
               0.0751062                               0
                0.077032                               0
               0.0789578                               0
               0.0808836                               0
               0.0828094                               0
               0.0847352                               0
                0.086661                               0
               0.0885868                               0
               0.0905126                               0
               0.0924384                               0
               0.0943642                               0
                 0.09629                               0
               0.0982158                               0
               0.1001416                               0
               0.1020674                               0
               0.1039932                               0
                0.105919                               0
               0.1078448                               0
               0.1097706                               0
               0.1116964                               0
               0.1136222                               0
                0.115548                               0
               0.1174738                   -1.029447e-35
               0.1193996                   -7.629142e-34
               0.1213254                   -5.336265e-34
               0.1232512                   1.6149488e-34
                0.125177                  -1.7270003e-33
               0.1271028                  -3.1426162e-33
               0.1290286                  -1.2937399e-34
               0.1309544                   6.6327445e-33
               0.1328802                   1.3917539e-31
                0.134806                   7.2269402e-31
               0.1367318                   5.8838506e-30
               0.1386576                   5.5405935e-29
               0.1405834                   3.5255005e-28
               0.1425092                   2.2526963e-27
                0.144435                   3.1118236e-27
               0.1463608                  -8.0808125e-26
               0.1482866                  -1.2222656e-24
               0.1502124                  -1.1704111e-23
               0.1521382                  -8.7637095e-23
                0.154064                  -5.6622224e-22
               0.1559898                  -3.2327575e-21
               0.1579156                  -1.6668911e-20
               0.1598414                  -7.8661425e-20
               0.1617672                  -3.4115984e-19
                0.163693                  -1.3764503e-18
               0.1656188                  -5.1811268e-18
               0.1675446                  -1.8280071e-17
               0.1694704                  -6.0706375e-17
               0.1713962                  -1.9025713e-16
                0.173322                  -5.6435375e-16
               0.1752478                  -1.5877954e-15
               0.1771736                    -4.24492e-15
               0.1790994                  -1.0804166e-14
               0.1810252                  -2.6214109e-14
                0.182951                  -6.0713506e-14
               0.1848768                  -1.3437003e-13
               0.1868026                  -2.8442878e-13
               0.1887284                  -5.7635065e-13
               0.1906542                  -1.1187387e-12
                 0.19258                  -2.0812354e-12
               0.1945058                  -3.7127905e-12
               0.1964316                  -6.3542782e-12
               0.1983574                  -1.0437458e-11
               0.2002832                  -1.6462123e-11
                0.202209                  -2.4946394e-11
               0.2041348                  -3.6351755e-11
               0.2060606                  -3.6351755e-11
               0.2079864                  -5.1003108e-11
               0.2099122                  -6.9036832e-11
                0.211838                  -9.0424425e-11
               0.2137638                  -1.1512012e-10
               0.2156896                  -1.4334597e-10
               0.2176154                   -1.760128e-10
               0.2195412                  -2.1516854e-10
                0.221467                  -2.6435704e-10
               0.2233928                  -3.2872902e-10
               0.2253186                  -4.1485768e-10
               0.2272444                  -5.3027138e-10
               0.2291702                  -6.8294298e-10
                0.231096                  -8.8100599e-10
               0.2330218                  -1.1331077e-09
               0.2349476                   -1.449543e-09
               0.2368734                  -1.8440505e-09
               0.2387992                  -2.3359121e-09
                0.240725                  -2.9518148e-09
               0.2426508                  -3.7271302e-09
               0.2445766                  -4.7067572e-09
               0.2465024                  -5.9452705e-09
               0.2484282                  -7.5082074e-09
                0.250354                  -9.4749915e-09
               0.2522798                  -1.1943083e-08
               0.2542056                  -1.5034445e-08
               0.2561314                  -1.8903103e-08
               0.2580572                  -2.3742857e-08
                0.259983                  -2.9795077e-08
               0.2619088                  -3.7358816e-08
               0.2638346                  -4.6802075e-08
               0.2657604                  -5.8576681e-08
               0.2676862                  -7.3243243e-08
                0.269612                  -9.1489341e-08
               0.2715378                  -1.1417011e-07
               0.2734636                  -1.4233716e-07
               0.2753894                  -1.7729222e-07
               0.2773152                  -2.2061965e-07
                0.279241                   -2.742793e-07
               0.2811668                  -3.4066639e-07
               0.2830926                  -4.2271986e-07
               0.2850184                  -5.2403948e-07
               0.2869442                  -6.4903446e-07
                 0.28887                  -8.0307893e-07
               0.2907958                  -9.9275485e-07
               0.2927216                  -1.2260736e-06
               0.2946474                  -1.5127796e-06
               0.2965732                    -1.86476e-06
                0.298499                  -2.2964432e-06
               0.3004248                  -2.8253696e-06
               0.3023506                  -3.4728318e-06
               0.3042764                  -4.2646552e-06
               0.3062022                  -5.2320402e-06
                0.308128                  -6.4127903e-06
               0.3100538                  -7.8524627e-06
               0.3119796                  -9.6063959e-06
               0.3139054                  -1.1740784e-05
               0.3158312                   -1.433577e-05
                0.317757                  -1.7487953e-05
               0.3196828                  -2.1312984e-05
               0.3216086                  -2.5949495e-05
               0.3235344                  -3.1565025e-05
               0.3254602                  -3.8359718e-05
                0.327386                  -4.6572197e-05
               0.3293118                  -5.6490055e-05
               0.3312376                  -6.8454428e-05
               0.3331634                   -8.287339e-05
               0.3350892                  -0.00010023658
                0.337015                  -0.00012112087
               0.3389408                    -0.000146217
               0.3408666                  -0.00017634616
               0.3427924                  -0.00021248213
               0.3447182                  -0.00025578166
                0.346644                  -0.00030760746
               0.3485698                  -0.00036959013
               0.3504956                  -0.00044363571
               0.3524214                  -0.00053201243
               0.3543472                  -0.00063738192
                0.356273                  -0.00076290517
               0.3581988                  -0.00091227173
               0.3601246                   -0.0010898516
               0.3620504                   -0.0013007746
               0.3639762                   -0.0015510368
                0.365902                   -0.0018476903
               0.3678278                   -0.0021989748
               0.3697536                   -0.0026145729
               0.3716794                   -0.0031057685
               0.3736052                   -0.0036856839
                0.375531                   -0.0043698349
               0.3774568                   -0.0051760292
               0.3793826                   -0.0061250636
               0.3813084                   -0.0072412593
               0.3832342                   -0.0085527487
                 0.38516                    -0.010092038
               0.3870858                    -0.011897275
               0.3890116                    -0.014011972
               0.3909374                    -0.016486742
               0.3928632                    -0.019380333
                0.394789                    -0.022759922
               0.3967148                    -0.026703497
               0.3986406                    -0.031301107
               0.4005664                    -0.036654726
               0.4024922                    -0.042882893
                0.404418                    -0.050121732
               0.4063438                    -0.058528081
               0.4082696                     -0.06827765
               0.4101954                    -0.079576217
               0.4121212                    -0.092655838
                0.414047                      -0.1077821
               0.4159728                     -0.12526056
               0.4178986                     -0.14543369
               0.4198244                     -0.16869149
               0.4217502                     -0.19548571
                0.423676                     -0.22632042
               0.4256018                     -0.26176736
               0.4275276                     -0.30247647
               0.4294534                     -0.34918505
               0.4313792                     -0.40272158
                0.433305                     -0.46402097
               0.4352308                     -0.53414667
               0.4371566                     -0.61428344
               0.4390824                     -0.70575774
               0.4410082                     -0.81008142
                0.442934                     -0.92895061
               0.4448598                      -1.0642397
               0.4467856                      -1.2180648
               0.4487114                      -1.3927741
               0.4506372                       -1.591043
                0.452563                      -1.8157994
               0.4544888                       -2.070302
               0.4564146                      -2.3582399
               0.4583404                      -2.6836367
               0.4602662                      -3.0510006
                0.462192                      -3.4653568
               0.4641178                      -3.9322245
               0.4660436                       -4.457675
               0.4679694                      -5.0485077
               0.4698952                      -5.7121592
                0.471821                      -6.4568839
               0.4737468                      -7.2916703
               0.4756726                      -8.2264996
               0.4775984                      -9.2721968
               0.4795242                      -10.440829
                 0.48145                      -11.745364
               0.4833758                      -13.200283
               0.4853016                       -14.82113
               0.4872274                      -16.624952
               0.4891532                      -18.630013
                0.491079                      -20.857307
               0.4930048                      -23.328304
               0.4949306                      -26.066324
               0.4968564                      -29.097845
               0.4987822                      -32.450974
                0.500708                      -36.154881
               0.5026338                      -40.242554
               0.5045596                      -44.748997
               0.5064854                      -49.712273
               0.5084112                      -55.172604
                0.510337                      -61.172153
               0.5122628                      -67.758789
               0.5141886                      -74.981834
               0.5161144                      -82.892769
               0.5180402                       -91.55088
                0.519966                      -101.01411
               0.5218918                       -111.3456
               0.5238176                      -122.61411
               0.5257434                      -134.89207
               0.5276692                      -148.25266
                0.529595                       -162.7762
               0.5315208                       -178.5475
               0.5334466                      -195.65401
               0.5353724                      -214.18834
               0.5372982                       -234.2458
                0.539224                      -255.92822
               0.5411498                      -279.34076
               0.5430756                      -304.59549
               0.5450014                      -331.79999
               0.5469272                      -361.07477
                0.548853                      -392.53873
               0.5507788                      -426.32031
               0.5527046                      -462.54361
               0.5546304                      -501.33899
               0.5565562                      -542.84283
                0.558482                      -587.19354
               0.5604078                       -634.5213
               0.5623336                       -684.9693
               0.5642594                      -738.67773
               0.5661852                      -795.78357
                0.568111                      -856.41779
               0.5700368                      -920.73468
               0.5719626                      -988.86688
               0.5738884                      -1060.9424
               0.5758142                      -1137.0803
                 0.57774                      -1217.4208
               0.5796658                      -1302.0818
               0.5815916                      -1391.1653
               0.5835174                      -1484.7687
               0.5854432                      -1582.9937
                0.587369                      -1685.9314
               0.5892948                      -1793.6494
               0.5912206                      -1906.1857
               0.5931464                      -2023.6018
               0.5950722                      -2145.9153
                0.596998                      -2273.1331
               0.5989238                      -2405.2305
               0.6008496                      -2542.2251
               0.6027754                      -2684.0085
               0.6047012                      -2830.5117
                0.606627                      -2981.6399
               0.6085528                      -3137.2517
               0.6104786                      -3297.1877
               0.6124044                      -3461.2732
               0.6143302                      -3461.2732
                0.616256                       -3629.312
               0.6181818                      -3800.9253
               0.6201076                      -3975.9309
               0.6220334                      -4153.9756
               0.6239592                      -4334.7041
                0.625885                      -4517.6992
               0.6278108                       -4702.519
               0.6297366                      -4888.6953
               0.6316624                       -5075.728
               0.6335882                      -5263.0156
                0.635514                      -5449.9688
               0.6374398                      -5635.9688
               0.6393656                      -5820.3066
               0.6412914                       -6002.313
               0.6432172                      -6181.1938
                0.645143                      -6356.1006
               0.6470688                      -6526.2393
               0.6489946                      -6690.8115
               0.6509204                      -6848.7764
               0.6528462                      -6999.2573
                0.654772                       -7141.311
               0.6566978                      -7273.8364
               0.6586236                      -7395.9482
               0.6605494                      -7506.5449
               0.6624752                      -7604.4561
                0.664401                      -7688.6895
               0.6663268                      -7758.2417
               0.6682526                      -7811.8833
               0.6701784                      -7848.3647
               0.6721042                      -7866.8716
                 0.67403                      -7866.2134
               0.6759558                      -7845.2285
               0.6778816                      -7802.8555
               0.6798074                      -7738.0244
               0.6817332                      -7649.6504
                0.683659                      -7536.9009
               0.6855848                      -7398.7998
               0.6875106                      -7234.3257
               0.6894364                      -7042.4556
               0.6913622                      -6822.4224
                0.693288                      -6573.9712
               0.6952138                      -6295.8218
               0.6971396                      -5987.4253
               0.6990654                      -5648.4868
               0.7009912                      -5278.4541
                0.702917                      -4876.7383
               0.7048428                      -4443.2607
               0.7067686                      -3977.8047
               0.7086944                      -3480.3306
               0.7106202                      -2950.7407
                0.712546                      -2389.1724
               0.7144718                      -1795.9012
               0.7163976                      -1171.3793
               0.7183234                      -515.94104
               0.7202492                       169.96121
                0.722175                       885.24585
               0.7241008                        1629.067
               0.7260266                       2400.7759
               0.7279524                       3199.1729
               0.7298782                       4022.9399
                0.731804                       4870.7397
               0.7337298                       5741.0586
               0.7356556                       6632.5386
               0.7375814                       7543.1943
               0.7395072                       8471.1963
                0.741433                       9414.8135
               0.7433588                       10371.961
               0.7452846                       11340.122
               0.7472104                       12317.586
               0.7491362                       13301.619
                0.751062                        14289.82
               0.7529878                       15279.871
               0.7549136                       16269.018
               0.7568394                       17254.691
               0.7587652                       18234.121
                0.760691                       19204.438
               0.7626168                         20163.1
               0.7645426                       21107.217
               0.7664684                       22033.803
               0.7683942                       22940.072
                 0.77032                       23823.076
               0.7722458                        24680.26
               0.7741716                       25508.568
               0.7760974                       26305.164
               0.7780232                       27067.385
                0.779949                       27792.563
               0.7818748                       28478.061
               0.7838006                       29121.277
               0.7857264                       29719.672
               0.7876522                       30270.994
                0.789578                       30772.932
               0.7915038                       31223.262
               0.7934296                       31620.043
               0.7953554                       31961.254
               0.7972812                       32245.156
                0.799207                       32470.201
               0.8011328                         32634.9
               0.8030586                       32737.945
               0.8049844                       32778.227
               0.8069102                       32754.754
                0.808836                       32666.807
               0.8107618                       32513.896
               0.8126876                       32295.477
               0.8146134                       32011.355
               0.8165392                       31661.688
                0.818465                       31246.623
               0.8203908                       30766.516
               0.8223166                       30221.998
               0.8242424                       29613.902
               0.8261682                       28943.207
                0.828094                       28211.158
               0.8300198                       27419.115
               0.8319456                       26568.697
               0.8338714                       25661.666
               0.8357972                        24700.01
                0.837723                       23685.863
               0.8396488                        22621.49
               0.8415746                        21509.43
               0.8435004                       20352.301
               0.8454262                       19152.873
                0.847352                        17914.07
               0.8492778                       16638.914
               0.8512036                       15330.608
               0.8531294                       13992.476
               0.8550552                       12627.836
                0.856981                       11240.146
               0.8589068                       9833.0146
               0.8608326                        8410.043
               0.8627584                        6974.855
               0.8646842                       5531.2002
                 0.86661                        4082.823
               0.8685358                       2633.4448
               0.8704616                       1186.8701
               0.8723874                      -253.14845
               0.8743132                      -1682.9119
                0.876239                      -3098.6941
               0.8781648                      -4496.8022
               0.8800906                      -5873.6479
               0.8820164                      -7225.6929
               0.8839422                      -8549.4678
                0.885868                      -9841.5742
               0.8877938                      -11098.729
               0.8897196                      -12317.782
               0.8916454                      -13495.678
               0.8935712                      -14629.451
                0.895497                      -15716.303
               0.8974228                       -16753.59
               0.8993486                      -17738.814
               0.9012744                      -18669.623
               0.9032002                      -19543.805
                0.905126                       -20359.34
               0.9070518                      -21114.371
               0.9089776                      -21807.215
               0.9109034                      -22436.396
               0.9128292                      -23000.609
                0.914755                      -23498.691
               0.9166808                      -23929.686
               0.9186066                      -24292.857
               0.9205324                      -24587.654
               0.9224582                      -24813.699
                0.924384                      -24970.762
               0.9263098                      -25058.795
               0.9282356                      -25077.992
               0.9301614                       -25028.73
               0.9320872                      -24911.563
                0.934013                      -24727.164
               0.9359388                      -24476.348
               0.9378646                      -24160.152
               0.9397904                      -23779.861
               0.9417162                      -23336.854
                0.943642                      -22832.553
               0.9455678                      -22268.568
               0.9474936                      -21646.734
               0.9494194                      -20969.029
               0.9513452                      -20237.496
                0.953271                       -19454.26
               0.9551968                      -18621.586
               0.9571226                        -17741.9
               0.9590484                      -16817.701
               0.9609742                       -15851.58
                  0.9629                      -14846.198
               0.9648258                      -13804.288
               0.9667516                       -12728.68
               0.9686774                      -11622.211
               0.9706032                       -10487.85
                0.972529                      -9328.6826
               0.9744548                      -8147.6729
               0.9763806                      -6947.8027
               0.9783064                      -5732.2432
               0.9802322                       -4504.126
                0.982158                      -3266.5396
               0.9840838                      -2022.6483
               0.9860096                       -775.5954
               0.9879354                       471.52469
               0.9898612                       1715.5863
                0.991787                       2953.4548
               0.9937128                       4182.0747
               0.9956386                       5398.4253
               0.9975644                       6599.4775
               0.9994902                       7782.3149
                1.001416                       8944.0508
               1.0033418                       10081.741
               1.0052676                       11192.609
               1.0071934                       12274.037
               1.0091192                       13323.328
                1.011045                       14337.863
               1.0129708                       15315.216
               1.0148966                       16252.987
               1.0168224                       17148.811
               1.0187482                       18000.514
                1.020674                       18806.063
               1.0225998                       19563.416
               1.0245256                       19563.416
               1.0264514                       20270.617
               1.0283772                       20925.977
                1.030303                       21527.857
               1.0322288                       22074.641
               1.0341546                       22564.961
               1.0360804                       22997.639
               1.0380062                       23371.465
                1.039932                       23685.381
               1.0418578                       23938.549
               1.0437836                        24130.26
               1.0457094                       24259.988
               1.0476352                       24327.283
                1.049561                       24331.742
               1.0514868                       24273.229
               1.0534126                       24151.869
               1.0553384                       23967.813
               1.0572642                       23721.289
                 1.05919                       23412.725
               1.0611158                       23042.771
               1.0630416                       22612.254
               1.0649674                       22122.043
               1.0668932                       21573.129
                1.068819                       20966.756
               1.0707448                       20304.322
               1.0726706                       19587.295
               1.0745964                       18817.314
               1.0765222                       17996.186
                1.078448                       17125.797
               1.0803738                       16208.218
               1.0822996                       15245.659
               1.0842254                       14240.384
               1.0861512                       13194.807
                1.088077                       12111.569
               1.0900028                       10993.338
               1.0919286                       9842.8096
               1.0938544                        8662.873
               1.0957802                       7456.5371
                1.097706                       6226.8389
               1.0996318                       4976.9102
               1.1015576                       3709.9912
               1.1034834                        2429.365
               1.1054092                       1138.3875
                1.107335                      -159.53992
               1.1092608                      -1461.0236
               1.1111866                       -2762.593
               1.1131124                      -4060.6489
               1.1150382                      -5351.6587
                1.116964                      -6632.2158
               1.1188898                       -7898.793
               1.1208156                      -9147.7793
               1.1227414                      -10375.699
               1.1246672                      -11579.136
                1.126593                      -12754.633
               1.1285188                      -13898.807
               1.1304446                      -15008.378
               1.1323704                      -16080.143
               1.1342962                       -17110.91
                1.136222                      -18097.568
               1.1381478                      -19037.215
               1.1400736                      -19927.031
               1.1419994                      -20764.234
               1.1439252                      -21546.242
                1.145851                      -22270.648
               1.1477768                      -22935.105
               1.1497026                      -23537.391
               1.1516284                      -24075.592
               1.1535542                      -24547.994
                 1.15548                      -24952.881
               1.1574058                      -25288.695
               1.1593316                      -25554.311
               1.1612574                       -25748.74
               1.1631832                      -25871.037
                1.165109                      -25920.572
               1.1670348                      -25896.932
               1.1689606                      -25799.838
               1.1708864                      -25629.389
               1.1728122                      -25385.891
                1.174738                      -25069.654
               1.1766638                      -24681.281
               1.1785896                      -24221.771
               1.1805154                      -23692.266
               1.1824412                          -23094
                1.184367                       -22428.57
               1.1862928                      -21697.732
               1.1882186                       -20903.34
               1.1901444                      -20047.596
               1.1920702                      -19132.912
                1.193996                      -18161.787
               1.1959218                      -17136.955
               1.1978476                       -16061.26
               1.1997734                      -14937.728
               1.2016992                      -13769.677
                1.203625                      -12560.454
               1.2055508                      -11313.499
               1.2074766                      -10032.454
               1.2094024                      -8721.0264
               1.2113282                      -7383.0547
                1.213254                      -6022.5264
               1.2151798                       -4643.418
               1.2171056                      -3249.7412
               1.2190314                      -1845.6481
               1.2209572                      -435.32977
                1.222883                        977.0849
               1.2248088                       2387.4404
               1.2267346                       3791.4844
               1.2286604                       5185.0161
               1.2305862                       6563.9575
                1.232512                       7924.2266
               1.2344378                       9261.7236
               1.2363636                       10572.461
               1.2382894                       11852.601
               1.2402152                       13098.391
                1.242141                       14306.104
               1.2440668                       15472.083
               1.2459926                       16592.912
               1.2479184                       17665.406
               1.2498442                       18686.391
                 1.25177                       19652.836
               1.2536958                       20561.943
               1.2556216                       21411.027
               1.2575474                       22197.643
               1.2594732                        22919.67
                1.261399                       23575.051
               1.2633248                       24161.805
               1.2652506                       24678.318
               1.2671764                       25123.293
               1.2691022                       25495.541
                1.271028                       25794.008
               1.2729538                       26017.975
               1.2748796                       26166.992
               1.2768054                       26240.777
               1.2787312                       26239.242
                1.280657                       26162.598
               1.2825828                       26011.271
               1.2845086                       25785.846
               1.2864344                        25487.16
               1.2883602                       25116.328
                1.290286                       24674.695
               1.2922118                        24163.73
               1.2941376                       23585.014
               1.2960634                       22940.451
               1.2979892                       22232.291
                1.299915                       21462.725
               1.3018408                       20634.074
               1.3037666                        19748.99
               1.3056924                       18810.289
               1.3076182                       17820.863
                1.309544                       16783.691
               1.3114698                       15701.881
               1.3133956                       14578.773
               1.3153214                       13417.784
               1.3172472                       12222.314
                1.319173                       10995.916
               1.3210988                       9742.2305
               1.3230246                       8464.9033
               1.3249504                       7167.6216
               1.3268762                       5854.1445
                1.328802                       4528.3066
               1.3307278                       3193.9045
               1.3326536                       1854.6445
               1.3345794                       514.26367
               1.3365052                      -823.45135
                1.338431                      -2154.7241
               1.3403568                      -3475.8782
               1.3422826                       -4783.395
               1.3442084                        -6073.75
               1.3461342                      -7343.3745
                 1.34806                       -8588.874
               1.3499858                      -9807.0215
               1.3519116                      -10994.593
               1.3538374                      -12148.462
               1.3557632                      -13265.726
                1.357689                       -14343.53
               1.3596148                      -15379.063
               1.3615406                      -16369.777
               1.3634664                      -17313.309
               1.3653922                      -18207.295
                1.367318                       -19049.58
               1.3692438                      -19838.234
               1.3711696                      -20571.365
               1.3730954                      -21247.268
               1.3750212                      -21864.496
                1.376947                      -22421.703
               1.3788728                      -22917.646
               1.3807986                      -23351.322
               1.3827244                      -23721.938
               1.3846502                      -24028.773
                1.386576                      -24271.273
               1.3885018                      -24449.139
               1.3904276                      -24562.217
               1.3923534                      -24610.451
               1.3942792                      -24593.938
                1.396205                      -24513.002
               1.3981308                       -24368.15
               1.4000566                      -24159.984
               1.4019824                      -23889.223
               1.4039082                      -23556.793
                1.405834                      -23163.732
               1.4077598                      -22711.246
               1.4096856                      -22200.725
               1.4116114                      -21633.588
               1.4135372                      -21011.383
                1.415463                      -20335.852
               1.4173888                      -19608.814
               1.4193146                      -18832.264
               1.4212404                      -18008.285
               1.4231662                      -17138.949
                1.425092                      -16226.484
               1.4270178                      -15273.315
               1.4289436                      -14281.887
               1.4308694                      -13254.726
               1.4327952                        -12194.4
                1.434721                        -12194.4
               1.4366468                      -11103.521
               1.4385726                      -9984.8838
               1.4404984                      -8841.3516
               1.4424242                      -7675.6924
                 1.44435                      -6490.7266
               1.4462758                      -5289.4629
               1.4482016                      -4074.9944
               1.4501274                      -2850.2544
               1.4520532                       -1618.104
                1.453979                      -381.65955
               1.4559048                       855.85205
               1.4578306                       2091.4492
               1.4597564                       3322.1992
               1.4616822                       4544.9766
                1.463608                       5756.6582
               1.4655338                       6954.3018
               1.4674596                       8135.0103
               1.4693854                       9295.7383
               1.4713112                       10433.474
                1.473237                       11545.448
               1.4751628                       12628.908
               1.4770886                       13681.002
               1.4790144                       14699.047
               1.4809402                       15680.481
                1.482866                       16622.711
               1.4847918                       17523.246
               1.4867176                       18379.756
               1.4886434                       19189.992
               1.4905692                       19951.779
                1.492495                       20663.035
               1.4944208                       21321.797
               1.4963466                       21926.229
               1.4982724                       22474.609
               1.5001982                       22965.402
                1.502124                       23397.207
               1.5040498                       23768.611
               1.5059756                         24078.4
               1.5079014                       24325.697
               1.5098272                       24509.643
                1.511753                       24629.377
               1.5136788                       24684.371
               1.5156046                       24674.326
               1.5175304                       24598.947
               1.5194562                       24458.123
                1.521382                       24252.002
               1.5233078                       23980.813
               1.5252336                        23644.98
               1.5271594                       23245.152
               1.5290852                       22782.066
                1.531011                       22256.617
               1.5329368                       21669.988
               1.5348626                       21023.512
               1.5367884                       20318.514
               1.5387142                       19556.576
                 1.54064                       18739.576
               1.5425658                        17869.49
               1.5444916                       16948.338
               1.5464174                       15978.328
               1.5483432                       14961.872
                1.550269                       13901.557
               1.5521948                        12800.06
               1.5541206                       11660.145
               1.5560464                       10484.731
               1.5579722                       9276.9102
                1.559898                       8039.8633
               1.5618238                       6776.8589
               1.5637496                        5491.249
               1.5656754                       4186.4697
               1.5676012                       2866.0762
                1.569527                        1533.689
               1.5714528                        192.9418
               1.5733786                      -1152.4298
               1.5753044                      -2498.6028
               1.5772302                      -3841.8467
                1.579156                      -5178.4609
               1.5810818                      -6504.5522
               1.5830076                      -7816.1777
               1.5849334                      -9109.6396
               1.5868592                      -10381.343
                1.588785                      -11627.478
               1.5907108                      -12844.186
               1.5926366                      -14027.935
               1.5945624                      -15175.354
               1.5964882                      -16282.928
                1.598414                      -17347.162
               1.6003398                      -18364.885
               1.6022656                      -19333.117
               1.6041914                      -20248.789
               1.6061172                      -21108.889
                1.608043                      -21910.824
               1.6099688                      -22652.215
               1.6118946                       -23330.57
               1.6138204                      -23943.574
               1.6157462                      -24489.359
                1.617672                      -24966.227
               1.6195978                      -25372.457
               1.6215236                      -25706.584
               1.6234494                      -25967.521
               1.6253752                      -26154.367
                1.627301                       -26266.32
               1.6292268                      -26302.869
               1.6311526                       -26263.76
               1.6330784                       -26148.93
               1.6350042                      -25958.576
                 1.63693                      -25693.145
               1.6388558                      -25353.303
               1.6407816                      -24939.918
               1.6427074                      -24454.043
               1.6446332                       -23897.08
                1.646559                       -23270.67
               1.6484848                      -22576.508
               1.6504106                      -21816.527
               1.6523364                      -20993.027
               1.6542622                      -20108.473
                1.656188                      -19165.363
               1.6581138                       -18166.42
               1.6600396                      -17114.678
               1.6619654                      -16013.265
               1.6638912                      -14865.423
                1.665817                      -13674.571
               1.6677428                      -12444.201
               1.6696686                      -11177.994
               1.6715944                      -9879.8262
               1.6735202                      -8553.5254
                1.675446                      -7202.9521
               1.6773718                      -5832.1782
               1.6792976                      -4445.3628
               1.6812234                      -3046.5889
               1.6831492                      -1639.9716
                1.685075                      -229.70929
               1.6870008                       1180.0181
               1.6889266                       2585.0378
               1.6908524                       3981.1816
               1.6927782                       5364.3711
                1.694704                       6730.5522
               1.6966298                       8075.6948
               1.6985556                       9395.9365
               1.7004814                        10687.46
               1.7024072                       11946.425
                1.704333                       13169.213
               1.7062588                       14352.412
               1.7081846                       15492.615
               1.7101104                       16586.574
               1.7120362                       17631.223
                1.713962                       18623.609
               1.7158878                       19560.998
               1.7178136                       20440.875
               1.7197394                       21260.797
               1.7216652                       22018.498
                1.723591                       22712.029
               1.7255168                       23339.656
               1.7274426                       23899.711
               1.7293684                       24390.766
               1.7312942                       24811.668
                 1.73322                       25161.416
               1.7351458                       25439.271
               1.7370716                       25644.785
               1.7389974                       25777.572
               1.7409232                        25837.42
                1.742849                       25824.498
               1.7447748                       25739.215
               1.7467006                       25582.041
               1.7486264                       25353.643
               1.7505522                        25055.02
                1.752478                       24687.328
               1.7544038                       24251.842
               1.7563296                       23750.098
               1.7582554                       23183.762
               1.7601812                       22554.695
                1.762107                       21865.025
               1.7640328                       21116.895
               1.7659586                       20312.596
               1.7678844                       19454.695
               1.7698102                       18545.803
                1.771736                       17588.625
               1.7736618                       16586.072
               1.7755876                       15541.148
               1.7775134                       14456.889
               1.7794392                       13336.451
                1.781365                       12183.086
               1.7832908                       11000.098
               1.7852166                       9790.8447
               1.7871424                        8558.749
               1.7890682                       7307.2886
                1.790994                       6039.9316
               1.7929198                        4760.127
               1.7948456                       3471.3606
               1.7967714                       2177.1895
               1.7986972                       881.16663
                1.800623                      -413.31412
               1.8025488                      -1702.8936
               1.8044746                      -2984.0986
               1.8064004                      -4253.5518
               1.8083262                      -5507.9868
                1.810252                      -6744.1313
               1.8121778                      -7958.8711
               1.8141036                      -9149.1748
               1.8160294                       -10311.95
               1.8179552                      -11444.269
                1.819881                      -12543.415
               1.8218068                      -13606.694
               1.8237326                      -14631.453
               1.8256584                      -15615.219
               1.8275842                       -16555.66
                 1.82951                      -17450.504
               1.8314358                      -18297.641
               1.8333616                      -19095.154
               1.8352874                      -19841.182
               1.8372132                      -20533.939
                1.839139                      -21171.875
               1.8410648                      -21753.645
               1.8429906                      -21753.645
               1.8449164                      -22277.957
               1.8468422                      -22743.576
                1.848768                      -23149.533
               1.8506938                      -23495.037
               1.8526196                      -23779.322
               1.8545454                      -24001.867
               1.8564712                      -24162.326
                1.858397                      -24260.309
               1.8603228                      -24295.691
               1.8622486                      -24268.633
               1.8641744                      -24179.266
               1.8661002                      -24027.855
                1.868026                      -23814.926
               1.8699518                      -23541.047
               1.8718776                      -23206.918
               1.8738034                      -22813.447
               1.8757292                      -22361.688
                1.877655                      -21852.771
               1.8795808                      -21287.943
               1.8815066                      -20668.584
               1.8834324                      -19996.252
               1.8853582                      -19272.604
                1.887284                      -18499.396
               1.8892098                      -17678.508
               1.8911356                       -16811.92
               1.8930614                      -15901.739
               1.8949872                      -14950.182
                1.896913                      -13959.537
               1.8988388                      -12932.206
               1.9007646                      -11870.698
               1.9026904                      -10777.585
               1.9046162                      -9655.5107
                1.906542                      -8507.1885
               1.9084678                      -7335.4297
               1.9103936                      -6143.1489
               1.9123194                      -4933.2949
               1.9142452                      -3708.8076
                1.916171                      -2472.6782
               1.9180968                      -1228.0055
               1.9200226                       22.054073
               1.9219484                       1274.3574
               1.9238742                       2525.7764
                  1.9258                       3773.1636
               1.9277258                       5013.3066
               1.9296516                       6242.9917
               1.9315774                       7459.0776
               1.9335032                        8658.416
                1.935429                       9837.8486
               1.9373548                       10994.256
               1.9392806                       12124.556
               1.9412064                       13225.752
               1.9431322                       14294.892
                1.945058                       15329.012
               1.9469838                       16325.271
               1.9489096                       17280.959
               1.9508354                       18193.377
               1.9527612                       19059.932
                1.954687                       19878.143
               1.9566128                       20645.592
               1.9585386                       21360.033
               1.9604644                         22019.4
               1.9623902                       22621.688
                1.964316                        23164.91
               1.9662418                       23647.348
               1.9681676                       24067.561
               1.9700934                       24424.068
               1.9720192                       24715.471
                1.973945                       24940.789
               1.9758708                       25099.199
               1.9777966                       25189.805
               1.9797224                       25211.998
               1.9816482                       25165.521
                1.983574                       25050.188
               1.9854998                       24865.873
               1.9874256                        24612.75
               1.9893514                       24291.271
               1.9912772                       23902.021
                1.993203                       23445.697
               1.9951288                       22923.234
               1.9970546                       22335.803
               1.9989804                        21684.77
               2.0009062                       20971.676
                2.002832                       20198.184
               2.0047578                       19366.186
               2.0066836                        18477.82
               2.0086094                        17535.33
               2.0105352                       16541.053
                2.012461                       15497.632
               2.0143868                       14407.938
               2.0163126                       13274.801
               2.0182384                       12101.124
               2.0201642                       10890.187
                 2.02209                       9645.4375
               2.0240158                       8370.2305
               2.0259416                       7068.0151
               2.0278674                       5742.4707
               2.0297932                       4397.3887
                2.031719                        3036.593
               2.0336448                       1663.9323
               2.0355706                       283.32993
               2.0374964                      -1101.2241
               2.0394222                      -2485.7175
                2.041348                      -3866.0918
               2.0432738                      -5238.3203
               2.0451996                      -6598.4058
               2.0471254                      -7942.2964
               2.0490512                       -9265.999
                2.050977                      -10565.595
               2.0529028                      -11837.179
               2.0548286                      -13076.977
               2.0567544                      -14281.278
               2.0586802                      -15446.386
                2.060606                      -16568.781
               2.0625318                      -17645.105
               2.0644576                      -18672.039
               2.0663834                      -19646.455
               2.0683092                      -20565.426
                2.070235                      -21426.123
               2.0721608                      -22225.838
               2.0740866                      -22962.092
               2.0760124                      -23632.695
               2.0779382                      -24235.639
                2.079864                      -24768.977
               2.0817898                      -25230.943
               2.0837156                      -25620.203
               2.0856414                      -25935.631
               2.0875672                       -26176.17
                2.089493                      -26341.049
               2.0914188                      -26429.771
               2.0933446                          -26442
               2.0952704                      -26377.719
               2.0971962                      -26237.207
                2.099122                      -26020.838
               2.1010478                      -25729.211
               2.1029736                      -25363.258
               2.1048994                      -24924.115
               2.1068252                      -24413.131
                2.108751                      -23831.852
               2.1106768                      -23182.064
               2.1126026                      -22465.785
               2.1145284                      -21685.221
               2.1164542                      -20842.742
                 2.11838                      -19940.895
               2.1203058                      -18982.408
               2.1222316                      -17970.262
               2.1241574                      -16907.547
               2.1260832                       -15797.43
                2.128009                      -14643.276
               2.1299348                      -13448.651
               2.1318606                      -12217.081
               2.1337864                      -10952.185
               2.1357122                       -9657.833
                2.137638                      -8337.9805
               2.1395638                      -6996.4819
               2.1414896                       -5637.271
               2.1434154                      -4264.3896
               2.1453412                      -2881.8838
                2.147267                      -1493.8278
               2.1491928                      -104.28973
               2.1511186                       1282.7092
               2.1530444                       2663.1436
               2.1549702                       4033.0491
                2.156896                       5388.5249
               2.1588218                        6725.644
               2.1607476                       8040.5903
               2.1626734                       9329.7139
               2.1645992                       10589.404
                2.166525                       11816.125
               2.1684508                        13006.47
               2.1703766                       14157.156
               2.1723024                        15265.09
               2.1742282                       16327.307
                2.176154                       17340.904
               2.1780798                       18303.188
               2.1800056                       19211.684
               2.1819314                       20064.016
               2.1838572                       20857.998
                2.185783                       21591.676
               2.1877088                       22263.225
               2.1896346                       22871.004
               2.1915604                       23413.619
               2.1934862                       23889.865
                2.195412                       24298.668
               2.1973378                       24639.156
               2.1992636                       24910.742
               2.2011894                       25113.021
               2.2031152                       25245.703
                2.205041                       25308.689
               2.2069668                       25302.178
               2.2088926                        25226.57
               2.2108184                       25082.408
               2.2127442                        24870.32
                 2.21467                       24591.166
               2.2165958                       24246.088
               2.2185216                       23836.365
               2.2204474                       23363.404
               2.2223732                       22828.746
                2.224299                       22234.111
               2.2262248                       21581.434
               2.2281506                       20872.732
               2.2300764                       20110.082
               2.2320022                       19295.809
                2.233928                       18432.412
               2.2358538                       17522.334
               2.2377796                       16568.121
               2.2397054                       15572.571
               2.2416312                       14538.533
                2.243557                       13468.812
               2.2454828                       12366.358
               2.2474086                       11234.233
               2.2493344                       10075.508
               2.2512602                       8893.2969
                2.253186                       8893.2969
               2.2551118                       7690.7114
               2.2570376                       6470.9478
               2.2589634                       5237.3042
               2.2608892                       3992.9253
                2.262815                         2740.95
               2.2647408                       1484.7285
               2.2666666                       227.50557
               2.2685924                       -1027.646
               2.2705182                      -2277.5532
                2.272444                      -3519.0029
               2.2743698                      -4748.9009
               2.2762956                      -5964.2183
               2.2782214                      -7161.9546
               2.2801472                      -8339.1699
                2.282073                      -9492.9727
               2.2839988                      -10620.519
               2.2859246                      -11719.067
               2.2878504                      -12785.998
               2.2897762                      -13818.748
                2.291702                      -14814.796
               2.2936278                      -15771.694
               2.2955536                      -16687.176
               2.2974794                      -17559.139
               2.2994052                      -18385.457
                2.301331                      -19164.049
               2.3032568                        -19893.1
               2.3051826                      -20570.906
               2.3071084                      -21195.811
               2.3090342                      -21766.285
                 2.31096                      -22280.943
               2.3128858                      -22738.547
               2.3148116                       -23138.01
               2.3167374                      -23478.252
               2.3186632                      -23758.383
                2.320589                      -23977.811
               2.3225148                      -24135.936
               2.3244406                      -24232.186
               2.3263664                      -24266.293
               2.3282922                       -24238.18
                2.330218                      -24147.783
               2.3321438                      -23995.207
               2.3340696                      -23780.709
               2.3359954                      -23504.666
               2.3379212                      -23167.674
                2.339847                      -22770.496
               2.3417728                      -22313.957
               2.3436986                          -21799
               2.3456244                      -21226.707
               2.3475502                      -20598.359
                2.349476                      -19915.459
               2.3514018                       -19179.58
               2.3533276                      -18392.365
               2.3552534                      -17555.592
               2.3571792                      -16671.195
                2.359105                      -15741.284
               2.3610308                      -14768.142
               2.3629566                      -13754.075
               2.3648824                      -12701.477
               2.3668082                      -11612.899
                2.368734                      -10490.996
               2.3706598                      -9338.5762
               2.3725856                      -8158.5405
               2.3745114                      -6953.7656
               2.3764372                      -5727.2769
                2.378363                      -4482.2729
               2.3802888                       -3221.895
               2.3822146                      -1949.3217
               2.3841404                      -667.92963
               2.3860662                       618.88129
                2.387992                       1907.8127
               2.3899178                       3195.4834
               2.3918436                       4478.3569
               2.3937694                       5752.9575
               2.3956952                       7015.9126
                2.397621                       8263.7891
               2.3995468                       9493.1113
               2.4014726                        10700.44
               2.4033984                       11882.413
               2.4053242                       13035.762
                 2.40725                       14157.189
               2.4091758                       15243.402
               2.4111016                       16291.311
               2.4130274                       17297.949
               2.4149532                       18260.314
                2.416879                       19175.471
               2.4188048                       20040.676
               2.4207306                       20853.408
               2.4226564                       21611.143
               2.4245822                       22311.447
                2.426508                       22952.213
               2.4284338                       23531.391
               2.4303596                       24046.922
               2.4322854                       24497.145
               2.4342112                       24880.684
                2.436137                       25196.066
               2.4380628                           25442
               2.4399886                       25617.561
               2.4419144                       25722.031
               2.4438402                       25754.775
                2.445766                       25715.357
               2.4476918                        25603.65
               2.4496176                       25419.703
               2.4515434                       25163.715
               2.4534692                       24836.131
                2.455395                       24437.664
               2.4573208                       23969.199
               2.4592466                        23431.76
               2.4611724                       22826.656
               2.4630982                       22155.469
                2.465024                       21419.898
               2.4669498                       20621.785
               2.4688756                       19763.229
               2.4708014                       18846.594
               2.4727272                       17874.393
                2.474653                       16849.184
               2.4765788                       15773.803
               2.4785046                       14651.363
               2.4804304                       13484.936
               2.4823562                       12277.734
                2.484282                       11033.303
               2.4862078                       9755.2119
               2.4881336                       8447.0459
               2.4900594                       7112.5762
               2.4919852                       5755.7295
                2.493911                       4380.4902
               2.4958368                        2990.824
               2.4977626                       1590.7396
               2.4996884                       184.43262
               2.5016142                      -1223.8967
                 2.50354                      -2630.1628
               2.5054658                      -4030.2227
               2.5073916                      -5419.8564
               2.5093174                      -6794.9292
               2.5112432                       -8151.397
                2.513169                      -9485.1953
               2.5150948                      -10792.293
               2.5170206                      -12068.801
               2.5189464                      -13310.929
               2.5208722                      -14514.946
                2.522798                      -15677.279
               2.5247238                      -16794.457
               2.5266496                      -17863.074
               2.5285754                      -18879.959
               2.5305012                      -19842.197
                2.532427                       -20746.91
               2.5343528                      -21591.307
               2.5362786                        -22372.9
               2.5382044                      -23089.504
               2.5401302                      -23739.061
                2.542056                      -24319.598
               2.5439818                      -24829.414
               2.5459076                      -25267.121
               2.5478334                      -25631.535
               2.5497592                      -25921.668
                2.551685                      -26136.768
               2.5536108                      -26276.232
               2.5555366                      -26339.768
               2.5574624                      -26327.424
               2.5593882                      -26239.373
                2.561314                      -26075.918
               2.5632398                      -25837.754
               2.5651656                      -25525.832
               2.5670914                      -25141.141
               2.5690172                      -24684.938
                2.570943                      -24158.877
               2.5728688                      -23564.697
               2.5747946                      -22904.217
               2.5767204                      -22179.574
               2.5786462                      -21393.113
                2.580572                      -20547.305
               2.5824978                      -19644.824
               2.5844236                      -18688.488
               2.5863494                      -17681.193
               2.5882752                      -16626.043
                2.590201                      -15526.312
               2.5921268                      -14385.281
               2.5940526                      -13206.371
               2.5959784                      -11993.198
               2.5979042                      -10749.373
                 2.59983                      -9478.5107
               2.6017558                      -8184.3662
               2.6036816                      -6870.7451
               2.6056074                      -5541.4546
               2.6075332                      -4200.3628
                2.609459                      -2851.3184
               2.6113848                      -1498.1384
               2.6133106                      -144.70534
               2.6152364                       1205.1447
               2.6171622                       2547.7253
                2.619088                       3879.3164
               2.6210138                       5196.1284
               2.6229396                       6494.5317
               2.6248654                        7771.105
               2.6267912                       9022.4277
                2.628717                       10245.052
               2.6306428                       11435.723
               2.6325686                       12591.381
               2.6344944                       13708.988
               2.6364202                       14785.624
                2.638346                       15818.555
               2.6402718                       16805.172
               2.6421976                       17743.012
               2.6441234                       18629.758
               2.6460492                       19463.234
                2.647975                       20241.434
               2.6499008                       20962.484
               2.6518266                       21624.771
               2.6537524                       22226.887
               2.6556782                       22767.371
                2.657604                       23244.965
               2.6595298                       23658.838
               2.6614556                       23658.838
               2.6633814                       24008.256
               2.6653072                       24292.475
                2.667233                        24511.01
               2.6691588                       24663.645
               2.6710846                        24750.26
               2.6730104                       24770.893
               2.6749362                       24725.799
                2.676862                       24615.408
               2.6787878                       24440.238
               2.6807136                       24201.006
               2.6826394                       23898.621
               2.6845652                       23534.123
                2.686491                       23108.688
               2.6884168                       22623.656
               2.6903426                       22080.486
               2.6922684                       21480.762
               2.6941942                       20826.254
                 2.69612                       20118.863
               2.6980458                       19360.502
               2.6999716                       18553.236
               2.7018974                       17699.346
               2.7038232                       16801.154
                2.705749                       15860.977
               2.7076748                       14881.298
               2.7096006                       13864.748
               2.7115264                       12813.941
               2.7134522                       11731.567
                2.715378                        10620.47
               2.7173038                       9483.4932
               2.7192296                       8323.4326
               2.7211554                       7143.2026
               2.7230812                       5945.8726
                2.725007                       4734.4424
               2.7269328                       3511.8569
               2.7288586                        2281.176
               2.7307844                       1045.4679
               2.7327102                         -192.23
                2.734636                      -1428.8136
               2.7365618                      -2661.2495
               2.7384876                      -3886.5632
               2.7404134                      -5101.6909
               2.7423392                      -6303.6313
                2.744265                      -7489.4668
               2.7461908                      -8656.2197
               2.7481166                      -9801.0088
               2.7500424                      -10921.089
               2.7519682                       -12013.66
                2.753894                      -13075.915
               2.7558198                      -14105.252
               2.7577456                      -15099.147
               2.7596714                      -16055.051
               2.7615972                      -16970.545
                2.763523                      -17843.326
               2.7654488                      -18671.096
               2.7673746                      -19451.732
               2.7693004                       -20183.24
               2.7712262                      -20863.664
                2.773152                      -21491.188
               2.7750778                      -22064.107
               2.7770036                      -22580.803
               2.7789294                      -23039.854
               2.7808552                      -23439.963
                2.782781                      -23779.916
               2.7847068                      -24058.645
               2.7866326                      -24275.232
               2.7885584                      -24428.982
               2.7904842                      -24519.268
                 2.79241                       -24545.51
               2.7943358                      -24507.479
               2.7962616                      -24405.133
               2.7981874                      -24238.352
               2.8001132                      -24007.256
                2.802039                      -23712.297
               2.8039648                      -23353.971
               2.8058906                      -22932.869
               2.8078164                      -22449.771
               2.8097422                      -21905.736
                2.811668                      -21302.006
               2.8135938                      -20639.838
               2.8155196                      -19920.584
               2.8174454                      -19145.938
               2.8193712                      -18317.838
                2.821297                      -17438.178
               2.8232228                      -16508.889
               2.8251486                      -15532.345
               2.8270744                      -14511.059
               2.8290002                       -13447.41
                2.830926                      -12344.023
               2.8328518                      -11203.822
               2.8347776                      -10029.708
               2.8367034                      -8824.6348
               2.8386292                       -7591.749
                2.840555                      -6334.3496
               2.8424808                      -5055.7559
               2.8444066                      -3759.2861
               2.8463324                      -2448.4597
               2.8482582                      -1126.9443
                2.850184                         201.686
               2.8521098                       1533.9104
               2.8540356                       2866.0503
               2.8559614                       4194.2495
               2.8578872                       5514.7524
                2.859813                        6823.957
               2.8617388                       8118.1563
               2.8636646                       9393.5791
               2.8655904                       10646.525
               2.8675162                       11873.353
                2.869442                       13070.544
               2.8713678                       14234.615
               2.8732936                       15362.044
               2.8752194                       16449.467
               2.8771452                       17493.688
                2.879071                       18491.506
               2.8809968                       19439.848
               2.8829226                       20335.875
               2.8848484                       21176.846
               2.8867742                       21960.064
                  2.8887                       22683.039
               2.8906258                       23343.514
               2.8925516                       23939.422
               2.8944774                       24468.785
               2.8964032                       24929.781
                2.898329                       25320.871
               2.9002548                        25640.74
               2.9021806                       25888.176
               2.9041064                        26062.25
               2.9060322                       26162.324
                2.907958                       26187.842
               2.9098838                       26138.438
               2.9118096                       26014.102
               2.9137354                       25815.078
               2.9156612                       25541.721
                2.917587                       25194.596
               2.9195128                       24774.609
               2.9214386                       24282.863
               2.9233644                       23720.582
               2.9252902                        23089.26
                2.927216                       22390.697
               2.9291418                       21626.871
               2.9310676                       20799.877
               2.9329934                       19911.992
               2.9349192                       18965.791
                2.936845                       17964.055
               2.9387708                       16909.654
               2.9406966                       15805.591
               2.9426224                       14655.132
               2.9445482                       13461.703
                2.946474                       12228.751
               2.9483998                       10959.868
               2.9503256                       9658.8555
               2.9522514                       8329.6006
               2.9541772                       6976.0142
                2.956103                       5602.0854
               2.9580288                       4211.9277
               2.9599546                       2809.6772
               2.9618804                       1399.4708
               2.9638062                      -14.461087
                2.965732                      -1427.8906
               2.9676578                      -2836.6475
               2.9695836                      -4236.5288
               2.9715094                      -5623.3823
               2.9734352                      -6993.1338
                2.975361                      -8341.6885
               2.9772868                      -9665.0566
               2.9792126                      -10959.394
               2.9811384                      -12220.854
               2.9830642                      -13445.691
                 2.98499                      -14630.415
               2.9869158                      -15771.631
               2.9888416                      -16865.963
               2.9907674                      -17910.244
               2.9926932                      -18901.543
                2.994619                      -19837.055
               2.9965448                      -20714.133
               2.9984706                       -21530.32

