        Time / ns                e-field (t=0..end(0.00192)) (pb)_Z_0D_9/real
----------------------------------------------------------------------
                       0                               0
               0.0019258                               0
               0.0038516                               0
               0.0057774                               0
               0.0077032                               0
                0.009629                               0
               0.0115548                               0
               0.0134806                               0
               0.0154064                               0
               0.0173322                               0
                0.019258                               0
               0.0211838                               0
               0.0231096                               0
               0.0250354                               0
               0.0269612                               0
                0.028887                               0
               0.0308128                               0
               0.0327386                  -2.5670305e-20
               0.0346644                   1.8682317e-19
               0.0365902                    1.741216e-18
                0.038516                  -5.7487361e-18
               0.0404418                  -1.6143783e-17
               0.0423676                  -4.5271023e-17
               0.0442934                   2.3913477e-17
               0.0462192                  -2.2270413e-16
                0.048145                  -2.4386117e-30
               0.0500708                   4.2058227e-16
               0.0519966                  -9.9303979e-17
               0.0539224                   7.3405225e-30
               0.0558482                   4.2058227e-16
                0.057774                   4.2058227e-16
               0.0596998                   8.4116454e-16
               0.0616256                   8.1779819e-16
               0.0635514                  -2.0561795e-15
               0.0654772                  -3.2711927e-15
                0.067403                    2.079543e-15
               0.0693288                   3.2711927e-15
               0.0712546                  -3.2711927e-15
               0.0731804                  -1.5888637e-15
               0.0751062                  -4.1590859e-15
                0.077032                   1.4953892e-15
               0.0789578                  -1.3084771e-14
               0.0808836                  -3.1777273e-15
               0.0828094                    2.616954e-14
               0.0847352                  -1.6636344e-14
                0.086661                  -3.9628176e-14
               0.0885868                  -1.2710909e-14
               0.0905126                   5.2339084e-14
               0.0924384                   7.9256351e-14
               0.0943642                    2.691722e-14
                 0.09629                   5.3834531e-14
               0.0982158                  -1.0467817e-13
               0.1001416                  -5.9717343e-28
               0.1020674                   5.0843637e-14
               0.1039932                   1.0168727e-13
                0.105919                   2.1533812e-13
               0.1078448                  -2.0337416e-13
               0.1097706                  -4.1871267e-13
               0.1116964                   1.1791599e-27
               0.1136222                  -4.0674831e-13
                0.115548                  -2.7248392e-27
               0.1174738                  -1.0527639e-12
               0.1193996                  -1.4124655e-26
               0.1213254                  -2.1294542e-12
               0.1232512                  -1.6748507e-12
                0.125177                   -1.722705e-12
               0.1271028                  -4.2110555e-12
               0.1290286                   4.2110551e-12
               0.1309544                   6.6994028e-12
               0.1328802                  -5.2638232e-12
                0.134806                  -6.6994028e-12
               0.1367318                   1.5312781e-12
               0.1386576                  -3.8283439e-13
               0.1405834                   6.8953136e-26
               0.1425092                   7.6449108e-26
                0.144435                  -1.7035614e-11
               0.1463608                  -6.5079856e-12
               0.1482866                    2.756328e-11
               0.1502124                   4.0579252e-11
               0.1521382                   1.3015971e-11
                0.154064                  -2.7563233e-11
               0.1559898                  -5.1321723e-25
               0.1579156                  -6.7312485e-25
               0.1598414                   1.0858724e-24
               0.1617672                   1.1025312e-10
                0.163693                   5.9615382e-25
               0.1656188                  -5.8189231e-11
               0.1675446                  -1.2627896e-24
               0.1694704                  -2.6950753e-10
               0.1713962                  -1.1637846e-10
                0.173322                   2.3275692e-10
               0.1752478                   2.0825554e-10
               0.1771736                   4.1651027e-10
               0.1790994                  -1.9600366e-10
               0.1810252                   6.6527267e-24
                0.182951                   1.7150471e-09
               0.1848768                   6.1729036e-24
               0.1868026                  -1.7150471e-09
               0.1887284                  -2.5970721e-09
               0.1906542                  -1.7150471e-09
                 0.19258                  -1.8772796e-23
               0.1945058                   8.3302215e-10
               0.1964316                   1.6660443e-09
               0.1983574                  -3.4300942e-09
               0.2002832                  -6.8601884e-09
                0.202209                   6.8601884e-09
               0.2041348                  -3.5403399e-23
               0.2060606                  -3.5403399e-23
               0.2079864                  -8.7222354e-09
               0.2099122                  -1.0388288e-08
                0.211838                    2.983921e-23
               0.2137638                   1.4369466e-22
               0.2156896                  -1.2495193e-22
               0.2176154                   6.6641772e-09
               0.2195412                   2.3068527e-22
                0.221467                   2.7440754e-08
               0.2233928                   4.1553154e-08
               0.2253186                   -1.999247e-08
               0.2272444                  -5.4881504e-08
               0.2291702                  -5.4881507e-08
                0.231096                   8.3106308e-08
               0.2330218                   2.6656709e-08
               0.2349476                   3.1361793e-09
               0.2368734                  -5.9585773e-08
               0.2387992                   5.3313418e-08
                0.240725                   1.1289919e-07
               0.2426508                   2.1952603e-07
               0.2445766                   -1.693487e-07
               0.2465024                  -2.7911153e-07
               0.2484282                   2.1325326e-07
                0.250354                   4.3905203e-07
               0.2522798                   4.3905206e-07
               0.2542056                   4.2650652e-07
               0.2561314                   4.3905206e-07
               0.2580572                  -2.1325367e-07
                0.259983                   2.1325367e-07
               0.2619088                  -2.5089435e-08
               0.2638346                  -1.3297009e-06
               0.2657604                  -4.6868591e-21
               0.2676862                   1.7562082e-06
                0.269612                  -9.0319355e-07
               0.2715378                   9.3953622e-21
               0.2734636                  -1.0090402e-20
               0.2753894                  -2.2328923e-06
               0.2773152                  -8.5301468e-07
                0.279241                   1.8063871e-06
               0.2811668                   1.7060294e-06
               0.2830926                  -1.9067447e-06
               0.2850184                   1.7060294e-06
               0.2869442                  -7.0248329e-06
                 0.28887                  -2.1552653e-20
               0.2907958                   3.4120587e-06
               0.2927216                   1.6056615e-06
               0.2946474                   2.5296947e-11
               0.2965732                   4.7876312e-20
                0.298499                  -1.4049666e-05
               0.3004248                  -1.4049666e-05
               0.3023506                  -2.5341795e-19
               0.3042764                   1.4451097e-05
               0.3062022                   1.6053344e-19
                0.308128                   1.4451097e-05
               0.3100538                   1.4451097e-05
               0.3119796                   3.9632911e-19
               0.3139054                   4.2550429e-05
               0.3158312                   2.8902194e-05
                0.317757                  -3.5726272e-05
               0.3196828                   1.0118779e-10
               0.3216086                   5.7804387e-05
               0.3235344                    2.729647e-05
               0.3254602                  -0.00011239733
                0.327386                  -9.8749071e-05
               0.3293118                   8.5100859e-05
               0.3312376                   0.00011239732
               0.3331634                  -5.4592834e-05
               0.3350892                   -0.0002280059
                0.337015                  -5.7804289e-05
               0.3389408                   6.1015831e-05
               0.3408666                   0.00011560877
               0.3427924                  -0.00011560877
               0.3447182                  -0.00022479465
                0.346644                   0.00011560877
               0.3485698                  -0.00023121755
               0.3504956                   0.00044958931
               0.3524214                   -1.284579e-05
               0.3543472                   9.8319825e-19
                0.356273                   0.00021837134
               0.3581988                   -1.284579e-05
               0.3601246                  -1.9721024e-18
               0.3620504                   0.00021837176
               0.3639762                  -0.00024406333
                0.365902                  -0.00024406333
               0.3678278                   0.00089917856
               0.3697536                  -0.00043674267
               0.3716794                   -0.0015928325
               0.3736052                  -0.00024406216
                0.375531                   0.00020552467
               0.3774568                    -0.001579985
               0.3793826                  -0.00048812665
               0.3813084                    0.0017983572
               0.3832342                   0.00087348704
                 0.38516                   -0.0022351015
               0.3870858                   -0.0017983571
               0.3890116                  -0.00048812432
               0.3909374                  -0.00087348704
               0.3928632                  -0.00043673778
                0.394789                   0.00087348704
               0.3967148                  -2.1150274e-19
               0.3986406                   -0.0035967145
               0.4005664                   -0.0017469706
               0.4024922                    0.0018497404
                0.404418                    0.0018497373
               0.4063438                   -0.0071934289
               0.4082696                   -0.0034939481
               0.4101954                    0.0071934289
               0.4121212                    0.0036994808
                0.414047                   -0.0071934289
               0.4159728                  -1.1490245e-16
               0.4178986                    0.0036994745
               0.4198244                   -0.0071934289
               0.4217502                    -0.014386858
                0.423676                   -0.0071934289
               0.4256018                   -0.0018497567
               0.4275276                   -0.0071934289
               0.4294534                    -0.014386858
               0.4313792                    -0.014386858
                0.433305                    -0.014386858
               0.4352308                    0.0071933898
               0.4371566                  -1.4173116e-16
               0.4390824                    -0.029184781
               0.4410082                     -0.02178582
                0.442934                   -0.0036995134
               0.4448598                   -0.0078100264
               0.4467856                   -0.0041105803
               0.4487114                   -0.0036995134
               0.4506372                    -0.014797923
                0.452563                   -0.0039050719
               0.4544888                     -0.04357164
               0.4564146                    -0.028773714
               0.4583404                    -0.014798002
               0.4602662                    -0.028773716
                0.462192                    -0.028773716
               0.4641178                    -0.058369562
               0.4660436                    -0.072345376
               0.4679694                    -0.014797923
               0.4698952                    -0.058369562
                0.471821                    -0.036172688
               0.4737468                    -0.071934365
               0.4756726                    -0.094131239
               0.4775984                    -0.057547428
               0.4795242                    -0.071523219
                 0.48145                     -0.11509486
               0.4833758                     -0.11509486
               0.4853016                     -0.10029702
               0.4872274                     -0.11509486
               0.4891532                     -0.10029702
                0.491079                      -0.1866181
               0.4930048                     -0.15784435
               0.4949306                     -0.15702231
               0.4968564                      -0.1866181
               0.4987822                     -0.18579599
                0.500708                     -0.27211708
               0.5026338                     -0.27211717
               0.5045596                       -0.286093
               0.5064854                     -0.37241399
               0.5084112                     -0.35843828
                0.510337                     -0.35761634
               0.5122628                     -0.41434133
               0.5141886                     -0.48668683
               0.5161144                      -0.5869838
               0.5180402                     -0.54341209
                0.519966                     -0.54259008
               0.5218918                      -0.8023755
               0.5238176                     -0.77277982
               0.5257434                     -0.71358824
               0.5276692                     -0.94377774
                0.529595                      -1.0605171
               0.5315208                      -1.0588728
               0.5334466                      -1.1147759
               0.5353724                      -1.2594666
               0.5372982                      -1.4896564
                0.539224                      -1.4880121
               0.5411498                      -1.6622986
               0.5430756                      -1.7741048
               0.5450014                      -1.9171513
               0.5469272                      -2.0338905
                0.548853                      -2.2920318
               0.5507788                       -2.433434
               0.5527046                       -2.634028
               0.5546304                      -2.8346214
               0.5565562                      -3.0056198
                0.558482                       -3.322953
               0.5604078                      -3.5219026
               0.5623336                      -3.6929004
               0.5642594                      -4.0381851
               0.5661852                      -4.3522296
                0.568111                      -4.5232272
               0.5700368                      -4.8685117
               0.5719626                      -5.2697001
               0.5738884                      -5.6116962
               0.5758142                      -5.8698368
                 0.57774                      -6.2430735
               0.5796658                      -6.7001648
               0.5815916                       -7.073401
               0.5835174                      -7.3315415
               0.5854432                      -7.8757763
                0.587369                       -8.362463
               0.5892948                      -8.7916021
               0.5912206                      -9.1648378
               0.5931464                      -9.6235733
               0.5950722                      -10.225355
                0.596998                      -10.682446
               0.5989238                      -11.083634
               0.6008496                      -11.614715
               0.6027754                      -12.158949
               0.6047012                      -12.761553
                0.606627                      -13.246595
               0.6085528                      -13.692177
               0.6104786                      -14.278338
               0.6124044                      -14.909716
               0.6143302                      -14.909716
                0.616256                      -15.454772
               0.6181818                      -15.853493
               0.6201076                      -16.470894
               0.6220334                      -17.087475
               0.6239592                      -17.560184
                0.625885                      -18.018099
               0.6278108                      -18.619881
               0.6297366                       -19.19371
               0.6316624                      -19.637648
               0.6335882                      -20.080765
                0.635514                      -20.640615
               0.6374398                      -21.156898
               0.6393656                      -21.514515
               0.6412914                       -21.88693
               0.6432172                      -22.345665
                0.645143                      -22.768229
               0.6470688                      -23.119267
               0.6489946                      -23.434546
               0.6509204                       -23.72146
               0.6528462                      -24.035503
                0.654772                      -24.250896
               0.6566978                      -24.481497
               0.6586236                      -24.689077
               0.6605494                      -24.824316
               0.6624752                      -24.938177
                0.664401                      -25.010521
               0.6663268                      -25.148226
               0.6682526                      -25.219337
               0.6701784                      -25.118217
               0.6721042                      -24.967363
                 0.67403                      -24.950508
               0.6759558                      -24.899948
               0.6778816                      -24.695862
               0.6798074                      -24.452927
               0.6817332                      -24.266312
                0.683659                      -23.978573
               0.6855848                       -23.59239
               0.6875106                      -23.299719
               0.6894364                      -23.031096
               0.6913622                      -22.542971
                0.693288                       -21.98702
               0.6952138                      -21.608852
               0.6971396                      -21.225342
               0.6990654                      -20.627052
               0.7009912                      -19.961044
                0.702917                      -19.402321
               0.7048428                      -18.880386
               0.7067686                      -18.272335
               0.7086944                      -17.569742
               0.7106202                      -16.853893
                0.712546                       -16.17915
               0.7144718                      -15.485292
               0.7163976                      -14.717651
               0.7183234                      -13.988186
               0.7202492                      -13.287188
                0.722175                      -12.475615
               0.7241008                      -11.632288
               0.7260266                      -10.904415
               0.7279524                      -10.210403
               0.7298782                      -9.4115219
                0.731804                      -8.5482082
               0.7337298                      -7.7225304
               0.7356556                      -6.9527826
               0.7375814                      -6.1990137
               0.7395072                      -5.3953028
                0.741433                      -4.5404143
               0.7433588                      -3.7355213
               0.7452846                      -3.0099616
               0.7472104                      -2.2277277
               0.7491362                      -1.3705535
                0.751062                     -0.63023412
               0.7529878                    -0.015761323
               0.7549136                      0.70248973
               0.7568394                       1.5507492
               0.7587652                       2.2922502
                0.760691                        2.889523
               0.7626168                       3.5521858
               0.7645426                       4.2959862
               0.7664684                       4.9388986
               0.7683942                        5.508965
                 0.77032                       6.1297646
               0.7722458                       6.7203255
               0.7741716                       7.2447009
               0.7760974                       7.8540101
               0.7780232                       8.4989395
                0.779949                       8.9422569
               0.7818748                       9.2689762
               0.7838006                       9.7626324
               0.7857264                       10.338486
               0.7876522                       10.734447
                0.789578                       11.025928
               0.7915038                       11.392393
               0.7934296                       11.756088
               0.7953554                       12.035465
               0.7972812                       12.330605
                0.799207                        12.65626
               0.8011328                       12.861892
               0.8030586                       12.938039
               0.8049844                       13.101679
               0.8069102                       13.415922
                0.808836                       13.622043
               0.8107618                       13.579322
               0.8126876                       13.516077
               0.8146134                       13.614549
               0.8165392                        13.73147
                0.818465                       13.699371
               0.8203908                       13.582757
               0.8223166                       13.503532
               0.8242424                        13.41536
               0.8261682                       13.233598
                0.828094                       13.038507
               0.8300198                       12.891872
               0.8319456                       12.690089
               0.8338714                       12.409488
               0.8357972                       12.139386
                0.837723                       11.872128
               0.8396488                       11.561612
               0.8415746                       11.184218
               0.8435004                       10.720292
               0.8454262                       10.262416
                0.847352                       9.8862381
               0.8492778                       9.4785671
               0.8512036                       8.9716101
               0.8531294                       8.4274263
               0.8550552                       7.8473558
                0.856981                       7.2604866
               0.8589068                       6.7518902
               0.8608326                       6.2119761
               0.8627584                         5.48524
               0.8646842                       4.7226391
                 0.86661                       4.1300869
               0.8685358                       3.5868933
               0.8704616                       2.8916049
               0.8723874                       2.0943322
               0.8743132                       1.3343794
                0.876239                      0.61910576
               0.8781648                     -0.10871948
               0.8800906                     -0.86888188
               0.8820164                       -1.643236
               0.8839422                      -2.4031763
                0.885868                      -3.1580806
               0.8877938                       -3.949286
               0.8897196                      -4.7630334
               0.8916454                      -5.5357571
               0.8935712                      -6.2554522
                0.895497                      -6.9683685
               0.8974228                      -7.7069764
               0.8993486                      -8.4751768
               0.9012744                      -9.2567301
               0.9032002                      -9.9873047
                0.905126                      -10.605547
               0.9070518                      -11.172978
               0.9089776                      -11.809539
               0.9109034                      -12.507565
               0.9128292                      -13.144748
                0.914755                      -13.659057
               0.9166808                      -14.131263
               0.9186066                      -14.649632
               0.9205324                      -15.139019
               0.9224582                      -15.495214
                0.924384                      -15.794319
               0.9263098                      -16.145741
               0.9282356                      -16.493505
               0.9301614                      -16.722458
               0.9320872                        -16.8386
                0.934013                       -16.94759
               0.9359388                      -17.065481
               0.9378646                      -17.090797
               0.9397904                      -17.019516
               0.9417162                      -16.942141
                0.943642                      -16.833965
               0.9455678                      -16.645334
               0.9474936                      -16.435604
               0.9494194                      -16.182257
               0.9513452                      -15.776892
                0.953271                      -15.288692
               0.9551968                      -14.854729
               0.9571226                      -14.415932
               0.9590484                      -13.864527
               0.9609742                       -13.23271
                  0.9629                        -12.5804
               0.9648258                       -11.89988
               0.9667516                      -11.166212
               0.9686774                      -10.374886
               0.9706032                      -9.5464525
                0.972529                      -8.7170343
               0.9744548                      -7.8782034
               0.9763806                      -6.9565945
               0.9783064                      -5.9454327
               0.9802322                      -4.9653726
                0.982158                      -4.0725083
               0.9840838                      -3.1513712
               0.9860096                      -2.1033077
               0.9879354                       -1.003826
               0.9898612                     0.018809028
                0.991787                      0.98909044
               0.9937128                       2.0242133
               0.9956386                       3.0977981
               0.9975644                       4.0858822
               0.9994902                       5.0078282
                1.001416                       5.9914646
               1.0033418                       7.0502052
               1.0052676                       8.0619593
               1.0071934                       8.9541559
               1.0091192                       9.7867384
                1.011045                       10.628633
               1.0129708                       11.477541
               1.0148966                       12.303733
               1.0168224                       13.067325
               1.0187482                       13.747162
                1.020674                       14.390181
               1.0225998                         15.0488
               1.0245256                         15.0488
               1.0264514                       15.678335
               1.0283772                        16.19157
                1.030303                       16.614506
               1.0322288                       17.043701
               1.0341546                       17.460291
               1.0360804                       17.783102
               1.0380062                       18.014862
                1.039932                       18.183254
               1.0418578                       18.306734
               1.0437836                       18.422388
               1.0457094                       18.493114
               1.0476352                       18.433474
                1.049561                       18.283636
               1.0514868                       18.138096
               1.0534126                       17.963318
               1.0553384                       17.697708
               1.0572642                       17.364241
                 1.05919                       16.966728
               1.0611158                       16.512484
               1.0630416                       16.082443
               1.0649674                        15.65267
               1.0668932                       15.063042
                1.068819                       14.308442
               1.0707448                       13.590596
               1.0726706                       12.991469
               1.0745964                       12.342343
               1.0765222                       11.524233
                1.078448                       10.650978
               1.0803738                       9.8221893
               1.0822996                       8.9738226
               1.0842254                       8.0621243
               1.0861512                       7.1328621
                1.088077                       6.2168698
               1.0900028                       5.3154535
               1.0919286                       4.4009843
               1.0938544                       3.4269233
               1.0957802                       2.4311497
                1.097706                       1.4956059
               1.0996318                      0.58766615
               1.1015576                     -0.36952022
               1.1034834                       -1.352299
               1.1054092                      -2.2919617
                1.107335                      -3.1708267
               1.1092608                      -4.0332551
               1.1111866                       -4.929893
               1.1131124                      -5.8369942
               1.1150382                      -6.6699629
                1.116964                      -7.3969665
               1.1188898                      -8.1027336
               1.1208156                      -8.8726444
               1.1227414                      -9.6445742
               1.1246672                      -10.303246
                1.126593                      -10.852831
               1.1285188                      -11.379899
               1.1304446                        -11.9249
               1.1323704                      -12.464243
               1.1342962                       -12.97774
                1.136222                       -13.42956
               1.1381478                      -13.753983
               1.1400736                      -14.009396
               1.1419994                      -14.328917
               1.1439252                      -14.653614
                1.145851                      -14.840267
               1.1477768                      -14.926376
               1.1497026                      -15.022764
               1.1516284                      -15.125778
               1.1535542                      -15.178605
                 1.15548                        -15.1875
               1.1574058                      -15.161037
               1.1593316                      -15.039238
               1.1612574                      -14.836037
               1.1631832                      -14.680025
                1.165109                      -14.582036
               1.1670348                      -14.394178
               1.1689606                      -14.053768
               1.1708864                      -13.668196
               1.1728122                      -13.360518
                1.174738                       -13.12754
               1.1766638                      -12.828691
               1.1785896                      -12.356394
               1.1805154                      -11.819032
               1.1824412                      -11.370667
                1.184367                      -10.959005
               1.1862928                      -10.485875
               1.1882186                      -9.9648676
               1.1901444                      -9.3941441
               1.1920702                      -8.7936993
                1.193996                      -8.2639332
               1.1959218                      -7.7841911
               1.1978476                      -7.2111816
               1.1997734                      -6.5287724
               1.2016992                       -5.860404
                1.203625                      -5.2779703
               1.2055508                      -4.7315664
               1.2074766                      -4.1389098
               1.2094024                       -3.480813
               1.2113282                      -2.7911553
                1.213254                      -2.1059089
               1.2151798                      -1.4557103
               1.2171056                      -0.8558718
               1.2190314                     -0.27186698
               1.2209572                      0.37103933
                1.222883                       1.0945494
               1.2248088                       1.7973564
               1.2267346                       2.3732817
               1.2286604                       2.8964055
               1.2305862                       3.5321574
                1.232512                       4.2535772
               1.2344378                       4.8736196
               1.2363636                       5.3786221
               1.2382894                        5.931776
               1.2402152                       6.5634279
                1.242141                       7.1739807
               1.2440668                       7.7318048
               1.2459926                       8.2361069
               1.2479184                       8.6849804
               1.2498442                       9.1624508
                 1.25177                       9.7321329
               1.2536958                       10.282444
               1.2556216                       10.691514
               1.2575474                        11.04085
               1.2594732                       11.439936
                1.261399                       11.834381
               1.2633248                       12.200443
               1.2652506                       12.590961
               1.2671764                       12.918462
               1.2691022                       13.114073
                1.271028                       13.319027
               1.2729538                       13.597443
               1.2748796                       13.828442
               1.2768054                       13.972628
               1.2787312                       14.091885
                1.280657                       14.197929
               1.2825828                       14.273685
               1.2845086                       14.322293
               1.2864344                       14.346178
               1.2883602                       14.325772
                1.290286                       14.228165
               1.2922118                       14.075897
               1.2941376                       13.958458
               1.2960634                       13.874983
               1.2979892                       13.693397
                1.299915                       13.378735
               1.3018408                       13.046609
               1.3037666                       12.753805
               1.3056924                        12.46698
               1.3076182                       12.137674
                1.309544                       11.707518
               1.3114698                       11.202031
               1.3133956                       10.717327
               1.3153214                        10.24719
               1.3172472                        9.716507
                1.319173                       9.1199675
               1.3210988                       8.5042362
               1.3230246                       7.8836827
               1.3249504                       7.2316236
               1.3268762                       6.5546231
                1.328802                       5.8614483
               1.3307278                       5.0937257
               1.3326536                       4.2619944
               1.3345794                       3.4802606
               1.3365052                       2.7610645
                1.338431                       1.9940406
               1.3403568                        1.126181
               1.3422826                      0.22743359
               1.3442084                     -0.63353896
               1.3461342                      -1.4826734
                 1.34806                      -2.3346958
               1.3499858                      -3.1680019
               1.3519116                      -4.0344934
               1.3538374                      -4.9680824
               1.3557632                      -5.8740249
                1.357689                      -6.6769571
               1.3596148                      -7.4548836
               1.3615406                      -8.3147926
               1.3634664                      -9.2089405
               1.3653922                      -10.015566
                1.367318                       -10.74105
               1.3692438                      -11.473269
               1.3711696                       -12.22041
               1.3730954                      -12.932449
               1.3750212                      -13.610164
                1.376947                      -14.256936
               1.3788728                      -14.797477
               1.3807986                       -15.24479
               1.3827244                      -15.753747
               1.3846502                      -16.320381
                1.386576                      -16.765524
               1.3885018                      -17.044708
               1.3904276                      -17.266825
               1.3923534                      -17.524933
               1.3942792                      -17.808361
                1.396205                      -17.998659
               1.3981308                      -18.028854
               1.4000566                      -17.976864
               1.4019824                      -17.923975
               1.4039082                      -17.873159
                1.405834                      -17.776184
               1.4077598                      -17.558826
               1.4096856                      -17.226509
               1.4116114                      -16.873703
               1.4135372                      -16.512766
                1.415463                      -16.080109
               1.4173888                      -15.578223
               1.4193146                      -15.036058
               1.4212404                      -14.443901
               1.4231662                      -13.791335
                1.425092                      -13.087633
               1.4270178                      -12.356011
               1.4289436                       -11.59641
               1.4308694                       -10.77718
               1.4327952                      -9.8964329
                1.434721                      -9.8964329
               1.4366468                      -8.9907227
               1.4385726                      -8.0989199
               1.4404984                      -7.2047896
               1.4424242                      -6.2261739
                 1.44435                      -5.1688385
               1.4462758                       -4.145288
               1.4482016                      -3.1732287
               1.4501274                       -2.172761
               1.4520532                      -1.1127316
                1.453979                    -0.041700743
               1.4559048                      0.97591418
               1.4578306                       1.9653668
               1.4597564                       2.9983912
               1.4616822                       4.0473747
                1.463608                       5.0516267
               1.4655338                       6.0279884
               1.4674596                       7.0030432
               1.4693854                        7.945477
               1.4713112                       8.8087282
                1.473237                       9.6343584
               1.4751628                       10.524728
               1.4770886                       11.436062
               1.4790144                       12.216506
               1.4809402                       12.886966
                1.482866                       13.561806
               1.4847918                       14.205528
               1.4867176                       14.782263
               1.4886434                       15.357016
               1.4905692                       15.893754
                1.492495                       16.307356
               1.4944208                       16.641668
               1.4963466                       16.973038
               1.4982724                       17.306303
               1.5001982                       17.574102
                1.502124                       17.714674
               1.5040498                       17.795986
               1.5059756                       17.884464
               1.5079014                        17.91371
               1.5098272                       17.851667
                1.511753                       17.723875
               1.5136788                       17.524673
               1.5156046                       17.295656
               1.5175304                       17.072502
               1.5194562                       16.792072
                1.521382                       16.416307
               1.5233078                       15.975024
               1.5252336                       15.489565
               1.5271594                       14.986525
               1.5290852                       14.471512
                1.531011                        13.88623
               1.5329368                       13.226368
               1.5348626                       12.571727
               1.5367884                       11.914021
               1.5387142                       11.183196
                 1.54064                       10.421467
               1.5425658                       9.6791039
               1.5444916                       8.8822308
               1.5464174                       8.0019875
               1.5483432                       7.1480474
                1.550269                       6.3716154
               1.5521948                       5.5777116
               1.5541206                       4.6942987
               1.5560464                       3.7653766
               1.5579722                       2.8744805
                1.559898                       2.0485277
               1.5618238                       1.2172804
               1.5637496                      0.33215231
               1.5656754                     -0.54024953
               1.5676012                      -1.3641496
                1.569527                      -2.1803756
               1.5714528                      -2.9941876
               1.5733786                      -3.7908978
               1.5753044                      -4.5539627
               1.5772302                      -5.2848439
                1.579156                      -6.0324235
               1.5810818                      -6.7662525
               1.5830076                      -7.4096069
               1.5849334                      -8.0172577
               1.5868592                      -8.6602306
                1.588785                      -9.2915936
               1.5907108                      -9.8468399
               1.5926366                      -10.331898
               1.5945624                      -10.799616
               1.5964882                      -11.257066
                1.598414                      -11.682268
               1.6003398                      -12.097165
               1.6022656                      -12.464296
               1.6041914                      -12.725212
               1.6061172                      -12.965432
                1.608043                      -13.250631
               1.6099688                      -13.502647
               1.6118946                       -13.66564
               1.6138204                      -13.757005
               1.6157462                      -13.833501
                1.617672                      -13.940156
               1.6195978                      -14.013756
               1.6215236                      -14.003281
               1.6234494                      -13.969951
               1.6253752                      -13.918234
                1.627301                      -13.806441
               1.6292268                      -13.694135
               1.6311526                      -13.610892
               1.6330784                      -13.458136
               1.6350042                      -13.198056
                 1.63693                      -12.937947
               1.6388558                       -12.74201
               1.6407816                      -12.521293
               1.6427074                      -12.191998
               1.6446332                       -11.81076
                1.646559                      -11.469655
               1.6484848                      -11.155343
               1.6504106                      -10.789286
               1.6523364                      -10.372765
               1.6542622                      -9.9657288
                1.656188                      -9.5283051
               1.6581138                      -9.0099649
               1.6600396                      -8.5035191
               1.6619654                      -8.0610561
               1.6638912                      -7.5891814
                1.665817                      -7.0427494
               1.6677428                      -6.4653816
               1.6696686                      -5.8949862
               1.6715944                      -5.3376765
               1.6735202                      -4.7482743
                1.675446                      -4.1101336
               1.6773718                      -3.4936578
               1.6792976                      -2.9131846
               1.6812234                      -2.3045728
               1.6831492                      -1.6721628
                1.685075                      -1.0397089
               1.6870008                      -0.3560406
               1.6889266                      0.37641439
               1.6908524                       1.0500081
               1.6927782                       1.6330457
                1.694704                       2.2346685
               1.6966298                       2.9371572
               1.6985556                       3.6851294
               1.7004814                       4.3748136
               1.7024072                       4.9803782
                1.704333                       5.5667405
               1.7062588                       6.2119942
               1.7081846                       6.9057169
               1.7101104                       7.5517864
               1.7120362                       8.1257563
                1.713962                       8.7051182
               1.7158878                       9.3088484
               1.7178136                       9.8856068
               1.7197394                       10.423237
               1.7216652                       10.936381
                1.723591                        11.42042
               1.7255168                       11.883675
               1.7274426                       12.360703
               1.7293684                       12.833549
               1.7312942                        13.24173
                 1.73322                       13.602692
               1.7351458                       13.939038
               1.7370716                       14.212517
               1.7389974                       14.466116
               1.7409232                       14.749517
                1.742849                       15.001518
               1.7447748                       15.186903
               1.7467006                       15.288588
               1.7486264                       15.311893
               1.7505522                       15.381456
                1.752478                        15.49147
               1.7544038                       15.462957
               1.7563296                       15.322783
               1.7582554                       15.221661
               1.7601812                       15.125535
                1.762107                       14.940642
               1.7640328                       14.674183
               1.7659586                       14.382629
               1.7678844                       14.088114
               1.7698102                        13.74423
                1.771736                       13.330547
               1.7736618                        12.88844
               1.7755876                       12.404003
               1.7775134                       11.845504
               1.7794392                       11.264654
                1.781365                         10.6875
               1.7832908                       10.063053
               1.7852166                       9.3857803
               1.7871424                       8.6763687
               1.7890682                       7.8990998
                1.790994                       7.0647979
               1.7929198                        6.270062
               1.7948456                       5.5184908
               1.7967714                       4.6828947
               1.7986972                       3.7239406
                1.800623                       2.7677364
               1.8025488                       1.8916335
               1.8044746                       1.0102178
               1.8064004                     0.050162174
               1.8083262                     -0.94294262
                1.810252                      -1.9112487
               1.8121778                      -2.8479834
               1.8141036                      -3.7807167
               1.8160294                      -4.7483721
               1.8179552                      -5.7387791
                1.819881                      -6.6927576
               1.8218068                      -7.5910902
               1.8237326                      -8.4708939
               1.8256584                      -9.3640146
               1.8275842                      -10.235053
                 1.82951                      -11.043949
               1.8314358                      -11.858448
               1.8333616                      -12.696856
               1.8352874                      -13.413518
               1.8372132                      -14.004501
                1.839139                      -14.654434
               1.8410648                      -15.353999
               1.8429906                      -15.353999
               1.8449164                      -15.937507
               1.8468422                      -16.396528
                1.848768                      -16.824409
               1.8506938                      -17.253929
               1.8526196                      -17.643555
               1.8545454                      -17.933353
               1.8564712                      -18.144329
                1.858397                      -18.328339
               1.8603228                      -18.450392
               1.8622486                      -18.489828
               1.8641744                      -18.499556
               1.8661002                      -18.458435
                1.868026                      -18.296709
               1.8699518                      -18.069975
               1.8718776                      -17.863138
               1.8738034                      -17.607327
               1.8757292                      -17.224987
                1.877655                      -16.785435
               1.8795808                      -16.335661
               1.8815066                      -15.817014
               1.8834324                       -15.21751
               1.8853582                      -14.579773
                1.887284                      -13.910017
               1.8892098                      -13.196342
               1.8911356                      -12.430136
               1.8930614                       -11.61607
               1.8949872                      -10.781322
                1.896913                      -9.9257565
               1.8988388                      -9.0303555
               1.9007646                       -8.109993
               1.9026904                      -7.1653957
               1.9046162                      -6.1700377
                1.906542                      -5.1506085
               1.9084678                      -4.1568246
               1.9103936                      -3.1705394
               1.9123194                      -2.1527405
               1.9142452                       -1.128545
                1.916171                     -0.13404737
               1.9180968                      0.86310506
               1.9200226                       1.8886193
               1.9219484                       2.8951709
               1.9238742                       3.8720996
                  1.9258                       4.8597255
               1.9277258                       5.8146515
               1.9296516                       6.6855016
               1.9315774                       7.5468674
               1.9335032                       8.4515963
                1.935429                       9.3250799
               1.9373548                       10.111147
               1.9392806                       10.838657
               1.9412064                       11.547962
               1.9431322                       12.246853
                1.945058                        12.90521
               1.9469838                       13.502108
               1.9489096                       14.045542
               1.9508354                       14.530291
               1.9527612                       14.981186
                1.954687                        15.43723
               1.9566128                       15.830215
               1.9585386                       16.102524
               1.9604644                        16.34441
               1.9623902                       16.593838
                1.964316                       16.761724
               1.9662418                       16.849224
               1.9681676                       16.922543
               1.9700934                       16.933584
               1.9720192                       16.844446
                1.973945                       16.746901
               1.9758708                       16.669081
               1.9777966                       16.511635
               1.9797224                       16.239439
               1.9816482                       15.922781
                1.983574                       15.617116
               1.9854998                       15.292727
               1.9874256                       14.887495
               1.9893514                       14.413605
               1.9912772                        13.91173
                1.993203                        13.38625
               1.9951288                       12.867571
               1.9970546                       12.351746
               1.9989804                       11.746322
               2.0009062                       11.034888
                2.002832                       10.329242
               2.0047578                       9.6883917
               2.0066836                       9.0284643
               2.0086094                       8.2852774
               2.0105352                       7.5246925
                2.012461                       6.7881365
               2.0143868                       6.0390472
               2.0163126                       5.2671413
               2.0182384                       4.4733801
               2.0201642                       3.6870656
                 2.02209                       2.9576702
               2.0240158                       2.2314777
               2.0259416                       1.4437873
               2.0278674                      0.65495992
               2.0297932                    -0.076819509
                2.031719                     -0.80631208
               2.0336448                      -1.5932724
               2.0355706                      -2.3647048
               2.0374964                      -3.0270584
               2.0394222                       -3.650758
                2.041348                      -4.3262639
               2.0432738                      -5.0098543
               2.0451996                      -5.6598835
               2.0471254                      -6.2769971
               2.0490512                      -6.8277116
                2.050977                      -7.3341999
               2.0529028                      -7.8940125
               2.0548286                      -8.4913731
               2.0567544                      -9.0041656
               2.0586802                      -9.4233456
                2.060606                      -9.8281212
               2.0625318                      -10.240112
               2.0644576                      -10.656488
               2.0663834                      -11.062984
               2.0683092                      -11.415858
                2.070235                      -11.697165
               2.0721608                      -11.936348
               2.0740866                      -12.198646
               2.0760124                      -12.490287
               2.0779382                       -12.71859
                2.079864                      -12.873822
               2.0817898                      -13.019435
               2.0837156                      -13.133133
               2.0856414                      -13.230305
               2.0875672                      -13.364429
                2.089493                      -13.440164
               2.0914188                      -13.392095
               2.0933446                      -13.351726
               2.0952704                      -13.386919
               2.0971962                      -13.379804
                2.099122                      -13.261902
               2.1010478                      -13.109385
               2.1029736                      -12.983255
               2.1048994                      -12.858806
               2.1068252                      -12.700044
                2.108751                      -12.485685
               2.1106768                      -12.216043
               2.1126026                      -11.925497
               2.1145284                      -11.621793
               2.1164542                       -11.29939
                 2.11838                      -10.995438
               2.1203058                      -10.670671
               2.1222316                       -10.22355
               2.1241574                      -9.7239857
               2.1260832                      -9.3058491
                2.128009                      -8.9055519
               2.1299348                      -8.4085636
               2.1318606                      -7.8389673
               2.1337864                      -7.2675133
               2.1357122                      -6.7117329
                2.137638                      -6.1454916
               2.1395638                      -5.5634308
               2.1414896                      -4.9714622
               2.1434154                      -4.3174353
               2.1453412                      -3.5886941
                2.147267                       -2.875627
               2.1491928                      -2.2187722
               2.1511186                      -1.5652558
               2.1530444                     -0.86265653
               2.1549702                     -0.10693009
                2.156896                      0.64978373
               2.1588218                       1.3814967
               2.1607476                       2.1256168
               2.1626734                       2.8846388
               2.1645992                       3.6335614
                2.166525                       4.3797188
               2.1684508                       5.1189022
               2.1703766                       5.8403358
               2.1723024                       6.5676179
               2.1742282                       7.3170776
                2.176154                       8.0599318
               2.1780798                       8.7559948
               2.1800056                       9.4071217
               2.1819314                       10.052275
               2.1838572                       10.709268
                2.185783                       11.360925
               2.1877088                       11.991979
               2.1896346                       12.582516
               2.1915604                       13.093835
               2.1934862                        13.54637
                2.195412                       14.023274
               2.1973378                       14.517353
               2.1992636                        14.94876
               2.2011894                        15.31004
               2.2031152                       15.610811
                2.205041                       15.856759
               2.2069668                       16.123985
               2.2088926                       16.407558
               2.2108184                       16.562157
               2.2127442                       16.578436
                 2.21467                        16.62302
               2.2165958                       16.720957
               2.2185216                       16.725019
               2.2204474                       16.606056
               2.2223732                       16.454441
                2.224299                       16.269745
               2.2262248                       16.021811
               2.2281506                       15.749832
               2.2300764                       15.446402
               2.2320022                       15.052013
                2.233928                       14.585318
               2.2358538                       14.112859
               2.2377796                       13.623353
               2.2397054                       13.053003
               2.2416312                       12.415318
                2.243557                       11.768027
               2.2454828                       11.083612
               2.2474086                       10.329818
               2.2493344                       9.5674562
               2.2512602                       8.7998629
                2.253186                       8.7998629
               2.2551118                       7.9394956
               2.2570376                       7.0143404
               2.2589634                       6.1266928
               2.2608892                       5.2446232
                2.262815                        4.292912
               2.2647408                       3.2969568
               2.2666666                       2.3020766
               2.2685924                       1.3120183
               2.2705182                      0.30842096
                2.272444                     -0.70698106
               2.2743698                      -1.6935537
               2.2762956                      -2.6802413
               2.2782214                      -3.7393084
               2.2801472                      -4.7941465
                2.282073                      -5.7415972
               2.2839988                      -6.6688056
               2.2859246                      -7.6605787
               2.2878504                      -8.6274967
               2.2897762                      -9.5192413
                2.291702                      -10.412656
               2.2936278                      -11.303395
               2.2955536                      -12.109266
               2.2974794                       -12.85869
               2.2994052                      -13.629582
                2.301331                       -14.38423
               2.3032568                      -15.018181
               2.3051826                      -15.545151
               2.3071084                      -16.102972
               2.3090342                       -16.68734
                 2.31096                      -17.130814
               2.3128858                      -17.437471
               2.3148116                      -17.750277
               2.3167374                      -18.058804
               2.3186632                      -18.292103
                2.320589                      -18.458941
               2.3225148                      -18.546089
               2.3244406                      -18.544575
               2.3263664                      -18.511152
               2.3282922                      -18.440559
                2.330218                      -18.277946
               2.3321438                      -18.058922
               2.3340696                      -17.799997
               2.3359954                      -17.443123
               2.3379212                      -17.036022
                2.339847                      -16.632013
               2.3417728                      -16.138254
               2.3436986                      -15.550306
               2.3456244                      -14.978563
               2.3475502                      -14.384483
                2.349476                      -13.678607
               2.3514018                      -12.930102
               2.3533276                      -12.215063
               2.3552534                      -11.456836
               2.3571792                      -10.590116
                2.359105                       -9.703826
               2.3610308                      -8.8581142
               2.3629566                      -7.9787936
               2.3648824                      -7.0543523
               2.3668082                      -6.1425939
                2.368734                      -5.1944871
               2.3706598                      -4.1821055
               2.3725856                      -3.2241626
               2.3745114                      -2.3423476
               2.3764372                      -1.3944227
                2.378363                     -0.36165047
               2.3802888                      0.63725841
               2.3822146                       1.5617657
               2.3841404                       2.4401019
               2.3860662                        3.323916
                2.387992                       4.2638493
               2.3899178                       5.1964149
               2.3918436                       6.0372252
               2.3937694                       6.8316278
               2.3956952                       7.6315961
                2.397621                       8.4148397
               2.3995468                       9.1667614
               2.4014726                        9.891325
               2.4033984                       10.577931
               2.4053242                       11.201256
                 2.40725                       11.774556
               2.4091758                       12.359905
               2.4111016                       12.938433
               2.4130274                       13.417532
               2.4149532                       13.808864
                2.416879                       14.186449
               2.4188048                       14.543592
               2.4207306                       14.853937
               2.4226564                       15.128942
               2.4245822                       15.360743
                2.426508                       15.521917
               2.4284338                       15.611292
               2.4303596                       15.670838
               2.4322854                       15.738962
               2.4342112                       15.773255
                2.436137                       15.711461
               2.4380628                       15.581632
               2.4399886                       15.445162
               2.4419144                       15.306862
               2.4438402                       15.114841
                2.445766                       14.824656
               2.4476918                        14.48903
               2.4496176                       14.188129
               2.4515434                       13.884745
               2.4534692                       13.496119
                2.455395                       13.037964
               2.4573208                       12.581423
               2.4592466                       12.111788
               2.4611724                       11.569395
               2.4630982                       11.019499
                2.465024                       10.537307
               2.4669498                       10.023993
               2.4688756                       9.3985758
               2.4708014                       8.7479916
               2.4727272                       8.1531706
                2.474653                       7.5660667
               2.4765788                       6.9153543
               2.4785046                        6.247407
               2.4804304                       5.6130075
               2.4823562                       4.9407544
                2.484282                       4.2377377
               2.4862078                       3.5960548
               2.4881336                       2.9515197
               2.4900594                       2.2246501
               2.4919852                       1.5045384
                2.493911                      0.87530243
               2.4958368                      0.29189235
               2.4977626                     -0.34469044
               2.4996884                      -1.0541569
               2.5016142                      -1.7402587
                 2.50354                      -2.3506346
               2.5054658                      -2.9496226
               2.5073916                      -3.5708268
               2.5093174                      -4.1754208
               2.5112432                      -4.7733908
                2.513169                      -5.3937159
               2.5150948                      -5.9704905
               2.5170206                      -6.4739165
               2.5189464                      -7.0068603
               2.5208722                      -7.5855799
                2.522798                      -8.0963659
               2.5247238                      -8.5313501
               2.5266496                      -8.9886532
               2.5285754                      -9.4877443
               2.5305012                      -9.9511003
                2.532427                       -10.34192
               2.5343528                      -10.722115
               2.5362786                      -11.107641
               2.5382044                      -11.439956
               2.5401302                      -11.756741
                2.542056                      -12.110962
               2.5439818                      -12.426906
               2.5459076                      -12.671194
               2.5478334                      -12.903242
               2.5497592                      -13.122449
                2.551685                      -13.307316
               2.5536108                      -13.475505
               2.5555366                      -13.628811
               2.5574624                      -13.750738
               2.5593882                      -13.820343
                2.561314                      -13.837969
               2.5632398                      -13.844803
               2.5651656                      -13.858771
               2.5670914                      -13.848476
               2.5690172                       -13.77632
                2.570943                      -13.630684
               2.5728688                      -13.454801
               2.5747946                      -13.306544
               2.5767204                      -13.155901
               2.5786462                      -12.919315
                2.580572                      -12.619377
               2.5824978                        -12.3377
               2.5844236                      -12.017773
               2.5863494                      -11.589423
               2.5882752                      -11.153582
                2.590201                      -10.754432
               2.5921268                      -10.277576
               2.5940526                      -9.7245083
               2.5959784                      -9.2137909
               2.5979042                      -8.7147255
                 2.59983                      -8.0825949
               2.6017558                      -7.3390627
               2.6036816                      -6.6655006
               2.6056074                      -6.0698361
               2.6075332                      -5.3839211
                2.609459                      -4.6096029
               2.6113848                      -3.8557584
               2.6133106                      -3.0837069
               2.6152364                      -2.2727094
               2.6171622                      -1.5042485
                2.619088                     -0.72648871
               2.6210138                      0.16669968
               2.6229396                       1.0872828
               2.6248654                       1.9061807
               2.6267912                       2.6735232
                2.628717                       3.5045187
               2.6306428                       4.4106874
               2.6325686                       5.3175774
               2.6344944                       6.1592703
               2.6364202                       6.9261832
                2.638346                       7.6761427
               2.6402718                       8.4919872
               2.6421976                       9.3536425
               2.6441234                       10.142029
               2.6460492                        10.82908
                2.647975                       11.488574
               2.6499008                       12.161221
               2.6518266                       12.857795
               2.6537524                       13.537381
               2.6556782                       14.106842
                2.657604                       14.596222
               2.6595298                       15.108969
               2.6614556                       15.108969
               2.6633814                       15.614088
               2.6653072                       16.055536
                2.667233                       16.439911
               2.6691588                        16.74159
               2.6710846                       16.992062
               2.6730104                       17.257793
               2.6749362                       17.467916
                2.676862                       17.571144
               2.6787878                       17.644009
               2.6807136                       17.697622
               2.6826394                       17.675508
               2.6845652                       17.570805
                2.686491                       17.409891
               2.6884168                        17.22595
               2.6903426                       17.012964
               2.6922684                        16.72558
               2.6941942                       16.367994
                 2.69612                       15.977945
               2.6980458                       15.544064
               2.6999716                       15.024416
               2.7018974                       14.429547
               2.7038232                       13.808389
                2.705749                       13.146785
               2.7076748                       12.424869
               2.7096006                       11.701668
               2.7115264                        10.97053
               2.7134522                       10.141362
                2.715378                       9.2376928
               2.7173038                       8.3518753
               2.7192296                       7.4709501
               2.7211554                       6.5270486
               2.7230812                         5.51717
                2.725007                       4.4957485
               2.7269328                       3.4976521
               2.7288586                       2.5061734
               2.7307844                       1.4901022
               2.7327102                      0.43771958
                2.734636                      -0.6384964
               2.7365618                      -1.7133833
               2.7384876                      -2.7585232
               2.7404134                       -3.751914
               2.7423392                      -4.7287731
                2.744265                      -5.7595105
               2.7461908                      -6.8180928
               2.7481166                      -7.8041887
               2.7500424                      -8.7033205
               2.7519682                      -9.5867558
                2.753894                      -10.477644
               2.7558198                      -11.318586
               2.7577456                      -12.093344
               2.7596714                      -12.861893
               2.7615972                      -13.612523
                2.763523                      -14.280495
               2.7654488                      -14.898443
               2.7673746                      -15.493737
               2.7693004                      -16.000526
               2.7712262                      -16.425106
                2.773152                      -16.853941
               2.7750778                      -17.262491
               2.7770036                      -17.549692
               2.7789294                       -17.73807
               2.7808552                      -17.917088
                2.782781                      -18.053699
               2.7847068                      -18.088787
               2.7866326                      -18.073174
               2.7885584                      -18.038452
               2.7904842                      -17.941132
                 2.79241                       -17.76614
               2.7943358                      -17.529362
               2.7962616                      -17.241514
               2.7981874                      -16.907579
               2.8001132                      -16.520905
                2.802039                      -16.082808
               2.8039648                       -15.60288
               2.8058906                      -15.075236
               2.8078164                      -14.504025
               2.8097422                       -13.92115
                2.811668                      -13.318656
               2.8135938                      -12.616163
               2.8155196                      -11.802803
               2.8174454                      -11.018569
               2.8193712                      -10.338707
                2.821297                      -9.6271658
               2.8232228                      -8.7665806
               2.8251486                      -7.8572636
               2.8270744                       -7.018693
               2.8290002                       -6.182519
                2.830926                      -5.2901926
               2.8328518                      -4.4246311
               2.8347776                      -3.5682378
               2.8367034                      -2.6392469
               2.8386292                      -1.7396029
                2.840555                     -0.93339068
               2.8424808                    -0.086331405
               2.8444066                      0.83525938
               2.8463324                        1.718809
               2.8482582                       2.5294313
                2.850184                       3.3135014
               2.8521098                       4.1186848
               2.8540356                       4.9548864
               2.8559614                        5.759284
               2.8578872                        6.470202
                2.859813                       7.1282263
               2.8617388                        7.812427
               2.8636646                       8.5084782
               2.8655904                       9.1447191
               2.8675162                       9.7178793
                2.869442                       10.276355
               2.8713678                       10.821365
               2.8732936                       11.314678
               2.8752194                       11.774194
               2.8771452                       12.240409
                2.879071                       12.652339
               2.8809968                       12.959526
               2.8829226                       13.254741
               2.8848484                       13.589145
               2.8867742                       13.876368
                  2.8887                       14.065557
               2.8906258                       14.204334
               2.8925516                       14.340307
               2.8944774                       14.452946
               2.8964032                        14.51247
                2.898329                       14.543332
               2.9002548                       14.543781
               2.9021806                       14.479149
               2.9041064                       14.372581
               2.9060322                        14.26115
                2.907958                       14.150609
               2.9098838                       14.016503
               2.9118096                       13.792183
               2.9137354                       13.488961
               2.9156612                       13.219769
                2.917587                       12.978899
               2.9195128                       12.656598
               2.9214386                       12.276663
               2.9233644                       11.926237
               2.9252902                       11.559857
                2.927216                       11.104506
               2.9291418                       10.611825
               2.9310676                       10.162921
               2.9329934                       9.7251682
               2.9349192                       9.2150497
                2.936845                       8.6624908
               2.9387708                       8.1473293
               2.9406966                       7.6314373
               2.9426224                        7.065608
               2.9445482                       6.4939251
                2.946474                       5.9163656
               2.9483998                       5.2961397
               2.9503256                       4.6826787
               2.9522514                       4.1215391
               2.9541772                        3.550957
                2.956103                        2.902894
               2.9580288                       2.2151299
               2.9599546                       1.5724652
               2.9618804                      0.99195516
               2.9638062                      0.40500137
                2.965732                     -0.26063338
               2.9676578                     -0.96360952
               2.9695836                       -1.602312
               2.9715094                      -2.1865654
               2.9734352                      -2.7767227
                2.975361                      -3.3869162
               2.9772868                      -4.0405354
               2.9792126                      -4.7033243
               2.9811384                      -5.2951326
               2.9830642                      -5.8466787
                 2.98499                      -6.4256144
               2.9869158                       -7.047658
               2.9888416                      -7.6872268
               2.9907674                      -8.2345982
               2.9926932                       -8.672576
                2.994619                      -9.1848192
               2.9965448                       -9.813221
               2.9984706                      -10.366469

