        Time / ns                e-field (t=0..end(0.00192)) (pb)_Z_0D_63/real
----------------------------------------------------------------------
                       0                               0
               0.0019258                               0
               0.0038516                               0
               0.0057774                               0
               0.0077032                               0
                0.009629                               0
               0.0115548                               0
               0.0134806                               0
               0.0154064                               0
               0.0173322                               0
                0.019258                               0
               0.0211838                               0
               0.0231096                               0
               0.0250354                               0
               0.0269612                               0
                0.028887                               0
               0.0308128                               0
               0.0327386                               0
               0.0346644                               0
               0.0365902                               0
                0.038516                               0
               0.0404418                               0
               0.0423676                               0
               0.0442934                               0
               0.0462192                               0
                0.048145                               0
               0.0500708                               0
               0.0519966                               0
               0.0539224                               0
               0.0558482                               0
                0.057774                               0
               0.0596998                               0
               0.0616256                               0
               0.0635514                               0
               0.0654772                               0
                0.067403                               0
               0.0693288                               0
               0.0712546                               0
               0.0731804                               0
               0.0751062                               0
                0.077032                               0
               0.0789578                               0
               0.0808836                               0
               0.0828094                               0
               0.0847352                               0
                0.086661                               0
               0.0885868                               0
               0.0905126                               0
               0.0924384                               0
               0.0943642                               0
                 0.09629                               0
               0.0982158                               0
               0.1001416                               0
               0.1020674                               0
               0.1039932                               0
                0.105919                               0
               0.1078448                               0
               0.1097706                               0
               0.1116964                               0
               0.1136222                               0
                0.115548                               0
               0.1174738                               0
               0.1193996                               0
               0.1213254                               0
               0.1232512                               0
                0.125177                               0
               0.1271028                               0
               0.1290286                               0
               0.1309544                               0
               0.1328802                               0
                0.134806                  -1.4454116e-35
               0.1367318                  -4.1363667e-34
               0.1386576                  -2.1694485e-34
               0.1405834                  -3.1963205e-33
               0.1425092                  -3.5424022e-33
                0.144435                   2.1136169e-33
               0.1463608                   3.6592937e-33
               0.1482866                  -3.3218805e-33
               0.1502124                   7.6625687e-33
               0.1521382                   1.4271387e-31
                0.154064                   1.0214983e-30
               0.1559898                   2.4318149e-30
               0.1579156                  -3.8019476e-29
               0.1598414                  -8.5876118e-28
               0.1617672                   -9.903688e-27
                0.163693                  -8.9053497e-26
               0.1656188                  -6.7824895e-25
               0.1675446                   -4.546644e-24
               0.1694704                  -2.7389465e-23
               0.1713962                  -1.5034726e-22
                0.173322                  -7.5926148e-22
               0.1752478                  -3.5511502e-21
               0.1771736                  -1.5488238e-20
               0.1790994                   -6.327604e-20
               0.1810252                  -2.4314491e-19
                0.182951                   -8.817369e-19
               0.1848768                  -3.0266038e-18
               0.1868026                  -9.8607423e-18
               0.1887284                   -3.055813e-17
               0.1906542                  -9.0242308e-17
                 0.19258                  -2.5444907e-16
               0.1945058                  -6.8595312e-16
               0.1964316                  -1.7705756e-15
               0.1983574                  -4.3807358e-15
               0.2002832                  -1.0400927e-14
                0.202209                  -2.3715967e-14
               0.2041348                  -5.1978339e-14
               0.2060606                  -5.1978339e-14
               0.2079864                   -1.095786e-13
               0.2099122                  -2.2233632e-13
                0.211838                  -4.3435831e-13
               0.2137638                  -8.1743949e-13
               0.2156896                  -1.4824597e-12
               0.2176154                  -2.5914503e-12
               0.2195412                  -4.3678108e-12
                0.221467                   -7.100113e-12
               0.2233928                  -1.1134911e-11
               0.2253186                   -1.685403e-11
               0.2272444                  -2.4636907e-11
               0.2291702                  -3.4813489e-11
                0.231096                  -4.7623107e-11
               0.2330218                  -6.3204476e-11
               0.2349476                  -8.1644858e-11
               0.2368734                  -1.0311854e-10
               0.2387992                  -1.2811205e-10
                0.240725                  -1.5771588e-10
               0.2426508                  -1.9392921e-10
               0.2445766                  -2.3988933e-10
               0.2465024                  -2.9992603e-10
               0.2484282                  -3.7944456e-10
                0.250354                  -4.8463566e-10
               0.2522798                  -6.2216221e-10
               0.2542056                   -7.990677e-10
               0.2561314                  -1.0230904e-09
               0.2580572                  -1.3035272e-09
                0.259983                  -1.6526126e-09
               0.2619088                  -2.0871835e-09
               0.2638346                   -2.630365e-09
               0.2657604                  -3.3127969e-09
               0.2676862                  -4.1735557e-09
                0.269612                  -5.2611067e-09
               0.2715378                  -6.6339134e-09
               0.2734636                  -8.3631297e-09
               0.2753894                  -1.0535111e-08
               0.2773152                  -1.3257026e-08
                0.279241                  -1.6662522e-08
               0.2811668                  -2.0918373e-08
               0.2830926                  -2.6231794e-08
               0.2850184                  -3.2860672e-08
               0.2869442                  -4.1120387e-08
                 0.28887                  -5.1402605e-08
               0.2907958                  -6.4188384e-08
               0.2927216                  -8.0074379e-08
               0.2946474                  -9.9794676e-08
               0.2965732                  -1.2425764e-07
                0.298499                  -1.5458191e-07
               0.3004248                  -1.9212774e-07
               0.3023506                  -2.3857507e-07
               0.3042764                   -2.959716e-07
               0.3062022                   -3.668118e-07
                0.308128                  -4.5416769e-07
               0.3100538                  -5.6179232e-07
               0.3119796                   -6.942546e-07
               0.3139054                  -8.5711531e-07
               0.3158312                   -1.057184e-06
                0.317757                  -1.3027272e-06
               0.3196828                  -1.6037777e-06
               0.3216086                  -1.9724366e-06
               0.3235344                  -2.4235255e-06
               0.3254602                  -2.9749924e-06
                0.327386                  -3.6483711e-06
               0.3293118                  -4.4698386e-06
               0.3312376                  -5.4711327e-06
               0.3331634                  -6.6902389e-06
               0.3350892                  -8.1730886e-06
                0.337015                  -9.9751342e-06
               0.3389408                  -1.2162777e-05
               0.3408666                   -1.481594e-05
               0.3427924                  -1.8030365e-05
               0.3447182                  -2.1921094e-05
                0.346644                  -2.6626001e-05
               0.3485698                  -3.2309625e-05
               0.3504956                  -3.9168113e-05
               0.3524214                  -4.7437337e-05
               0.3543472                  -5.7396996e-05
                0.356273                  -6.9380942e-05
               0.3581988                  -8.3784638e-05
               0.3601246                  -0.00010108246
               0.3620504                  -0.00012183516
               0.3639762                  -0.00014670384
                0.365902                  -0.00017648032
               0.3678278                  -0.00021209165
               0.3697536                  -0.00025464658
               0.3716794                  -0.00030544342
               0.3736052                  -0.00036602089
                0.375531                  -0.00043818491
               0.3774568                  -0.00052406162
               0.3793826                  -0.00062617939
               0.3813084                  -0.00074745587
               0.3832342                  -0.00089135166
                 0.38516                   -0.0010619306
               0.3870858                   -0.0012639211
               0.3890116                   -0.0015028518
               0.3909374                   -0.0017852494
               0.3928632                   -0.0021186352
                0.394789                   -0.0025118245
               0.3967148                   -0.0029750422
               0.3986406                   -0.0035203323
               0.4005664                   -0.0041614771
               0.4024922                   -0.0049145189
                0.404418                   -0.0057982635
               0.4063438                   -0.0068342527
               0.4082696                   -0.0080473563
               0.4101954                   -0.0094665382
               0.4121212                     -0.01112517
                0.414047                     -0.01306159
               0.4159728                    -0.015319945
               0.4178986                    -0.017951127
               0.4198244                    -0.021013923
               0.4217502                    -0.024574611
                0.423676                    -0.028710162
               0.4256018                    -0.033509448
               0.4275276                    -0.039071776
               0.4294534                     -0.04551293
               0.4313792                    -0.052962642
                0.433305                    -0.061572682
               0.4352308                     -0.07150989
               0.4371566                    -0.082969241
               0.4390824                    -0.096169733
               0.4410082                      -0.1113596
                0.442934                     -0.12882049
               0.4448598                     -0.14886929
               0.4467856                     -0.17187136
               0.4487114                     -0.19822729
               0.4506372                     -0.22839499
                0.452563                     -0.26289123
               0.4544888                      -0.3022967
               0.4564146                     -0.34726316
               0.4583404                     -0.39850813
               0.4602662                     -0.45686108
                0.462192                     -0.52324831
               0.4641178                     -0.59865153
               0.4660436                     -0.68423688
               0.4679694                     -0.78126997
               0.4698952                     -0.89116442
                0.471821                      -1.0154947
               0.4737468                      -1.1559752
               0.4756726                      -1.3145528
               0.4775984                      -1.4933828
               0.4795242                      -1.6947808
                 0.48145                      -1.9213717
               0.4833758                       -2.176039
               0.4853016                      -2.4619477
               0.4872274                      -2.7825174
               0.4891532                      -3.1415658
                0.491079                      -3.5432961
               0.4930048                      -3.9923575
               0.4949306                      -4.4935317
               0.4968564                      -5.0522771
               0.4987822                      -5.6747508
                0.500708                      -6.3672967
               0.5026338                      -7.1366067
               0.5045596                      -7.9904289
               0.5064854                      -8.9372168
               0.5084112                      -9.9856358
                0.510337                      -11.144976
               0.5122628                      -12.425544
               0.5141886                      -13.838748
               0.5161144                      -15.396089
               0.5180402                      -17.110012
                0.519966                      -18.994083
               0.5218918                      -21.063198
               0.5238176                      -23.332085
               0.5257434                      -25.816969
               0.5276692                      -28.535011
                0.529595                      -31.504354
               0.5315208                      -34.744171
               0.5334466                      -38.274761
               0.5353724                      -42.116508
               0.5372982                       -46.29166
                0.539224                      -50.823463
               0.5411498                      -55.734509
               0.5430756                      -61.050304
               0.5450014                      -66.796852
               0.5469272                      -72.998009
                0.548853                      -79.681534
               0.5507788                      -86.877258
               0.5527046                      -94.608978
               0.5546304                      -102.90341
               0.5565562                      -111.79292
                0.558482                      -121.30185
               0.5604078                      -131.45825
               0.5623336                      -142.28635
               0.5642594                      -153.81921
               0.5661852                       -166.0743
                0.568111                      -179.07196
               0.5700368                      -192.84216
               0.5719626                      -207.40279
               0.5738884                      -222.76323
               0.5758142                      -238.93994
                 0.57774                      -255.94559
               0.5796658                      -273.78165
               0.5815916                      -292.45279
               0.5835174                      -311.95306
               0.5854432                      -332.26865
                0.587369                      -353.38681
               0.5892948                      -375.28012
               0.5912206                      -397.92661
               0.5931464                      -421.27499
               0.5950722                      -445.27274
                0.596998                      -469.87308
               0.5989238                       -495.0022
               0.6008496                      -520.57458
               0.6027754                      -546.48285
               0.6047012                      -572.64233
                0.606627                      -598.92157
               0.6085528                      -625.16058
               0.6104786                      -651.24921
               0.6124044                      -676.98535
               0.6143302                      -676.98535
                0.616256                      -702.18524
               0.6181818                      -726.64764
               0.6201076                      -750.15643
               0.6220334                      -772.46167
               0.6239592                      -793.31396
                0.625885                      -812.41095
               0.6278108                      -829.43048
               0.6297366                      -844.05823
               0.6316624                      -855.97778
               0.6335882                      -864.81531
                0.635514                      -870.15637
               0.6374398                      -871.53406
               0.6393656                       -868.6106
               0.6412914                      -860.87854
               0.6432172                      -847.88513
                0.645143                      -829.08459
               0.6470688                      -803.98279
               0.6489946                      -772.08258
               0.6509204                       -732.7218
               0.6528462                      -685.44745
                0.654772                      -629.61371
               0.6566978                      -564.62299
               0.6586236                      -489.77332
               0.6605494                       -404.5896
               0.6624752                       -308.4053
                0.664401                      -200.54033
               0.6663268                      -80.320564
               0.6682526                       52.808487
               0.6701784                       199.53427
               0.6721042                       360.54706
                 0.67403                       536.28644
               0.6759558                       727.54291
               0.6778816                       934.89771
               0.6798074                       1158.9086
               0.6817332                       1399.9852
                0.683659                       1658.9274
               0.6855848                       1936.0356
               0.6875106                       2231.9092
               0.6894364                       2546.7749
               0.6913622                       2881.2878
                0.693288                       3235.6692
               0.6952138                       3610.0466
               0.6971396                       4004.9436
               0.6990654                       4420.3877
               0.7009912                       4856.4058
                0.702917                       5313.3042
               0.7048428                       5790.7954
               0.7067686                       6289.0566
               0.7086944                       6807.8027
               0.7106202                       7346.6553
                0.712546                       7905.3203
               0.7144718                       8483.6797
               0.7163976                       9081.0977
               0.7183234                       9696.8809
               0.7202492                       10330.277
                0.722175                       10980.883
               0.7241008                       11647.756
               0.7260266                       12329.797
               0.7279524                       13025.998
               0.7298782                       13735.199
                0.731804                       14456.457
               0.7337298                       15188.461
               0.7356556                       15929.588
               0.7375814                       16678.377
               0.7395072                       17433.363
                0.741433                       18193.057
               0.7433588                        18955.67
               0.7452846                       19719.381
               0.7472104                       20482.371
               0.7491362                       21242.777
                0.751062                       21998.537
               0.7529878                       22747.711
               0.7549136                       23488.396
               0.7568394                       24218.191
               0.7587652                       24935.268
                0.760691                       25637.289
               0.7626168                       26322.039
               0.7645426                       26987.537
               0.7664684                       27631.439
               0.7683942                       28251.738
                 0.77032                        28846.07
               0.7722458                       29412.375
               0.7741716                       29948.607
               0.7760974                       30452.438
               0.7780232                       30922.158
                0.779949                       31355.717
               0.7818748                       31751.084
               0.7838006                       32106.518
               0.7857264                       32420.141
               0.7876522                       32690.334
                0.789578                       32915.563
               0.7915038                       33094.383
               0.7934296                        33225.52
               0.7953554                       33307.426
               0.7972812                       33339.027
                0.799207                       33319.641
               0.8011328                       33248.227
               0.8030586                       33124.004
               0.8049844                       32946.488
               0.8069102                       32715.211
                0.808836                       32429.957
               0.8107618                       32090.602
               0.8126876                       31697.258
               0.8146134                       31250.051
               0.8165392                       30749.439
                0.818465                       30195.896
               0.8203908                        29590.23
               0.8223166                       28933.266
               0.8242424                       28226.016
               0.8261682                        27469.67
                0.828094                       26665.752
               0.8300198                       25815.607
               0.8319456                        24920.99
               0.8338714                       23983.744
               0.8357972                       23005.711
                0.837723                       21989.094
               0.8396488                       20936.156
               0.8415746                       19849.154
               0.8435004                       18730.588
               0.8454262                       17583.053
                0.847352                       16409.287
               0.8492778                       15212.006
               0.8512036                       13994.078
               0.8531294                       12758.412
               0.8550552                       11508.032
                0.856981                        10245.99
               0.8589068                       8975.3838
               0.8608326                       7699.3062
               0.8627584                       6420.9448
               0.8646842                       5143.4019
                 0.86661                       3869.8499
               0.8685358                       2603.4597
               0.8704616                       1347.3386
               0.8723874                       104.60115
               0.8743132                      -1121.7201
                0.876239                      -2328.6807
               0.8781648                      -3513.3394
               0.8800906                       -4672.751
               0.8820164                      -5804.1738
               0.8839422                      -6904.9878
                0.885868                      -7972.6035
               0.8877938                      -9004.4951
               0.8897196                      -9998.2969
               0.8916454                      -10951.802
               0.8935712                      -11862.911
                0.895497                      -12729.688
               0.8974228                      -13550.273
               0.8993486                      -14322.923
               0.9012744                      -15046.148
               0.9032002                      -15718.598
                0.905126                      -16339.009
               0.9070518                      -16906.367
               0.9089776                      -17419.762
               0.9109034                      -17878.332
               0.9128292                       -18281.52
                0.914755                      -18629.041
               0.9166808                      -18920.566
               0.9186066                      -19155.869
               0.9205324                      -19335.068
               0.9224582                      -19458.418
                0.924384                       -19526.17
               0.9263098                      -19538.799
               0.9282356                       -19497.01
               0.9301614                      -19401.576
               0.9320872                      -19253.348
                0.934013                      -19053.271
               0.9359388                      -18802.539
               0.9378646                      -18502.508
               0.9397904                      -18154.453
               0.9417162                       -17759.75
                0.943642                      -17320.045
               0.9455678                      -16836.984
               0.9474936                      -16312.277
               0.9494194                      -15747.771
               0.9513452                      -15145.273
                0.953271                        -14506.7
               0.9551968                      -13834.077
               0.9571226                      -13129.432
               0.9590484                      -12394.868
               0.9609742                      -11632.462
                  0.9629                      -10844.302
               0.9648258                       -10032.64
               0.9667516                      -9199.6943
               0.9686774                      -8347.6299
               0.9706032                      -7478.6382
                0.972529                      -6594.8926
               0.9744548                      -5698.6387
               0.9763806                      -4792.1621
               0.9783064                      -3877.6445
               0.9802322                       -2957.198
                0.982158                      -2033.0033
               0.9840838                      -1107.3114
               0.9860096                      -182.20172
               0.9879354                       740.35895
               0.9898612                       1658.1431
                0.991787                       2568.9685
               0.9937128                        3471.052
               0.9956386                       4362.5122
               0.9975644                       5241.2041
               0.9994902                       6105.1689
                1.001416                       6952.6719
               1.0033418                       7781.9507
               1.0052676                       8591.1602
               1.0071934                       9378.5342
               1.0091192                       10142.484
                1.011045                       10881.366
               1.0129708                       11593.512
               1.0148966                       12277.495
               1.0168224                       12931.919
               1.0187482                       13555.226
                1.020674                       14145.993
               1.0225998                       14703.053
               1.0245256                       14703.053
               1.0264514                       15225.238
               1.0283772                       15711.268
                1.030303                       16159.963
               1.0322288                       16570.371
               1.0341546                       16941.541
               1.0360804                       17272.461
               1.0380062                       17562.301
                1.039932                       17810.354
               1.0418578                       18015.922
               1.0437836                        18178.34
               1.0457094                       18297.051
               1.0476352                       18371.664
                1.049561                       18401.842
               1.0514868                       18387.189
               1.0534126                        18327.49
               1.0553384                       18222.748
               1.0572642                       18072.945
                 1.05919                       17878.072
               1.0611158                       17638.287
               1.0630416                       17353.889
               1.0649674                       17025.299
               1.0668932                       16653.012
                1.068819                         16237.5
               1.0707448                       15779.382
               1.0726706                       15279.566
               1.0745964                       14738.927
               1.0765222                       14158.344
                1.078448                       13539.022
               1.0803738                       12882.173
               1.0822996                       12188.932
               1.0842254                       11460.812
               1.0861512                       10699.486
                1.088077                        9906.417
               1.0900028                       9083.2178
               1.0919286                       8231.8232
               1.0938544                       7354.2495
               1.0957802                        6452.436
                1.097706                       5528.3882
               1.0996318                       4584.3789
               1.1015576                       3622.7546
               1.1034834                       2645.7805
               1.1054092                        1655.868
                1.107335                       655.60101
               1.1092608                       -352.4035
               1.1111866                       -1365.569
               1.1131124                      -2381.3232
               1.1150382                      -3396.8508
                1.116964                      -4409.2642
               1.1188898                      -5415.8936
               1.1208156                      -6413.8994
               1.1227414                      -7400.2998
               1.1246672                      -8372.3906
                1.126593                      -9327.3828
               1.1285188                      -10262.261
               1.1304446                      -11174.219
               1.1323704                      -12060.539
               1.1342962                      -12918.422
                1.136222                      -13745.161
               1.1381478                      -14538.121
               1.1400736                       -15294.69
               1.1419994                      -16012.349
               1.1439252                      -16688.676
                1.145851                      -17321.369
               1.1477768                      -17908.205
               1.1497026                      -18447.018
               1.1516284                      -18935.811
               1.1535542                      -19372.828
                 1.15548                      -19756.395
               1.1574058                      -20084.797
               1.1593316                      -20356.607
               1.1612574                      -20570.777
               1.1631832                      -20726.199
                1.165109                      -20821.768
               1.1670348                      -20856.943
               1.1689606                      -20831.354
               1.1708864                      -20744.469
               1.1728122                      -20596.051
                1.174738                      -20386.324
               1.1766638                      -20115.639
               1.1785896                      -19784.338
               1.1805154                      -19393.049
               1.1824412                      -18942.801
                1.184367                      -18434.648
               1.1862928                       -17869.66
               1.1882186                      -17249.412
               1.1901444                      -16575.762
               1.1920702                      -15850.413
                1.193996                      -15075.275
               1.1959218                        -14252.7
               1.1978476                      -13385.157
               1.1997734                      -12475.062
               1.2016992                      -11525.082
                1.203625                      -10538.193
               1.2055508                      -9517.3682
               1.2074766                      -8465.6338
               1.2094024                      -7386.2617
               1.2113282                      -6282.5835
                1.213254                      -5158.0269
               1.2151798                      -4016.1609
               1.2171056                      -2860.5254
               1.2190314                      -1694.6744
               1.2209572                      -522.30499
                1.222883                       652.81171
               1.2248088                       1826.9562
               1.2267346                       2996.4651
               1.2286604                       4157.6289
               1.2305862                       5306.7354
                1.232512                       6440.1436
               1.2344378                       7554.2363
               1.2363636                       8645.5039
               1.2382894                       9710.5498
               1.2402152                       10745.953
                1.242141                       11748.414
               1.2440668                       12714.854
               1.2459926                       13642.247
               1.2479184                       14527.652
               1.2498442                        15368.35
                 1.25177                       16161.795
               1.2536958                       16905.518
               1.2556216                       17597.242
               1.2575474                       18234.955
               1.2594732                       18816.744
                1.261399                       19340.885
               1.2633248                       19805.928
               1.2652506                       20210.518
               1.2671764                        20553.58
               1.2691022                       20834.289
                1.271028                       21051.887
               1.2729538                       21205.947
               1.2748796                       21296.291
               1.2768054                       21322.744
               1.2787312                       21285.467
                1.280657                       21184.984
               1.2825828                       21021.863
               1.2845086                       20796.748
               1.2864344                        20510.65
               1.2883602                       20164.867
                1.290286                       19760.701
               1.2922118                        19299.65
               1.2941376                       18783.484
               1.2960634                        18214.01
               1.2979892                       17593.258
                1.299915                       16923.543
               1.3018408                       16207.158
               1.3037666                       15446.479
               1.3056924                       14644.087
               1.3076182                       13802.704
                1.309544                       12925.162
               1.3114698                       12014.358
               1.3133956                       11073.217
               1.3153214                       10104.671
               1.3172472                       9111.8174
                1.319173                       8097.9307
               1.3210988                       7066.1543
               1.3230246                       6019.5205
               1.3249504                       4961.2388
               1.3268762                       3894.6465
                1.328802                       2822.9434
               1.3307278                       1749.1592
               1.3326536                       676.38971
               1.3345794                      -392.15808
               1.3365052                      -1453.3901
                1.338431                      -2504.3828
               1.3403568                      -3542.2678
               1.3422826                      -4564.1938
               1.3442084                      -5567.3809
               1.3461342                      -6549.1504
                 1.34806                      -7506.9233
               1.3499858                      -8438.2773
               1.3519116                      -9340.8809
               1.3538374                      -10212.489
               1.3557632                      -11051.016
                1.357689                      -11854.412
               1.3596148                      -12620.765
               1.3615406                      -13348.484
               1.3634664                      -14036.014
               1.3653922                      -14681.763
                1.367318                      -15284.413
               1.3692438                      -15842.832
               1.3711696                      -16355.954
               1.3730954                      -16822.902
               1.3750212                      -17242.951
                1.376947                      -17615.406
               1.3788728                      -17939.699
               1.3807986                      -18215.482
               1.3827244                      -18442.564
               1.3846502                      -18620.869
                1.386576                      -18750.367
               1.3885018                      -18831.129
               1.3904276                      -18863.418
               1.3923534                       -18847.65
               1.3942792                      -18784.266
                1.396205                      -18673.793
               1.3981308                      -18516.887
               1.4000566                      -18314.352
               1.4019824                      -18067.107
               1.4039082                      -17776.049
                1.405834                      -17442.104
               1.4077598                      -17066.455
               1.4096856                      -16650.363
               1.4116114                      -16194.996
               1.4135372                      -15701.609
                1.415463                      -15171.666
               1.4173888                      -14606.596
               1.4193146                      -14007.838
               1.4212404                       -13376.96
               1.4231662                      -12715.571
                1.425092                      -12025.312
               1.4270178                      -11307.822
               1.4289436                      -10564.717
               1.4308694                      -9797.7969
               1.4327952                      -9008.9814
                1.434721                      -9008.9814
               1.4366468                      -8199.9756
               1.4385726                      -7372.5054
               1.4404984                      -6528.5352
               1.4424242                      -5669.9365
                 1.44435                      -4798.5391
               1.4462758                      -3916.3398
               1.4482016                      -3025.2649
               1.4501274                      -2127.2031
               1.4520532                      -1224.1432
                1.453979                      -318.00589
               1.4559048                       589.22003
               1.4578306                       1495.4796
               1.4597564                       2398.9016
               1.4616822                       3297.5181
                1.463608                       4189.2344
               1.4655338                       5072.1299
               1.4674596                       5944.2437
               1.4693854                       6803.5874
               1.4713112                       7648.2974
                1.473237                       8476.4004
               1.4751628                       9285.9092
               1.4770886                       10074.935
               1.4790144                       10841.629
               1.4809402                       11584.261
                1.482866                       12300.996
               1.4847918                        12989.83
               1.4867176                       13649.069
               1.4886434                       14277.233
               1.4905692                       14872.608
                1.492495                       15433.435
               1.4944208                       15958.188
               1.4963466                       16445.498
               1.4982724                       16893.941
               1.5001982                       17302.045
                1.502124                       17668.492
               1.5040498                       17992.215
               1.5059756                       18272.133
               1.5079014                       18507.049
               1.5098272                       18695.982
                1.511753                       18838.186
               1.5136788                       18932.918
               1.5156046                       18979.521
               1.5175304                       18977.453
               1.5194562                       18926.232
                1.521382                       18825.551
               1.5233078                       18675.277
               1.5252336                       18475.391
               1.5271594                       18225.891
               1.5290852                       17926.861
                1.531011                       17578.725
               1.5329368                       17182.006
               1.5348626                       16737.201
               1.5367884                       16245.041
               1.5387142                       15706.464
                 1.54064                       15122.445
               1.5425658                       14494.096
               1.5444916                       13822.731
               1.5464174                       13109.801
               1.5483432                       12356.835
                1.550269                       11565.522
               1.5521948                       10737.734
               1.5541206                       9875.4141
               1.5560464                       8980.6133
               1.5579722                       8055.5688
                1.559898                       7102.6484
               1.5618238                       6124.2837
               1.5637496                       5122.9932
               1.5656754                       4101.4248
               1.5676012                       3062.3718
                1.569527                       2008.6896
               1.5714528                       943.25598
               1.5733786                      -131.00212
               1.5753044                       -1210.975
               1.5772302                      -2293.4309
                1.579156                      -3375.2783
               1.5810818                      -4453.4463
               1.5830076                      -5524.6641
               1.5849334                      -6585.6201
               1.5868592                      -7633.0767
                1.588785                       -8663.834
               1.5907108                      -9674.7178
               1.5926366                      -10662.549
               1.5945624                       -11624.11
               1.5964882                       -12556.27
                1.598414                      -13456.064
               1.6003398                       -14320.59
               1.6022656                      -15146.912
               1.6041914                      -15932.193
               1.6061172                      -16673.826
                1.608043                      -17369.348
               1.6099688                      -18016.279
               1.6118946                      -18612.256
               1.6138204                      -19155.219
               1.6157462                      -19643.246
                1.617672                      -20074.459
               1.6195978                      -20447.252
               1.6215236                      -20760.197
               1.6234494                      -21012.035
               1.6253752                      -21201.729
                1.627301                      -21328.369
               1.6292268                      -21391.322
               1.6311526                      -21390.178
               1.6330784                      -21324.635
               1.6350042                      -21194.707
                 1.63693                      -21000.662
               1.6388558                      -20742.869
               1.6407816                      -20421.947
               1.6427074                      -20038.762
               1.6446332                      -19594.348
                1.646559                      -19089.992
               1.6484848                      -18527.215
               1.6504106                      -17907.717
               1.6523364                      -17233.311
               1.6542622                      -16506.006
                1.656188                      -15728.127
               1.6581138                      -14902.139
               1.6600396                      -14030.564
               1.6619654                      -13116.131
               1.6638912                      -12161.752
                1.665817                      -11170.469
               1.6677428                       -10145.45
               1.6696686                      -9089.9404
               1.6715944                      -8007.2329
               1.6735202                      -6900.7676
                1.675446                      -5774.2134
               1.6773718                       -4631.189
               1.6792976                      -3475.1355
               1.6812234                      -2309.7065
               1.6831492                      -1138.7808
                1.685075                       33.926228
               1.6870008                       1204.7804
               1.6889266                       2370.1384
               1.6908524                       3526.3904
               1.6927782                       4669.8081
                1.694704                       5796.7881
               1.6966298                       6903.9946
               1.6985556                       7988.0039
               1.7004814                        9045.415
               1.7024072                       10073.069
                1.704333                       11067.863
               1.7062588                        12026.83
               1.7081846                       12947.195
               1.7101104                       13826.202
               1.7120362                        14661.23
                1.713962                       15450.001
               1.7158878                       16190.409
               1.7178136                       16880.271
               1.7197394                       17517.625
               1.7216652                       18100.939
                1.723591                       18628.768
               1.7255168                       19099.695
               1.7274426                       19512.664
               1.7293684                       19866.713
               1.7312942                       20161.064
                 1.73322                       20395.363
               1.7351458                       20569.281
               1.7370716                       20682.494
               1.7389974                       20735.125
               1.7409232                       20727.516
                1.742849                       20660.045
               1.7447748                       20533.389
               1.7467006                       20348.277
               1.7486264                       20105.609
               1.7505522                        19806.68
                1.752478                       19452.816
               1.7544038                       19045.334
               1.7563296                       18585.854
               1.7582554                       18076.195
               1.7601812                       17518.252
                1.762107                        16914.02
               1.7640328                        16265.59
               1.7659586                       15575.159
               1.7678844                       14845.097
               1.7698102                       14077.895
                1.771736                       13276.008
               1.7736618                       12441.974
               1.7755876                       11578.449
               1.7775134                       10688.079
               1.7794392                       9773.6602
                1.781365                       8838.0215
               1.7832908                       7883.8125
               1.7852166                       6913.8096
               1.7871424                       5930.9346
               1.7890682                       4938.0112
                1.790994                        3937.803
               1.7929198                       2932.9978
               1.7948456                       1926.3627
               1.7967714                       920.73059
               1.7986972                      -81.319542
                1.800623                      -1077.1934
               1.8025488                      -2064.2075
               1.8044746                      -3039.9561
               1.8064004                      -4002.0627
               1.8083262                      -4948.0493
                1.810252                       -5875.625
               1.8121778                      -6782.6348
               1.8141036                      -7666.9897
               1.8160294                      -8526.6758
               1.8179552                      -9359.6689
                1.819881                      -10164.123
               1.8218068                      -10938.405
               1.8237326                      -11680.855
               1.8256584                      -12389.868
               1.8275842                      -13064.037
                 1.82951                      -13702.019
               1.8314358                      -14302.552
               1.8333616                      -14864.571
               1.8352874                      -15387.092
               1.8372132                      -15869.072
                1.839139                      -16309.641
               1.8410648                      -16708.197
               1.8429906                      -16708.197
               1.8449164                      -17064.162
               1.8468422                      -17376.898
                1.848768                      -17645.936
               1.8506938                      -17871.004
               1.8526196                      -18051.928
               1.8545454                      -18188.471
               1.8564712                      -18280.484
                1.858397                      -18328.092
               1.8603228                      -18331.424
               1.8622486                      -18290.582
               1.8641744                      -18205.902
               1.8661002                      -18077.713
                1.868026                      -17906.381
               1.8699518                      -17692.492
               1.8718776                      -17436.582
               1.8738034                      -17139.271
               1.8757292                      -16801.359
                1.877655                      -16423.543
               1.8795808                      -16006.663
               1.8815066                      -15551.765
               1.8834324                      -15059.801
               1.8853582                      -14531.722
                1.887284                      -13968.716
               1.8892098                      -13372.033
               1.8911356                       -12742.86
               1.8930614                      -12082.482
               1.8949872                      -11392.318
                1.896913                      -10673.771
               1.8988388                      -9928.3311
               1.9007646                       -9157.584
               1.9026904                      -8363.0625
               1.9046162                      -7546.4639
                1.906542                      -6709.5869
               1.9084678                      -5854.1509
               1.9103936                        -4981.96
               1.9123194                      -4094.8889
               1.9142452                      -3194.8403
                1.916171                      -2283.8821
               1.9180968                      -1364.0671
               1.9200226                      -437.30884
               1.9219484                       494.32513
               1.9238742                       1428.5024
                  1.9258                       2362.9993
               1.9277258                       3295.8469
               1.9296516                       4224.8389
               1.9315774                       5147.4634
               1.9335032                       6061.4966
                1.935429                       6964.8691
               1.9373548                       7855.1982
               1.9392806                       8730.0566
               1.9412064                       9587.2227
               1.9431322                       10424.454
                1.945058                       11239.447
               1.9469838                        12029.96
               1.9489096                       12793.811
               1.9508354                       13528.771
               1.9527612                       14232.597
                1.954687                       14903.263
               1.9566128                       15538.815
               1.9585386                       16137.185
               1.9604644                       16696.402
               1.9623902                       17214.645
                1.964316                       17690.145
               1.9662418                       18121.279
               1.9681676                       18506.451
               1.9700934                       18844.195
               1.9720192                       19133.141
                1.973945                       19371.959
               1.9758708                       19559.563
               1.9777966                       19695.063
               1.9797224                       19777.545
               1.9816482                       19806.195
                1.983574                       19780.449
               1.9854998                       19699.979
               1.9874256                       19564.533
               1.9893514                       19373.865
               1.9912772                       19128.043
                1.993203                       18827.379
               1.9951288                       18472.141
               1.9970546                       18062.902
               1.9989804                       17600.441
               2.0009062                       17085.574
                2.002832                       16519.355
               2.0047578                       15903.056
               2.0066836                       15238.048
               2.0086094                       14525.875
               2.0105352                        13768.25
                2.012461                       12967.063
               2.0143868                       12124.384
               2.0163126                       11242.408
               2.0182384                        10323.43
               2.0201642                        9369.918
                 2.02209                       8384.5576
               2.0240158                       7370.0898
               2.0259416                        6329.291
               2.0278674                       5265.1548
               2.0297932                       4180.8286
                2.031719                       3079.4429
               2.0336448                       1964.1934
               2.0355706                       838.46875
               2.0374964                      -294.28674
               2.0394222                      -1430.7238
                2.041348                      -2567.3894
               2.0432738                      -3700.6958
               2.0451996                       -4827.147
               2.0471254                      -5943.2612
               2.0490512                      -7045.4849
                2.050977                      -8130.3237
               2.0529028                      -9194.3311
               2.0548286                       -10234.07
               2.0567544                      -11246.195
               2.0586802                      -12227.455
                2.060606                      -13174.657
               2.0625318                       -14084.66
               2.0644576                       -14954.48
               2.0663834                      -15781.295
               2.0683092                      -16562.355
                2.070235                          -17295
               2.0721608                      -17976.824
               2.0740866                      -18605.605
               2.0760124                      -19179.131
               2.0779382                      -19695.471
                2.079864                      -20152.994
               2.0817898                      -20550.092
               2.0837156                      -20885.344
               2.0856414                       -21157.68
               2.0875672                       -21366.16
                2.089493                      -21510.004
               2.0914188                      -21588.738
               2.0933446                      -21602.133
               2.0952704                      -21550.111
               2.0971962                      -21432.744
                2.099122                      -21250.424
               2.1010478                      -21003.865
               2.1029736                       -20693.82
               2.1048994                      -20321.242
               2.1068252                      -19887.443
                2.108751                      -19393.914
               2.1106768                      -18842.213
               2.1126026                      -18234.113
               2.1145284                      -17571.734
               2.1164542                      -16857.338
                 2.11838                      -16093.159
               2.1203058                      -15281.687
               2.1222316                      -14425.724
               2.1241574                      -13528.104
               2.1260832                      -12591.657
                2.128009                      -11619.409
               2.1299348                       -10614.64
               2.1318606                       -9580.624
               2.1337864                      -8520.6025
               2.1357122                      -7438.0215
                2.137638                      -6336.3691
               2.1395638                      -5219.0815
               2.1414896                      -4089.7532
               2.1434154                      -2951.9844
               2.1453412                      -1809.2808
                2.147267                      -665.16772
               2.1491928                        476.8367
               2.1511186                       1613.1608
               2.1530444                       2740.2888
               2.1549702                        3854.937
                2.156896                       4953.8018
               2.1588218                       6033.5532
               2.1607476                       7091.0381
               2.1626734                       8123.1572
               2.1645992                       9126.9561
                2.166525                       10099.687
               2.1684508                       11038.574
               2.1703766                       11940.952
               2.1723024                       12804.448
               2.1742282                       13626.774
                2.176154                        14405.75
               2.1780798                        15139.39
               2.1800056                       15825.871
               2.1819314                       16463.543
               2.1838572                       17050.906
                2.185783                       17586.629
               2.1877088                       18069.533
               2.1896346                       18498.639
               2.1915604                       18873.201
               2.1934862                       19192.572
                2.195412                       19456.268
               2.1973378                       19664.057
               2.1992636                       19815.768
               2.2011894                       19911.428
               2.2031152                       19951.354
                2.205041                       19935.891
               2.2069668                       19865.545
               2.2088926                       19741.061
               2.2108184                       19563.227
               2.2127442                       19332.994
                 2.21467                       19051.516
               2.2165958                       18720.063
               2.2185216                       18340.008
               2.2204474                       17912.791
               2.2223732                        17440.02
                2.224299                       16923.393
               2.2262248                       16364.685
               2.2281506                       15765.808
               2.2300764                       15128.724
               2.2320022                       14455.448
                2.233928                       13748.178
               2.2358538                       13008.989
               2.2377796                       12239.986
               2.2397054                       11443.565
               2.2416312                       10622.089
                2.243557                       9777.7813
               2.2454828                       8912.9746
               2.2474086                       8030.0361
               2.2493344                       7131.3296
               2.2512602                       6219.2505
                2.253186                       6219.2505
               2.2551118                        5296.186
               2.2570376                       4364.5313
               2.2589634                       3426.6013
               2.2608892                       2484.6233
                2.262815                       1540.9391
               2.2647408                       597.93555
               2.2666666                      -342.17966
               2.2685924                      -1277.2849
               2.2705182                      -2205.2117
                2.272444                      -3123.8003
               2.2743698                      -4030.9724
               2.2762956                      -4924.7227
               2.2782214                      -5803.1006
               2.2801472                      -6664.2041
                2.282073                      -7506.1548
               2.2839988                       -8327.166
               2.2859246                      -9125.5576
               2.2878504                       -9899.626
               2.2897762                      -10647.707
                2.291702                      -11368.301
               2.2936278                       -12059.98
               2.2955536                      -12721.318
               2.2974794                      -13350.885
               2.2994052                      -13947.418
                2.301331                      -14509.831
               2.3032568                      -15036.942
               2.3051826                      -15527.555
               2.3071084                      -15980.717
               2.3090342                      -16395.566
                 2.31096                      -16771.197
               2.3128858                      -17106.771
               2.3148116                      -17401.607
               2.3167374                      -17655.063
               2.3186632                      -17866.482
                2.320589                      -18035.416
               2.3225148                      -18161.486
               2.3244406                      -18244.213
               2.3263664                      -18283.318
               2.3282922                      -18278.689
                2.330218                      -18230.145
               2.3321438                      -18137.629
               2.3340696                      -18001.178
               2.3359954                      -17820.893
               2.3379212                      -17597.016
                2.339847                      -17329.799
               2.3417728                      -17019.604
               2.3436986                      -16666.941
               2.3456244                      -16272.291
               2.3475502                      -15836.279
                2.349476                      -15359.736
               2.3514018                      -14843.444
               2.3533276                      -14288.281
               2.3552534                      -13695.317
               2.3571792                      -13065.663
                2.359105                      -12400.468
               2.3610308                      -11701.036
               2.3629566                       -10968.84
               2.3648824                       -10205.41
               2.3668082                      -9412.2461
                2.368734                      -8590.9893
               2.3706598                      -7743.4834
               2.3725856                      -6871.6367
               2.3745114                      -5977.3843
               2.3764372                      -5062.7163
                2.378363                      -4129.7729
               2.3802888                      -3180.8176
               2.3822146                      -2218.0857
               2.3841404                      -1243.9191
               2.3860662                      -260.79056
                2.387992                       728.87488
               2.3899178                       1722.5646
               2.3918436                       2717.6196
               2.3937694                        3711.418
               2.3956952                       4701.3579
                2.397621                       5684.7119
               2.3995468                       6658.7026
               2.4014726                       7620.6807
               2.4033984                       8567.9414
               2.4053242                       9497.6084
                 2.40725                       10406.966
               2.4091758                       11293.446
               2.4111016                       12154.363
               2.4130274                       12986.966
               2.4149532                       13788.601
                2.416879                        14556.83
               2.4188048                       15289.273
               2.4207306                       15983.398
               2.4226564                       16636.811
               2.4245822                       17247.426
                2.426508                       17813.127
               2.4284338                       18331.797
               2.4303596                       18801.537
               2.4322854                       19220.648
               2.4342112                       19587.447
                2.436137                       19900.447
               2.4380628                       20158.361
               2.4399886                       20359.887
               2.4419144                       20503.963
               2.4438402                       20589.889
                2.445766                       20616.902
               2.4476918                       20584.359
               2.4496176                       20492.074
               2.4515434                       20339.984
               2.4534692                       20127.988
                2.455395                       19856.236
               2.4573208                        19525.27
               2.4592466                       19135.787
               2.4611724                       18688.518
               2.4630982                       18184.412
                2.465024                       17624.654
               2.4669498                       17010.703
               2.4688756                       16344.181
               2.4708014                       15626.781
               2.4727272                       14860.399
                2.474653                       14047.094
               2.4765788                       13189.147
               2.4785046                       12289.169
               2.4804304                       11349.696
               2.4823562                       10373.272
                2.484282                       9362.8408
               2.4862078                       8321.5107
               2.4881336                       7252.3506
               2.4900594                       6158.5859
               2.4919852                       5043.5479
                2.493911                       3910.6113
               2.4958368                       2763.2888
               2.4977626                          1605.2
               2.4996884                       439.92194
               2.5016142                      -728.98956
                 2.50354                      -1897.8335
               2.5054658                      -3062.8293
               2.5073916                      -4220.2959
               2.5093174                      -5366.6377
               2.5112432                      -6498.2539
                2.513169                      -7611.4785
               2.5150948                      -8702.6934
               2.5170206                      -9768.4785
               2.5189464                      -10805.497
               2.5208722                      -11810.347
                2.522798                      -12779.772
               2.5247238                      -13710.798
               2.5266496                      -14600.462
               2.5285754                      -15445.832
               2.5305012                       -16244.25
                2.532427                      -16993.266
               2.5343528                      -17690.514
               2.5362786                      -18333.758
               2.5382044                      -18921.023
               2.5401302                      -19450.584
                2.542056                      -19920.813
               2.5439818                      -20330.209
               2.5459076                      -20677.609
               2.5478334                      -20962.121
               2.5497592                      -21182.967
                2.551685                      -21339.564
               2.5536108                      -21431.545
               2.5555366                      -21458.787
               2.5574624                      -21421.451
               2.5593882                      -21319.926
                2.561314                      -21154.637
               2.5632398                       -20926.25
               2.5651656                      -20635.842
               2.5670914                      -20284.588
               2.5690172                      -19873.754
                2.570943                      -19404.877
               2.5728688                      -18879.711
               2.5747946                      -18300.182
               2.5767204                      -17668.332
               2.5786462                      -16986.311
                2.580572                      -16256.513
               2.5824978                      -15481.507
               2.5844236                      -14663.936
               2.5863494                      -13806.483
               2.5882752                      -12911.987
                2.590201                      -11983.479
               2.5921268                      -11024.001
               2.5940526                      -10036.613
               2.5959784                      -9024.5234
               2.5979042                      -7990.9463
                 2.59983                      -6939.1348
               2.6017558                      -5872.3896
               2.6036816                      -4793.9966
               2.6056074                      -3707.2473
               2.6075332                      -2615.4265
                2.609459                      -1521.8462
               2.6113848                       -429.7695
               2.6133106                       657.68549
               2.6152364                       1737.3518
               2.6171622                       2806.0894
                2.619088                       3860.9353
               2.6210138                       4898.9189
               2.6229396                       5917.1523
               2.6248654                        6912.938
               2.6267912                       7883.6172
                2.628717                       8826.6152
               2.6306428                       9739.5146
               2.6325686                       10620.013
               2.6344944                       11465.918
               2.6364202                       12275.146
                2.638346                       13045.788
               2.6402718                       13776.112
               2.6421976                       14464.421
               2.6441234                       15109.171
               2.6460492                       15709.107
                2.647975                        16263.01
               2.6499008                       16769.684
               2.6518266                       17228.264
               2.6537524                       17638.096
               2.6556782                       17998.463
                2.657604                       18308.803
               2.6595298                       18568.807
               2.6614556                       18568.807
               2.6633814                       18778.291
               2.6653072                       18937.172
                2.667233                       19045.533
               2.6691588                       19103.553
               2.6710846                        19111.51
               2.6730104                       19069.824
               2.6749362                       18979.074
                2.676862                       18839.994
               2.6787878                       18653.355
               2.6807136                       18419.941
               2.6826394                       18140.758
               2.6845652                        17816.99
                2.686491                        17449.76
               2.6884168                       17040.283
               2.6903426                       16589.918
               2.6922684                       16100.059
               2.6941942                       15572.224
                 2.69612                       15008.019
               2.6980458                       14408.939
               2.6999716                       13776.626
               2.7018974                       13112.911
               2.7038232                       12419.536
                2.705749                       11698.248
               2.7076748                        10950.94
               2.7096006                        10179.47
               2.7115264                       9385.6523
               2.7134522                       8571.4707
                2.715378                         7738.98
               2.7173038                       6890.0703
               2.7192296                       6026.6602
               2.7211554                       5150.8115
               2.7230812                       4264.4995
                2.725007                        3369.679
               2.7269328                       2468.4299
               2.7288586                       1562.7816
               2.7307844                       654.65771
               2.7327102                      -253.96103
                2.734636                      -1161.0315
               2.7365618                      -2064.5598
               2.7384876                      -2962.6116
               2.7404134                      -3853.2612
               2.7423392                      -4734.5679
                2.744265                      -5604.6079
               2.7461908                      -6461.5029
               2.7481166                      -7303.3374
               2.7500424                      -8128.2241
               2.7519682                      -8934.4482
                2.753894                      -9720.2432
               2.7558198                      -10483.732
               2.7577456                      -11223.211
               2.7596714                      -11937.065
               2.7615972                      -12623.593
                2.763523                      -13281.104
               2.7654488                      -13908.073
               2.7673746                      -14503.078
               2.7693004                      -15064.608
               2.7712262                      -15591.083
                2.773152                      -16081.188
               2.7750778                       -16533.76
               2.7770036                      -16947.463
               2.7789294                      -17320.986
               2.7808552                      -17653.277
                2.782781                      -17943.381
               2.7847068                      -18190.314
               2.7866326                      -18393.088
               2.7885584                      -18550.861
               2.7904842                      -18663.037
                 2.79241                      -18728.971
               2.7943358                      -18748.002
               2.7962616                      -18719.795
               2.7981874                      -18644.102
               2.8001132                      -18520.539
                2.802039                      -18348.965
               2.8039648                      -18129.477
               2.8058906                      -17862.205
               2.8078164                      -17547.361
               2.8097422                       -17185.25
                2.811668                      -16776.355
               2.8135938                      -16321.312
               2.8155196                      -15820.814
               2.8174454                      -15275.773
               2.8193712                      -14687.224
                2.821297                      -14056.217
               2.8232228                      -13383.995
               2.8251486                      -12671.989
               2.8270744                      -11921.704
               2.8290002                      -11134.789
                2.830926                      -10313.053
               2.8328518                      -9458.3711
               2.8347776                      -8572.7061
               2.8367034                      -7658.2153
               2.8386292                      -6717.2246
                2.840555                      -5752.0903
               2.8424808                      -4765.2266
               2.8444066                      -3759.1804
               2.8463324                      -2736.6213
               2.8482582                      -1700.3228
                2.850184                       -653.1073
               2.8521098                       402.16071
               2.8540356                       1462.5054
               2.8559614                        2524.915
               2.8578872                       3586.4031
                2.859813                       4643.8735
               2.8617388                       5694.1333
               2.8636646                       6734.0371
               2.8655904                       7760.5171
               2.8675162                       8770.4932
                2.869442                       9760.8057
               2.8713678                       10728.336
               2.8732936                       11670.059
               2.8752194                       12582.976
               2.8771452                       13464.154
                2.879071                       14310.702
               2.8809968                       15119.799
               2.8829226                       15888.824
               2.8848484                       16615.207
               2.8867742                       17296.336
                  2.8887                       17929.848
               2.8906258                       18513.625
               2.8925516                       19045.578
               2.8944774                       19523.656
               2.8964032                       19946.113
                2.898329                       20311.434
               2.9002548                       20618.111
               2.9021806                       20864.826
               2.9041064                       21050.564
               2.9060322                       21174.439
                2.907958                       21235.734
               2.9098838                        21233.98
               2.9118096                       21168.891
               2.9137354                       21040.408
               2.9156612                       20848.646
                2.917587                       20593.949
               2.9195128                       20276.904
               2.9214386                       19898.227
               2.9233644                       19458.857
               2.9252902                        18960.01
                2.927216                       18403.029
               2.9291418                       17789.527
               2.9310676                       17121.324
               2.9329934                       16400.314
               2.9349192                       15628.603
                2.936845                       14808.565
               2.9387708                       13942.703
               2.9406966                       13033.614
               2.9426224                       12084.107
               2.9445482                       11097.133
                2.946474                       10075.744
               2.9483998                       9023.1934
               2.9503256                        7942.751
               2.9522514                        6837.728
               2.9541772                       5711.7036
                2.956103                       4568.2944
               2.9580288                       3411.0503
               2.9599546                       2243.5876
               2.9618804                       1069.5983
               2.9638062                        -107.108
                2.965732                      -1282.7648
               2.9676578                       -2453.741
               2.9695836                      -3616.3525
               2.9715094                      -4766.9014
               2.9734352                      -5901.7231
                2.975361                      -7017.2427
               2.9772868                      -8110.0591
               2.9792126                      -9176.7441
               2.9811384                      -10213.924
               2.9830642                      -11218.465
                 2.98499                      -12187.267
               2.9869158                      -13117.346
               2.9888416                      -14005.961
               2.9907674                      -14850.417
               2.9926932                      -15648.193
                2.994619                      -16397.012
               2.9965448                      -17094.672
               2.9984706                      -17739.184

