        Time / ns                e-field (t=0..end(0.00192)) (pb)_Z_0D_81/real
----------------------------------------------------------------------
                       0                               0
               0.0019258                               0
               0.0038516                               0
               0.0057774                               0
               0.0077032                               0
                0.009629                               0
               0.0115548                               0
               0.0134806                               0
               0.0154064                               0
               0.0173322                               0
                0.019258                               0
               0.0211838                               0
               0.0231096                               0
               0.0250354                               0
               0.0269612                               0
                0.028887                               0
               0.0308128                               0
               0.0327386                               0
               0.0346644                               0
               0.0365902                               0
                0.038516                               0
               0.0404418                               0
               0.0423676                               0
               0.0442934                               0
               0.0462192                               0
                0.048145                               0
               0.0500708                               0
               0.0519966                               0
               0.0539224                               0
               0.0558482                               0
                0.057774                               0
               0.0596998                               0
               0.0616256                               0
               0.0635514                               0
               0.0654772                               0
                0.067403                               0
               0.0693288                               0
               0.0712546                               0
               0.0731804                               0
               0.0751062                               0
                0.077032                               0
               0.0789578                               0
               0.0808836                               0
               0.0828094                               0
               0.0847352                               0
                0.086661                               0
               0.0885868                               0
               0.0905126                               0
               0.0924384                               0
               0.0943642                               0
                 0.09629                               0
               0.0982158                               0
               0.1001416                               0
               0.1020674                               0
               0.1039932                               0
                0.105919                               0
               0.1078448                               0
               0.1097706                               0
               0.1116964                               0
               0.1136222                               0
                0.115548                               0
               0.1174738                               0
               0.1193996                               0
               0.1213254                               0
               0.1232512                               0
                0.125177                               0
               0.1271028                               0
               0.1290286                               0
               0.1309544                               0
               0.1328802                               0
                0.134806                               0
               0.1367318                               0
               0.1386576                               0
               0.1405834                               0
               0.1425092                               0
                0.144435                               0
               0.1463608                               0
               0.1482866                               0
               0.1502124                               0
               0.1521382                               0
                0.154064                               0
               0.1559898                               0
               0.1579156                               0
               0.1598414                               0
               0.1617672                               0
                0.163693                               0
               0.1656188                               0
               0.1675446                               0
               0.1694704                               0
               0.1713962                               0
                0.173322                               0
               0.1752478                               0
               0.1771736                               0
               0.1790994                               0
               0.1810252                               0
                0.182951                  -1.0286792e-35
               0.1848768                  -1.2163652e-34
               0.1868026                  -6.3116066e-34
               0.1887284                   -5.350094e-34
               0.1906542                  -3.8175957e-33
                 0.19258                  -3.4663121e-33
               0.1945058                  -2.0153663e-33
               0.1964316                  -4.4376028e-33
               0.1983574                   -1.471466e-32
               0.2002832                  -8.4714116e-32
                0.202209                  -6.4571438e-31
               0.2041348                   -4.655895e-30
               0.2060606                   -4.655895e-30
               0.2079864                   -3.095933e-29
               0.2099122                  -1.9095227e-28
                0.211838                  -1.0988005e-27
               0.2137638                  -5.9303805e-27
               0.2156896                   -3.013644e-26
               0.2176154                  -1.4482121e-25
               0.2195412                  -6.5978408e-25
                0.221467                   -2.858997e-24
               0.2233928                  -1.1810018e-23
               0.2253186                  -4.6608572e-23
               0.2272444                  -1.7607495e-22
               0.2291702                  -6.3787242e-22
                0.231096                  -2.2191644e-21
               0.2330218                  -7.4248798e-21
               0.2349476                   -2.391794e-20
               0.2368734                  -7.4274628e-20
               0.2387992                  -2.2257277e-19
                0.240725                  -6.4413107e-19
               0.2426508                  -1.8020423e-18
               0.2445766                  -4.8763439e-18
               0.2465024                  -1.2773225e-17
               0.2484282                  -3.2405466e-17
                0.250354                  -7.9664269e-17
               0.2522798                  -1.8985954e-16
               0.2542056                  -4.3884184e-16
               0.2561314                  -9.8403428e-16
               0.2580572                   -2.141196e-15
                0.259983                  -4.5223352e-15
               0.2619088                  -9.2714786e-15
               0.2638346                  -1.8453263e-14
               0.2657604                  -3.5657319e-14
               0.2676862                  -6.6890063e-14
                0.269612                  -1.2179545e-13
               0.2715378                  -2.1522508e-13
               0.2734636                   -3.689997e-13
               0.2753894                  -6.1357489e-13
               0.2773152                  -9.8907113e-13
                0.279241                  -1.5447773e-12
               0.2811668                  -2.3362115e-12
               0.2830926                  -3.4181841e-12
               0.2850184                  -4.8346084e-12
               0.2869442                  -6.6042874e-12
                 0.28887                   -8.704224e-12
               0.2907958                  -1.1058923e-11
               0.2927216                  -1.3538121e-11
               0.2946474                  -1.5972997e-11
               0.2965732                  -1.8201133e-11
                0.298499                  -2.0137789e-11
               0.3004248                  -2.1877803e-11
               0.3023506                    -2.37941e-11
               0.3042764                  -2.6633499e-11
               0.3062022                  -3.1539688e-11
                0.308128                   -4.001291e-11
               0.3100538                  -5.3745255e-11
               0.3119796                  -7.4398945e-11
               0.3139054                  -1.0332091e-10
               0.3158312                  -1.4136228e-10
                0.317757                  -1.8886684e-10
               0.3196828                  -2.4587435e-10
               0.3216086                  -3.1259648e-10
               0.3235344                  -3.9017203e-10
               0.3254602                  -4.8147586e-10
                0.327386                   -5.915079e-10
               0.3293118                  -7.2792761e-10
               0.3312376                  -9.0052393e-10
               0.3331634                  -1.1205715e-09
               0.3350892                  -1.4008125e-09
                0.337015                  -1.7542627e-09
               0.3389408                  -2.1954227e-09
               0.3408666                  -2.7411478e-09
               0.3427924                  -3.4119496e-09
               0.3447182                  -4.2355195e-09
                0.346644                  -5.2491718e-09
               0.3485698                  -6.4997732e-09
               0.3504956                  -8.0452418e-09
               0.3524214                  -9.9561577e-09
               0.3543472                  -1.2315692e-08
                0.356273                  -1.5223389e-08
               0.3581988                  -1.8797394e-08
               0.3601246                  -2.3183945e-08
               0.3620504                  -2.8549914e-08
               0.3639762                  -3.5118138e-08
                0.365902                  -4.3150525e-08
               0.3678278                  -5.2964911e-08
               0.3697536                  -6.4949063e-08
               0.3716794                  -7.9556486e-08
               0.3736052                  -9.7353102e-08
                0.375531                  -1.1901983e-07
               0.3774568                  -1.4533143e-07
               0.3793826                   -1.772961e-07
               0.3813084                   -2.160556e-07
               0.3832342                  -2.6298517e-07
                 0.38516                  -3.1983279e-07
               0.3870858                  -3.8853554e-07
               0.3890116                  -4.7142839e-07
               0.3909374                  -5.7149367e-07
               0.3928632                  -6.9201639e-07
                0.394789                  -8.3709585e-07
               0.3967148                  -1.0114741e-06
               0.3986406                  -1.2209349e-06
               0.4005664                  -1.4720733e-06
               0.4024922                   -1.773139e-06
                0.404418                  -2.1333358e-06
               0.4063438                  -2.5640145e-06
               0.4082696                  -3.0784963e-06
               0.4101954                  -3.6914601e-06
               0.4121212                  -4.4226481e-06
                0.414047                  -5.2927253e-06
               0.4159728                  -6.3258517e-06
               0.4178986                  -7.5537323e-06
               0.4198244                  -9.0110188e-06
               0.4217502                  -1.0735609e-05
                0.423676                   -1.277548e-05
               0.4256018                  -1.5189248e-05
               0.4275276                  -1.8035344e-05
               0.4294534                  -2.1393269e-05
               0.4313792                   -2.535042e-05
                0.433305                  -2.9999153e-05
               0.4352308                  -3.5470348e-05
               0.4371566                  -4.1880896e-05
               0.4390824                  -4.9393144e-05
               0.4410082                  -5.8194615e-05
                0.442934                  -6.8488669e-05
               0.4448598                   -8.051419e-05
               0.4467856                  -9.4522686e-05
               0.4487114                  -0.00011084944
               0.4506372                  -0.00012985207
                0.452563                  -0.00015192726
               0.4544888                  -0.00017755457
               0.4564146                  -0.00020723132
               0.4583404                  -0.00024161086
               0.4602662                  -0.00028137703
                0.462192                  -0.00032725598
               0.4641178                  -0.00038014606
               0.4660436                  -0.00044109506
               0.4679694                  -0.00051114504
               0.4698952                  -0.00059156364
                0.471821                  -0.00068394881
               0.4737468                  -0.00078957295
               0.4756726                  -0.00091039616
               0.4775984                   -0.0010484827
               0.4795242                   -0.0012057307
                 0.48145                   -0.0013850285
               0.4833758                   -0.0015889038
               0.4853016                    -0.001820742
               0.4872274                   -0.0020827339
               0.4891532                   -0.0023796775
                0.491079                   -0.0027153825
               0.4930048                   -0.0030943125
               0.4949306                   -0.0035206319
               0.4968564                   -0.0040010992
               0.4987822                   -0.0045391135
                0.500708                   -0.0051433933
               0.5026338                    -0.005819533
               0.5045596                   -0.0065735108
               0.5064854                   -0.0074155997
               0.5084112                   -0.0083529381
                0.510337                   -0.0093929013
               0.5122628                    -0.010544046
               0.5141886                    -0.011821185
               0.5161144                    -0.013228411
               0.5180402                    -0.014779115
                0.519966                    -0.016480455
               0.5218918                    -0.018346248
               0.5238176                    -0.020390326
               0.5257434                    -0.022619857
               0.5276692                    -0.025041716
                0.529595                    -0.027669204
               0.5315208                    -0.030502923
               0.5334466                    -0.033559825
               0.5353724                    -0.036853369
               0.5372982                    -0.040365182
                0.539224                    -0.044110723
               0.5411498                    -0.048088182
               0.5430756                    -0.052268155
               0.5450014                    -0.056662288
               0.5469272                    -0.061276399
                0.548853                    -0.066031002
               0.5507788                     -0.07091146
               0.5527046                    -0.075901903
               0.5546304                    -0.080955766
               0.5565562                    -0.085968673
                0.558482                    -0.090820223
               0.5604078                    -0.095564201
               0.5623336                    -0.099995054
               0.5642594                     -0.10392736
               0.5661852                     -0.10716039
                0.568111                     -0.10992537
               0.5700368                     -0.11142266
               0.5719626                     -0.11149973
               0.5738884                     -0.11037897
               0.5758142                     -0.10739563
                 0.57774                     -0.10186247
               0.5796658                     -0.09376505
               0.5815916                    -0.082592756
               0.5835174                    -0.068032488
               0.5854432                    -0.048597392
                0.587369                    -0.024313157
               0.5892948                     0.005016115
               0.5912206                     0.041513123
               0.5931464                     0.085386604
               0.5950722                      0.13795321
                0.596998                      0.19975887
               0.5989238                      0.27272078
               0.6008496                      0.35771883
               0.6027754                      0.45690462
               0.6047012                      0.57145995
                0.606627                      0.70351714
               0.6085528                      0.85360283
               0.6104786                       1.0246137
               0.6124044                       1.2198125
               0.6143302                       1.2198125
                0.616256                       1.4412545
               0.6181818                       1.6925362
               0.6201076                       1.9727588
               0.6220334                        2.287086
               0.6239592                       2.6417346
                0.625885                       3.0352149
               0.6278108                       3.4749646
               0.6297366                       3.9621143
               0.6316624                       4.5054231
               0.6335882                       5.1005511
                0.635514                       5.7603683
               0.6374398                       6.4864669
               0.6393656                       7.2876611
               0.6412914                       8.1643343
               0.6432172                       9.1167955
                0.645143                       10.163592
               0.6470688                       11.300257
               0.6489946                       12.545644
               0.6509204                       13.900064
               0.6528462                       15.358121
                0.654772                       16.929987
               0.6566978                       18.642485
               0.6586236                        20.49202
               0.6605494                       22.471855
               0.6624752                       24.605631
                0.664401                       26.901463
               0.6663268                       29.338699
               0.6682526                       31.957108
               0.6701784                       34.765114
               0.6721042                       37.757687
                 0.67403                       40.926079
               0.6759558                       44.275951
               0.6778816                       47.871437
               0.6798074                       51.658054
               0.6817332                       55.663353
                0.683659                       59.899258
               0.6855848                       64.373573
               0.6875106                         69.0606
               0.6894364                       73.972885
               0.6913622                       79.143936
                0.693288                       84.610321
               0.6952138                       90.275047
               0.6971396                       96.178177
               0.6990654                       102.33533
               0.7009912                       108.77283
                0.702917                       115.45122
               0.7048428                       122.38116
               0.7067686                       129.56392
               0.7086944                       136.94681
               0.7106202                       144.62201
                0.712546                       152.55246
               0.7144718                       160.66499
               0.7163976                       169.03279
               0.7183234                       177.50009
               0.7202492                       186.30154
                0.722175                        195.3295
               0.7241008                       204.47008
               0.7260266                       213.67191
               0.7279524                       223.15163
               0.7298782                       232.77272
                0.731804                       242.47768
               0.7337298                       252.32407
               0.7356556                       262.20166
               0.7375814                        272.1319
               0.7395072                       282.14346
                0.741433                       292.19373
               0.7433588                       302.23904
               0.7452846                       312.25558
               0.7472104                       322.18826
               0.7491362                       332.00833
                0.751062                       341.77573
               0.7529878                       351.42807
               0.7549136                       360.97031
               0.7568394                       370.25354
               0.7587652                       379.25888
                0.760691                       388.04636
               0.7626168                       396.74503
               0.7645426                       405.01953
               0.7664684                       412.94873
               0.7683942                       420.50226
                 0.77032                       427.71542
               0.7722458                        434.5159
               0.7741716                       440.93817
               0.7760974                       446.74231
               0.7780232                       452.20596
                0.779949                        457.0416
               0.7818748                       461.43655
               0.7838006                       465.16071
               0.7857264                       468.36691
               0.7876522                       470.96478
                0.789578                       472.93948
               0.7915038                       474.22852
               0.7934296                       474.91422
               0.7953554                       474.87143
               0.7972812                       474.13809
                0.799207                       472.73395
               0.8011328                       470.65402
               0.8030586                       467.74048
               0.8049844                       464.19885
               0.8069102                       459.98145
                0.808836                       454.91562
               0.8107618                       449.24146
               0.8126876                       442.66138
               0.8146134                       435.51062
               0.8165392                       427.52142
                0.818465                       418.86627
               0.8203908                       409.64059
               0.8223166                       399.73422
               0.8242424                       388.98438
               0.8261682                       377.57355
                0.828094                       365.64478
               0.8300198                       353.31317
               0.8319456                        340.0954
               0.8338714                       326.25937
               0.8357972                       312.23587
                0.837723                       297.55139
               0.8396488                       282.30627
               0.8415746                       266.66818
               0.8435004                       250.79001
               0.8454262                       234.36102
                0.847352                       217.61801
               0.8492778                       200.73856
               0.8512036                       183.63626
               0.8531294                       166.20764
               0.8550552                        148.6713
                0.856981                       131.04205
               0.8589068                       113.31168
               0.8608326                       95.607628
               0.8627584                       77.910988
               0.8646842                       60.322021
                 0.86661                       42.824318
               0.8685358                       25.434313
               0.8704616                       8.2646303
               0.8723874                      -8.5934744
               0.8743132                       -25.30278
                0.876239                      -41.571434
               0.8781648                      -57.468498
               0.8800906                      -73.025215
               0.8820164                      -88.110031
               0.8839422                      -102.68678
                0.885868                      -116.70041
               0.8877938                      -130.24789
               0.8897196                      -143.34363
               0.8916454                      -155.65221
               0.8935712                      -167.27554
                0.895497                      -178.28888
               0.8974228                      -188.77731
               0.8993486                      -198.48474
               0.9012744                      -207.34868
               0.9032002                      -215.54385
                0.905126                      -223.06941
               0.9070518                      -229.84973
               0.9089776                      -235.83424
               0.9109034                      -240.98022
               0.9128292                      -245.39905
                0.914755                      -249.09399
               0.9166808                      -252.00404
               0.9186066                      -254.15942
               0.9205324                      -255.53316
               0.9224582                      -256.11786
                0.924384                      -256.01019
               0.9263098                      -255.24069
               0.9282356                      -253.72289
               0.9301614                       -251.5079
               0.9320872                      -248.61163
                0.934013                      -245.02313
               0.9359388                      -240.85855
               0.9378646                      -236.14339
               0.9397904                      -230.77832
               0.9417162                      -224.79935
                0.943642                      -218.31448
               0.9455678                      -211.39386
               0.9474936                      -203.96944
               0.9494194                      -196.04782
               0.9513452                      -187.71968
                0.953271                       -178.9735
               0.9551968                      -169.86929
               0.9571226                      -160.43074
               0.9590484                      -150.63202
               0.9609742                      -140.60771
                  0.9629                      -130.37373
               0.9648258                      -119.83294
               0.9667516                      -109.08115
               0.9686774                      -98.209557
               0.9706032                      -87.156082
                0.972529                      -75.934738
               0.9744548                      -64.652802
               0.9763806                      -53.362255
               0.9783064                      -41.991425
               0.9802322                      -30.577538
                0.982158                       -19.25223
               0.9840838                      -7.9140801
               0.9860096                       3.4556711
               0.9879354                       14.719371
               0.9898612                       25.906012
                0.991787                       36.949886
               0.9937128                       47.780621
               0.9956386                        58.52837
               0.9975644                       69.134132
               0.9994902                       79.524071
                1.001416                       89.736916
               1.0033418                       99.636696
               1.0052676                       109.25789
               1.0071934                       118.75553
               1.0091192                       127.98947
                1.011045                       136.86761
               1.0129708                       145.40891
               1.0148966                       153.56465
               1.0168224                       161.44272
               1.0187482                       169.08075
                1.020674                        176.2747
               1.0225998                       182.99693
               1.0245256                       182.99693
               1.0264514                       189.37325
               1.0283772                       195.38135
                1.030303                       200.96767
               1.0322288                       206.15186
               1.0341546                       210.87581
               1.0360804                       215.02603
               1.0380062                        218.6774
                1.039932                       221.99629
               1.0418578                       224.91425
               1.0437836                       227.27304
               1.0457094                       229.04927
               1.0476352                        230.2534
                1.049561                       230.97061
               1.0514868                       231.26587
               1.0534126                       231.01178
               1.0553384                       230.20396
               1.0572642                       228.89252
                 1.05919                       226.90736
               1.0611158                        224.3578
               1.0630416                       221.49637
               1.0649674                        218.0528
               1.0668932                       213.86212
                1.068819                       209.22266
               1.0707448                       204.13161
               1.0726706                       198.42183
               1.0745964                       192.20224
               1.0765222                        185.5025
                1.078448                       178.28598
               1.0803738                       170.59044
               1.0822996                        162.3425
               1.0842254                       153.59154
               1.0861512                       144.49149
                1.088077                       134.93764
               1.0900028                       124.88491
               1.0919286                       114.48932
               1.0938544                       103.74213
               1.0957802                       92.587051
                1.097706                       81.065071
               1.0996318                       69.236328
               1.1015576                       57.186939
               1.1034834                       44.865768
               1.1054092                        32.20887
                1.107335                       19.372082
               1.1092608                       6.4327693
               1.1111866                      -6.6491513
               1.1131124                      -19.822025
               1.1150382                      -33.064232
                1.116964                       -46.37265
               1.1188898                       -59.70512
               1.1208156                      -73.019531
               1.1227414                      -86.206627
               1.1246672                      -99.192787
                1.126593                      -112.04099
               1.1285188                      -124.80628
               1.1304446                      -137.37566
               1.1323704                      -149.54184
               1.1342962                      -161.32652
                1.136222                       -172.8786
               1.1381478                      -184.08548
               1.1400736                      -194.79604
               1.1419994                      -205.02115
               1.1439252                       -214.7281
                1.145851                      -223.88771
               1.1477768                      -232.49829
               1.1497026                       -240.5052
               1.1516284                      -247.87372
               1.1535542                      -254.53622
                 1.15548                      -260.44492
               1.1574058                      -265.67694
               1.1593316                      -270.20731
               1.1612574                      -273.90033
               1.1631832                      -276.75064
                1.165109                      -278.82037
               1.1670348                      -280.10504
               1.1689606                      -280.52396
               1.1708864                      -280.02133
               1.1728122                       -278.6955
                1.174738                      -276.59436
               1.1766638                      -273.57672
               1.1785896                      -269.60745
               1.1805154                      -264.80032
               1.1824412                      -259.20111
                1.184367                      -252.79793
               1.1862928                      -245.55746
               1.1882186                      -237.46912
               1.1901444                      -228.60165
               1.1920702                      -219.01129
                1.193996                      -208.71182
               1.1959218                      -197.68962
               1.1978476                      -185.94514
               1.1997734                        -173.623
               1.2016992                      -160.81076
                1.203625                      -147.35922
               1.2055508                      -133.28552
               1.2074766                       -118.8541
               1.2094024                       -104.1153
               1.2113282                      -88.943527
                1.213254                      -73.358322
               1.2151798                      -57.506042
               1.2171056                      -41.544304
               1.2190314                      -25.482904
               1.2209572                      -9.2023144
                1.222883                       7.2025948
               1.2248088                       23.485588
               1.2267346                       39.630741
               1.2286604                       55.742916
               1.2305862                       71.769264
                1.232512                       87.557487
               1.2344378                       103.01688
               1.2363636                       118.11718
               1.2382894                       132.81682
               1.2402152                       147.12021
                1.242141                       161.02402
               1.2440668                       174.38481
               1.2459926                       187.12616
               1.2479184                        199.2941
               1.2498442                       210.80769
                 1.25177                       221.60693
               1.2536958                       231.78081
               1.2556216                       241.25107
               1.2575474                       249.79073
               1.2594732                       257.42139
                1.261399                         264.375
               1.2633248                       270.66794
               1.2652506                       276.04022
               1.2671764                        280.3291
               1.2691022                       283.67599
                1.271028                       286.29547
               1.2729538                       288.12625
               1.2748796                       288.93817
               1.2768054                       288.74597
               1.2787312                       287.73386
                1.280657                       285.92041
               1.2825828                       283.21579
               1.2845086                       279.59921
               1.2864344                        275.1243
               1.2883602                        269.8374
                1.290286                       263.76303
               1.2922118                       256.95328
               1.2941376                       249.39255
               1.2960634                       241.03241
               1.2979892                       231.99197
                1.299915                       222.36749
               1.3018408                       212.08142
               1.3037666                       201.18997
               1.3056924                       189.85825
               1.3076182                       178.04347
                1.309544                       165.66055
               1.3114698                        152.8248
               1.3133956                       139.68486
               1.3153214                       126.28471
               1.3172472                       112.59495
                1.319173                       98.583206
               1.3210988                       84.365387
               1.3230246                       70.104019
               1.3249504                       55.762123
               1.3268762                       41.294708
                1.328802                       26.809036
               1.3307278                       12.357322
               1.3326536                      -2.0190797
               1.3345794                      -16.201447
               1.3365052                      -30.191605
                1.338431                      -44.048965
               1.3403568                      -57.700817
               1.3422826                      -71.041245
               1.3442084                      -84.009102
               1.3461342                       -96.60984
                 1.34806                      -108.89399
               1.3499858                      -120.77917
               1.3519116                      -132.16241
               1.3538374                      -143.09459
               1.3557632                       -153.5347
                1.357689                      -163.39731
               1.3596148                      -172.77423
               1.3615406                      -181.65468
               1.3634664                      -189.91078
               1.3653922                      -197.55386
                1.367318                      -204.59154
               1.3692438                      -211.01611
               1.3711696                      -216.86197
               1.3730954                      -222.06236
               1.3750212                      -226.60313
                1.376947                      -230.55965
               1.3788728                      -233.87335
               1.3807986                      -236.51398
               1.3827244                      -238.57022
               1.3846502                      -240.01811
                1.386576                      -240.79547
               1.3885018                      -240.97588
               1.3904276                       -240.6255
               1.3923534                      -239.67192
               1.3942792                      -238.06503
                1.396205                      -235.92149
               1.3981308                      -233.31133
               1.4000566                      -230.11446
               1.4019824                      -226.30431
               1.4039082                      -222.03583
                1.405834                      -217.36064
               1.4077598                      -212.19849
               1.4096856                      -206.51572
               1.4116114                      -200.35686
               1.4135372                      -193.80928
                1.415463                      -186.93098
               1.4173888                      -179.70415
               1.4193146                      -172.08534
               1.4212404                      -164.04541
               1.4231662                      -155.64262
                1.425092                      -147.02031
               1.4270178                      -138.18771
               1.4289436                      -128.99469
               1.4308694                       -119.4565
               1.4327952                      -109.78634
                1.434721                      -109.78634
               1.4366468                      -99.986816
               1.4385726                      -89.889984
               1.4404984                      -79.601372
               1.4424242                      -69.260178
                 1.44435                      -58.708981
               1.4462758                      -47.936455
               1.4482016                      -37.161537
               1.4501274                      -26.399546
               1.4520532                       -15.56092
                1.453979                      -4.6518764
               1.4559048                       6.3264155
               1.4578306                       17.345421
               1.4597564                       28.303659
               1.4616822                       39.141167
                1.463608                       49.923199
               1.4655338                       60.722954
               1.4674596                        71.44207
               1.4693854                       81.942215
               1.4713112                       92.269196
                1.473237                       102.51292
               1.4751628                       112.59988
               1.4770886                        122.4235
               1.4790144                       131.99753
               1.4809402                       141.33148
                1.482866                       150.39816
               1.4847918                       159.21288
               1.4867176                       167.70857
               1.4886434                       175.78775
               1.4905692                        183.5067
                1.492495                       190.90634
               1.4944208                        197.9122
               1.4963466                       204.48387
               1.4982724                       210.62471
               1.5001982                       216.30914
                1.502124                       221.45714
               1.5040498                       226.05072
               1.5059756                       230.21402
               1.5079014                       233.95566
               1.5098272                       237.08589
                1.511753                        239.5256
               1.5136788                       241.38673
               1.5156046                       242.76242
               1.5175304                       243.57925
               1.5194562                       243.69243
                1.521382                       243.13104
               1.5233078                       242.02727
               1.5252336                       240.33357
               1.5271594                        237.9343
               1.5290852                       234.87726
                1.531011                       231.21924
               1.5329368                       226.91161
               1.5348626                       221.95261
               1.5367884                       216.37009
               1.5387142                        210.1443
                 1.54064                       203.28769
               1.5425658                        195.8326
               1.5444916                       187.78468
               1.5464174                        179.1398
               1.5483432                       169.91924
                1.550269                       160.19865
               1.5521948                       149.95137
               1.5541206                       139.08929
               1.5560464                       127.74423
               1.5579722                       116.03915
                1.559898                       103.89651
               1.5618238                       91.319511
               1.5637496                       78.352509
               1.5656754                       65.031532
               1.5676012                       51.480804
                1.569527                       37.679668
               1.5714528                       23.561728
               1.5733786                       9.2751951
               1.5753044                      -5.0983081
               1.5772302                      -19.639265
                1.579156                      -34.296162
               1.5810818                       -48.86705
               1.5830076                      -63.307693
               1.5849334                      -77.792343
               1.5868592                      -92.292206
                1.588785                      -106.54798
               1.5907108                      -120.48608
               1.5926366                      -134.16003
               1.5945624                      -147.58995
               1.5964882                      -160.72391
                1.598414                      -173.39107
               1.6003398                      -185.58824
               1.6022656                      -197.37186
               1.6041914                      -208.55707
               1.6061172                      -219.15681
                1.608043                      -229.31602
               1.6099688                      -238.79466
               1.6118946                      -247.40611
               1.6138204                      -255.31987
               1.6157462                      -262.61877
                1.617672                      -269.16223
               1.6195978                      -274.81174
               1.6215236                      -279.59827
               1.6234494                      -283.57297
               1.6253752                      -286.64902
                1.627301                      -288.85971
               1.6292268                      -290.29037
               1.6311526                      -290.75198
               1.6330784                      -290.13083
               1.6350042                      -288.65356
                 1.63693                      -286.40933
               1.6388558                      -283.19525
               1.6407816                      -278.98636
               1.6427074                      -273.96329
               1.6446332                      -268.10352
                1.646559                      -261.29999
               1.6484848                      -253.62973
               1.6504106                       -245.1859
               1.6523364                      -236.00073
               1.6542622                      -226.05391
                1.656188                      -215.27753
               1.6581138                      -203.77461
               1.6600396                      -191.71713
               1.6619654                      -179.09985
               1.6638912                      -165.89511
                1.665817                      -152.11089
               1.6677428                       -137.7762
               1.6696686                      -123.03895
               1.6715944                      -108.00488
               1.6735202                      -92.639908
                1.675446                       -76.94371
               1.6773718                      -61.022697
               1.6792976                      -44.987099
               1.6812234                      -28.822035
               1.6831492                      -12.514689
                1.685075                       3.7792215
               1.6870008                       19.942408
               1.6889266                       36.016571
               1.6908524                       52.014362
               1.6927782                       67.813637
                1.694704                       83.263885
               1.6966298                       98.383804
               1.6985556                        113.2424
               1.7004814                       127.69433
               1.7024072                       141.60144
                1.704333                       155.02544
               1.7062588                       167.98526
               1.7081846                       180.38583
               1.7101104                       192.14513
               1.7120362                        203.2137
                1.713962                       213.57027
               1.7158878                       223.24802
               1.7178136                       232.29677
               1.7197394                       240.60342
               1.7216652                       247.97421
                1.723591                        254.5155
               1.7255168                       260.42538
               1.7274426                       265.54245
               1.7293684                       269.67316
               1.7312942                       272.92297
                 1.73322                       275.41202
               1.7351458                       277.10464
               1.7370716                       277.92062
               1.7389974                       277.88062
               1.7409232                       277.07663
                1.742849                       275.43332
               1.7447748                       272.87189
               1.7467006                       269.56985
               1.7486264                       265.61032
               1.7505522                       260.86966
                1.752478                       255.34619
               1.7544038                       249.10677
               1.7563296                       242.18333
               1.7582554                        234.6423
               1.7601812                       226.51631
                1.762107                       217.80038
               1.7640328                       208.48914
               1.7659586                       198.60457
               1.7678844                       188.25485
               1.7698102                       177.51292
                1.771736                       166.36502
               1.7736618                       154.83041
               1.7755876                       142.92883
               1.7775134                       130.69315
               1.7794392                       118.26701
                1.781365                       105.71093
               1.7832908                       92.860367
               1.7852166                        79.71991
               1.7871424                       66.617798
               1.7890682                       53.612762
                1.790994                       40.446056
               1.7929198                       27.195724
               1.7948456                       14.103988
               1.7967714                       1.0942967
               1.7986972                      -11.884116
                1.800623                      -24.644594
               1.8025488                      -37.145565
               1.8044746                      -49.526314
               1.8064004                       -61.73624
               1.8083262                      -73.582428
                1.810252                      -85.074745
               1.8121778                      -96.297043
               1.8141036                      -107.18978
               1.8160294                      -117.70447
               1.8179552                      -127.81644
                1.819881                      -137.49426
               1.8218068                      -146.78093
               1.8237326                      -155.65813
               1.8256584                      -164.03725
               1.8275842                      -171.91237
                 1.82951                      -179.30977
               1.8314358                       -186.2547
               1.8333616                      -192.73302
               1.8352874                      -198.64447
               1.8372132                      -203.98073
                1.839139                      -208.85571
               1.8410648                      -213.28767
               1.8429906                      -213.28767
               1.8449164                      -217.17285
               1.8468422                      -220.44524
                1.848768                      -223.18164
               1.8506938                      -225.47485
               1.8526196                      -227.24132
               1.8545454                      -228.41893
               1.8564712                      -229.12727
                1.858397                      -229.36562
               1.8603228                       -229.0304
               1.8622486                      -228.18887
               1.8641744                      -226.87715
               1.8661002                       -225.0397
                1.868026                      -222.73305
               1.8699518                      -219.98047
               1.8718776                      -216.74335
               1.8738034                      -213.03326
               1.8757292                      -208.82332
                1.877655                      -204.14687
               1.8795808                      -199.10828
               1.8815066                      -193.67046
               1.8834324                      -187.76535
               1.8853582                      -181.42705
                1.887284                      -174.69106
               1.8892098                      -167.57628
               1.8911356                       -160.1136
               1.8930614                      -152.29671
               1.8949872                      -144.07626
                1.896913                      -135.50931
               1.8988388                       -126.6935
               1.9007646                      -117.52956
               1.9026904                      -107.98946
               1.9046162                      -98.248917
                1.906542                      -88.283379
               1.9084678                      -77.991806
               1.9103936                      -67.472755
               1.9123194                      -56.789463
               1.9142452                      -45.907333
                1.916171                      -34.804836
               1.9180968                      -23.543209
               1.9200226                      -12.232835
               1.9219484                     -0.79946089
               1.9238742                       10.807137
                  1.9258                       22.388054
               1.9277258                        33.94627
               1.9296516                       45.655624
               1.9315774                       57.367931
               1.9335032                       68.890663
                1.935429                       80.339813
               1.9373548                       91.804291
               1.9392806                       103.13674
               1.9412064                       114.23375
               1.9431322                       125.14809
                1.945058                       135.87303
               1.9469838                       146.33501
               1.9489096                       156.53146
               1.9508354                       166.45021
               1.9527612                       176.01698
                1.954687                       185.17519
               1.9566128                       193.90956
               1.9585386                       202.24701
               1.9604644                         210.194
               1.9623902                        217.6557
                1.964316                       224.53476
               1.9662418                       230.84552
               1.9681676                       236.63281
               1.9700934                       241.88092
               1.9720192                       246.54124
                1.973945                       250.54543
               1.9758708                        253.8333
               1.9777966                       256.43207
               1.9797224                       258.39996
               1.9816482                       259.71878
                1.983574                        260.3125
               1.9854998                       260.11807
               1.9874256                       259.17029
               1.9893514                       257.53827
               1.9912772                       255.16295
                1.993203                       251.99892
               1.9951288                       248.12315
               1.9970546                       243.52211
               1.9989804                       238.13837
               2.0009062                       232.01283
                2.002832                        225.1539
               2.0047578                       217.59381
               2.0066836                        209.4198
               2.0086094                       200.54111
               2.0105352                       190.87021
                2.012461                       180.61163
               2.0143868                       169.88843
               2.0163126                       158.49486
               2.0182384                       146.41147
               2.0201642                       133.93462
                 2.02209                       121.07314
               2.0240158                       107.61152
               2.0259416                       93.667404
               2.0278674                       79.464882
               2.0297932                       64.983833
                2.031719                       50.152584
               2.0336448                       35.004459
               2.0355706                       19.683529
               2.0374964                       4.2858467
               2.0394222                      -11.249396
                2.041348                       -26.86418
               2.0432738                      -42.392002
               2.0451996                       -57.87001
               2.0471254                      -73.380798
               2.0490512                      -88.780052
                2.050977                      -103.85154
               2.0529028                      -118.58794
               2.0548286                      -133.09435
               2.0567544                      -147.30893
               2.0586802                      -161.11108
                2.060606                       -174.4505
               2.0625318                      -187.25822
               2.0644576                      -199.52316
               2.0663834                       -211.2408
               2.0683092                      -222.30246
                2.070235                      -232.66298
               2.0721608                      -242.34523
               2.0740866                      -251.33337
               2.0760124                      -259.57639
               2.0779382                      -266.95267
                2.079864                      -273.41214
               2.0817898                      -279.07388
               2.0837156                      -283.96396
               2.0856414                      -287.93527
               2.0875672                      -290.92081
                2.089493                      -292.98312
               2.0914188                      -294.15265
               2.0933446                      -294.40445
               2.0952704                      -293.69785
               2.0971962                      -292.02716
                2.099122                      -289.47388
               2.1010478                      -286.04153
               2.1029736                      -281.64679
               2.1048994                      -276.35101
               2.1068252                      -270.21628
                2.108751                      -263.20358
               2.1106768                      -255.37173
               2.1126026                      -246.78421
               2.1145284                      -237.42535
               2.1164542                      -227.30647
                 2.11838                      -216.47299
               2.1203058                      -205.01917
               2.1222316                      -192.98543
               2.1241574                      -180.33267
               2.1260832                      -167.13004
                2.128009                       -153.4669
               2.1299348                      -139.35826
               2.1318606                       -124.8736
               2.1337864                      -110.09315
               2.1357122                      -95.040024
                2.137638                      -79.726578
               2.1395638                      -64.180771
               2.1414896                      -48.479675
               2.1434154                      -32.750896
               2.1453412                      -17.082127
                2.147267                      -1.4252478
               2.1491928                        14.25297
               2.1511186                       29.796633
               2.1530444                       45.088791
               2.1549702                       60.176697
                2.156896                       75.036652
               2.1588218                       89.543381
               2.1607476                       103.65343
               2.1626734                       117.42044
               2.1645992                        130.8026
                2.166525                       143.63966
               2.1684508                       155.89088
               2.1703766                       167.61476
               2.1723024                       178.81406
               2.1742282                       189.44176
                2.176154                       199.36688
               2.1780798                       208.55215
               2.1800056                       217.16167
               2.1819314                       225.16287
               2.1838572                       232.33513
                2.185783                       238.70151
               2.1877088                       244.38594
               2.1896346                       249.34911
               2.1915604                       253.54541
               2.1934862                       256.98303
                2.195412                         259.638
               2.1973378                       261.52026
               2.1992636                       262.67807
               2.2011894                       263.08569
               2.2031152                       262.71048
                2.205041                       261.60605
               2.2069668                       259.80118
               2.2088926                          257.28
               2.2108184                       254.07747
               2.2127442                       250.21571
                 2.21467                        245.6725
               2.2165958                       240.47894
               2.2185216                       234.71049
               2.2204474                       228.40434
               2.2223732                       221.51663
                2.224299                       214.00841
               2.2262248                       206.00061
               2.2281506                        197.6188
               2.2300764                       188.79874
               2.2320022                       179.49881
                2.233928                       169.79642
               2.2358538                       159.75539
               2.2377796                       149.42583
               2.2397054                       138.80733
               2.2416312                       127.90259
                2.243557                       116.79597
               2.2454828                       105.48844
               2.2474086                       93.963272
               2.2493344                       82.322495
               2.2512602                       70.619911
                2.253186                       70.619911
               2.2551118                       58.845898
               2.2570376                       46.996822
               2.2589634                       35.101139
               2.2608892                       23.265257
                2.262815                        11.50675
               2.2647408                     -0.23941466
               2.2666666                      -11.921588
               2.2685924                      -23.461201
               2.2705182                      -34.827934
                2.272444                      -46.030499
               2.2743698                      -57.102863
               2.2762956                      -67.977455
               2.2782214                      -78.575684
               2.2801472                      -88.918175
                2.282073                      -99.012863
               2.2839988                      -108.84445
               2.2859246                      -118.37013
               2.2878504                      -127.55296
               2.2897762                      -136.43349
                2.291702                      -144.99193
               2.2936278                      -153.17249
               2.2955536                      -160.99733
               2.2974794                      -168.43719
               2.2994052                       -175.4565
                2.301331                      -182.10176
               2.3032568                      -188.35399
               2.3051826                      -194.14374
               2.3071084                      -199.47675
               2.3090342                      -204.41212
                 2.31096                      -208.96117
               2.3128858                      -213.02046
               2.3148116                      -216.53084
               2.3167374                      -219.61874
               2.3186632                      -222.34114
                2.320589                      -224.52296
               2.3225148                      -226.09479
               2.3244406                      -227.24608
               2.3263664                      -228.02711
               2.3282922                      -228.25038
                2.330218                      -227.88806
               2.3321438                       -227.0432
               2.3340696                      -225.70355
               2.3359954                      -223.90218
               2.3379212                      -221.65991
                2.339847                      -218.81248
               2.3417728                      -215.35771
               2.3436986                      -211.49525
               2.3456244                      -207.19803
               2.3475502                      -202.32516
                2.349476                      -196.92308
               2.3514018                      -191.07687
               2.3533276                       -184.7672
               2.3552534                      -177.94263
               2.3571792                      -170.59869
                2.359105                      -162.79622
               2.3610308                      -154.59398
               2.3629566                      -145.97456
               2.3648824                      -136.88441
               2.3668082                      -127.35245
                2.368734                      -117.46902
               2.3706598                      -107.23022
               2.3725856                      -96.581131
               2.3745114                      -85.569038
               2.3764372                      -74.281853
                2.378363                       -62.74062
               2.3802888                      -50.917797
               2.3822146                      -38.784187
               2.3841404                      -26.402033
               2.3860662                      -13.920824
                2.387992                       -1.340501
               2.3899178                       11.455172
               2.3918436                        24.36323
               2.3937694                       37.243404
               2.3956952                       50.195366
                2.397621                        63.19685
               2.3995468                       76.059509
               2.4014726                       88.809357
               2.4033984                       101.50516
               2.4053242                        114.0453
                 2.40725                       126.36774
               2.4091758                       138.45042
               2.4111016                       150.24448
               2.4130274                       161.71071
               2.4149532                       172.83101
                2.416879                       183.59831
               2.4188048                       193.94025
               2.4207306                       203.78232
               2.4226564                       213.13983
               2.4245822                       221.98726
                2.426508                        230.2392
               2.4284338                       237.84615
               2.4303596                       244.84013
               2.4322854                        251.2803
               2.4342112                       257.03229
                2.436137                       261.94614
               2.4380628                       266.15546
               2.4399886                       269.69986
               2.4419144                       272.41629
               2.4438402                       274.33466
                2.445766                       275.51825
               2.4476918                       275.86197
               2.4496176                       275.32599
               2.4515434                       273.97003
               2.4534692                       271.83005
                2.455395                       268.87799
               2.4573208                       265.05212
               2.4592466                       260.37488
               2.4611724                       254.91989
               2.4630982                       248.67023
                2.465024                       241.59427
               2.4669498                       233.75095
               2.4688756                       225.17113
               2.4708014                       215.82895
               2.4727272                       205.77859
                2.474653                        195.0704
               2.4765788                       183.67882
               2.4785046                       171.65611
               2.4804304                       159.07343
               2.4823562                       145.93365
                2.484282                       132.30121
               2.4862078                       118.23521
               2.4881336                       103.68918
               2.4900594                       88.680069
               2.4919852                       73.384766
                2.493911                       57.939819
               2.4958368                       42.248474
               2.4977626                       26.221546
               2.4996884                       10.061525
               2.5016142                      -6.0322533
                 2.50354                      -22.141582
               2.5054658                      -38.335587
               2.5073916                      -54.451653
               2.5093174                      -70.348869
               2.5112432                      -86.062592
                2.513169                      -101.57671
               2.5150948                      -116.77702
               2.5170206                      -131.62463
               2.5189464                      -146.06897
               2.5208722                      -160.02657
                2.522798                      -173.52205
               2.5247238                      -186.53731
               2.5266496                      -198.92809
               2.5285754                      -210.62985
               2.5305012                       -221.6801
                2.532427                      -232.06633
               2.5343528                      -241.69795
               2.5362786                      -250.52931
               2.5382044                      -258.59869
               2.5401302                       -265.8512
                2.542056                      -272.17273
               2.5439818                      -277.63391
               2.5459076                      -282.30939
               2.5478334                      -286.04199
               2.5497592                      -288.76544
                2.551685                      -290.63925
               2.5536108                      -291.66425
               2.5555366                      -291.69418
               2.5574624                      -290.77164
               2.5593882                      -288.99335
                2.561314                      -286.30447
               2.5632398                       -282.7074
               2.5651656                      -278.30276
               2.5670914                      -273.02817
               2.5690172                      -266.79443
                2.570943                      -259.77866
               2.5728688                      -252.13947
               2.5747946                      -243.76619
               2.5767204                      -234.58434
               2.5786462                      -224.68053
                2.580572                      -214.16112
               2.5824978                      -203.11668
               2.5844236                      -191.51073
               2.5863494                      -179.28099
               2.5882752                      -166.60072
                2.590201                      -153.59665
               2.5921268                      -140.16383
               2.5940526                      -126.34493
               2.5959784                      -112.27734
               2.5979042                      -97.951996
                 2.59983                      -83.426926
               2.6017558                      -68.777962
               2.6036816                      -54.001221
               2.6056074                      -39.218815
               2.6075332                      -24.468153
                2.609459                       -9.651762
               2.6113848                       5.0865707
               2.6133106                       19.600262
               2.6152364                       33.956722
               2.6171622                       48.117718
                2.619088                       62.005989
               2.6210138                       75.633514
               2.6229396                       88.924934
               2.6248654                       101.80756
               2.6267912                       114.30271
                2.628717                       126.37975
               2.6306428                       137.98636
               2.6325686                       149.12569
               2.6344944                       159.74011
               2.6364202                       169.76091
                2.638346                        179.2607
               2.6402718                       188.23129
               2.6421976                       196.51682
               2.6441234                       204.16177
               2.6460492                       211.28149
                2.647975                       217.76703
               2.6499008                       223.53751
               2.6518266                       228.65228
               2.6537524                       233.13878
               2.6556782                         236.989
                2.657604                       240.16733
               2.6595298                       242.64694
               2.6614556                       242.64694
               2.6633814                       244.47842
               2.6653072                       245.69168
                2.667233                       246.24681
               2.6691588                       246.13686
               2.6710846                       245.40822
               2.6730104                        244.0831
               2.6749362                       242.14784
                2.676862                        239.6097
               2.6787878                       236.50357
               2.6807136                        232.8295
               2.6826394                       228.56914
               2.6845652                       223.80188
                2.686491                       218.60704
               2.6884168                       212.88782
               2.6903426                       206.59428
               2.6922684                       199.88678
               2.6941942                       192.84235
                 2.69612                       185.37215
               2.6980458                       177.46114
               2.6999716                       169.18855
               2.7018974                       160.59888
               2.7038232                       151.68979
                2.705749                       142.46878
               2.7076748                       132.98355
               2.7096006                       123.28784
               2.7115264                       113.36584
               2.7134522                       103.17667
                2.715378                       92.791222
               2.7173038                       82.299927
               2.7192296                       71.667297
               2.7211554                       60.875023
               2.7230812                       50.014038
                2.725007                       39.138775
               2.7269328                       28.204325
               2.7288586                       17.192019
               2.7307844                       6.1586671
               2.7327102                      -4.8803563
                2.734636                      -15.877642
               2.7365618                      -26.717779
               2.7384876                       -37.49229
               2.7404134                      -48.319736
               2.7423392                      -59.028141
                2.744265                      -69.512848
               2.7461908                      -79.851212
               2.7481166                      -90.029076
               2.7500424                      -100.03801
               2.7519682                      -109.87259
                2.753894                      -119.43497
               2.7558198                      -128.72775
               2.7577456                      -137.82535
               2.7596714                      -146.67726
               2.7615972                        -155.179
                2.763523                      -163.31793
               2.7654488                      -171.15669
               2.7673746                      -178.69951
               2.7693004                        -185.866
               2.7712262                      -192.60928
                2.773152                      -198.95438
               2.7750778                      -204.91412
               2.7770036                      -210.43114
               2.7789294                      -215.47859
               2.7808552                      -220.10368
                2.782781                      -224.24748
               2.7847068                        -227.828
               2.7866326                      -230.94511
               2.7885584                       -233.5976
               2.7904842                      -235.61966
                 2.79241                      -237.07425
               2.7943358                      -238.06541
               2.7962616                      -238.45482
               2.7981874                      -238.21671
               2.8001132                       -237.4597
                2.802039                      -236.11241
               2.8039648                       -234.1001
               2.8058906                      -231.49377
               2.8078164                      -228.33336
               2.8097422                      -224.56076
                2.811668                      -220.09737
               2.8135938                      -215.01096
               2.8155196                      -209.45091
               2.8174454                      -203.31177
               2.8193712                      -196.42377
                2.821297                      -188.94414
               2.8232228                      -181.02313
               2.8251486                       -172.5314
               2.8270744                      -163.40111
               2.8290002                      -153.73396
                2.830926                      -143.61211
               2.8328518                      -133.03897
               2.8347776                      -121.96999
               2.8367034                       -110.4342
               2.8386292                       -98.49633
                2.840555                      -86.151878
               2.8424808                      -73.481285
               2.8444066                      -60.542393
               2.8463324                      -47.223866
               2.8482582                      -33.585182
                2.850184                      -19.819193
               2.8521098                      -5.9238734
               2.8540356                       8.1453533
               2.8559614                       22.354034
               2.8578872                        36.61858
                2.859813                       50.841476
               2.8617388                       65.054924
               2.8636646                       79.250557
               2.8655904                       93.270859
               2.8675162                       107.09229
                2.869442                       120.75447
               2.8713678                       134.17081
               2.8732936                       147.27007
               2.8752194                        160.0282
               2.8771452                        172.4102
                2.879071                       184.35939
               2.8809968                        195.8049
               2.8829226                       206.74438
               2.8848484                        217.1687
               2.8867742                       226.99748
                  2.8887                       236.20888
               2.8906258                       244.76175
               2.8925516                       252.55881
               2.8944774                       259.63535
               2.8964032                       266.01556
                2.898329                       271.58441
               2.9002548                        276.3338
               2.9021806                       280.31259
               2.9041064                       283.43826
               2.9060322                       285.66354
                2.907958                       287.02826
               2.9098838                       287.52731
               2.9118096                       287.13074
               2.9137354                       285.82404
               2.9156612                       283.62711
                2.917587                       280.57971
               2.9195128                       276.65836
               2.9214386                       271.82071
               2.9233644                       266.09067
               2.9252902                       259.51254
                2.927216                       252.13493
               2.9291418                       243.98361
               2.9310676                       235.00092
               2.9329934                       225.20013
               2.9349192                       214.72888
                2.936845                       203.60957
               2.9387708                       191.77437
               2.9406966                       179.28911
               2.9426224                        166.2263
               2.9445482                        152.6357
                2.946474                         138.592
               2.9483998                       124.05865
               2.9503256                       109.06789
               2.9522514                       93.795425
               2.9541772                       78.236473
                2.956103                       62.336288
               2.9580288                       46.238819
               2.9599546                       30.059843
               2.9618804                       13.791368
               2.9638062                      -2.5507104
                2.965732                      -18.877132
               2.9676578                      -35.085346
               2.9695836                      -51.174896
               2.9715094                       -67.16349
               2.9734352                      -82.881973
                2.975361                      -98.180504
               2.9772868                      -113.20275
               2.9792126                      -127.99969
               2.9811384                      -142.27927
               2.9830642                      -155.95241
                 2.98499                      -169.18709
               2.9869158                      -181.88449
               2.9888416                        -193.894
               2.9907674                      -205.28577
               2.9926932                      -216.04385
                2.994619                      -226.06487
               2.9965448                      -235.31754
               2.9984706                        -243.784

