        Time / ns                e-field (t=0..end(0.00192)) (pb)_Z_0D_78/real
----------------------------------------------------------------------
                       0                               0
               0.0019258                               0
               0.0038516                               0
               0.0057774                               0
               0.0077032                               0
                0.009629                               0
               0.0115548                               0
               0.0134806                               0
               0.0154064                               0
               0.0173322                               0
                0.019258                               0
               0.0211838                               0
               0.0231096                               0
               0.0250354                               0
               0.0269612                               0
                0.028887                               0
               0.0308128                               0
               0.0327386                               0
               0.0346644                               0
               0.0365902                               0
                0.038516                               0
               0.0404418                               0
               0.0423676                               0
               0.0442934                               0
               0.0462192                               0
                0.048145                               0
               0.0500708                               0
               0.0519966                               0
               0.0539224                               0
               0.0558482                               0
                0.057774                               0
               0.0596998                               0
               0.0616256                               0
               0.0635514                               0
               0.0654772                               0
                0.067403                               0
               0.0693288                               0
               0.0712546                               0
               0.0731804                               0
               0.0751062                               0
                0.077032                               0
               0.0789578                               0
               0.0808836                               0
               0.0828094                               0
               0.0847352                               0
                0.086661                               0
               0.0885868                               0
               0.0905126                               0
               0.0924384                               0
               0.0943642                               0
                 0.09629                               0
               0.0982158                               0
               0.1001416                               0
               0.1020674                               0
               0.1039932                               0
                0.105919                               0
               0.1078448                               0
               0.1097706                               0
               0.1116964                               0
               0.1136222                               0
                0.115548                               0
               0.1174738                               0
               0.1193996                               0
               0.1213254                               0
               0.1232512                               0
                0.125177                               0
               0.1271028                               0
               0.1290286                               0
               0.1309544                               0
               0.1328802                               0
                0.134806                               0
               0.1367318                               0
               0.1386576                               0
               0.1405834                               0
               0.1425092                               0
                0.144435                               0
               0.1463608                               0
               0.1482866                               0
               0.1502124                               0
               0.1521382                               0
                0.154064                               0
               0.1559898                               0
               0.1579156                               0
               0.1598414                               0
               0.1617672                               0
                0.163693                               0
               0.1656188                               0
               0.1675446                               0
               0.1694704                               0
               0.1713962                               0
                0.173322                               0
               0.1752478                  -1.8893957e-35
               0.1771736                  -2.3726107e-34
               0.1790994                  -1.3167124e-33
               0.1810252                  -1.1612271e-33
                0.182951                  -2.1528588e-33
               0.1848768                  -3.1826462e-33
               0.1868026                  -2.5741727e-33
               0.1887284                  -3.0340769e-33
               0.1906542                  -1.6587624e-32
                 0.19258                  -1.3517114e-31
               0.1945058                  -1.1252541e-30
               0.1964316                  -8.6674122e-30
               0.1983574                  -6.0866741e-29
               0.2002832                  -3.9293186e-28
                0.202209                  -2.3494015e-27
               0.2041348                  -1.3100528e-26
               0.2060606                  -1.3100528e-26
               0.2079864                   -6.846827e-26
               0.2099122                  -3.3668463e-25
                0.211838                  -1.5648534e-24
               0.2137638                  -6.8915102e-24
               0.2156896                  -2.8853127e-23
               0.2176154                  -1.1510902e-22
               0.2195412                   -4.385486e-22
                0.221467                  -1.5986588e-21
               0.2233928                  -5.5853897e-21
               0.2253186                  -1.8732694e-20
               0.2272444                  -6.0396192e-20
               0.2291702                    -1.87412e-19
                0.231096                  -5.6034404e-19
               0.2330218                  -1.6160266e-18
               0.2349476                  -4.4992033e-18
               0.2368734                  -1.2101921e-17
               0.2387992                  -3.1473379e-17
                0.240725                  -7.9192968e-17
               0.2426508                  -1.9288907e-16
               0.2445766                  -4.5502028e-16
               0.2465024                  -1.0400089e-15
               0.2484282                  -2.3039231e-15
                0.250354                  -4.9485765e-15
               0.2522798                  -1.0307286e-14
               0.2542056                   -2.082222e-14
               0.2561314                  -4.0801611e-14
               0.2580572                  -7.7553957e-14
                0.259983                  -1.4299316e-13
               0.2619088                   -2.556987e-13
               0.2638346                   -4.433835e-13
               0.2657604                  -7.4530708e-13
               0.2676862                  -1.2141095e-12
                0.269612                  -1.9158295e-12
               0.2715378                  -2.9268411e-12
               0.2734636                  -4.3265079e-12
               0.2753894                  -6.1842753e-12
               0.2773152                  -8.5415425e-12
                0.279241                  -1.1392233e-11
               0.2811668                  -1.4666449e-11
               0.2830926                  -1.8225392e-11
               0.2850184                  -2.1878442e-11
               0.2869442                  -2.5437022e-11
                 0.28887                  -2.8802401e-11
               0.2907958                  -3.2080356e-11
               0.2927216                  -3.5722224e-11
               0.2946474                  -4.0628206e-11
               0.2965732                  -4.8204003e-11
                0.298499                  -6.0308272e-11
               0.3004248                  -7.9083157e-11
               0.3023506                  -1.0668888e-10
               0.3042764                  -1.4500383e-10
               0.3062022                  -1.9543023e-10
                0.308128                  -2.5882041e-10
               0.3100538                  -3.3583009e-10
               0.3119796                  -4.2746082e-10
               0.3139054                  -5.3591259e-10
               0.3158312                  -6.6541345e-10
                0.317757                  -8.2293239e-10
               0.3196828                  -1.0185867e-09
               0.3216086                  -1.2651064e-09
               0.3235344                  -1.5779339e-09
               0.3254602                  -1.9740838e-09
                0.327386                  -2.4724807e-09
               0.3293118                  -3.0943932e-09
               0.3312376                  -3.8651384e-09
               0.3331634                  -4.8165196e-09
               0.3350892                  -5.9883369e-09
                0.337015                  -7.4340258e-09
               0.3389408                  -9.2183239e-09
               0.3408666                  -1.1423926e-08
               0.3427924                  -1.4147776e-08
               0.3447182                  -1.7511091e-08
                0.346644                   -2.165806e-08
               0.3485698                  -2.6760254e-08
               0.3504956                  -3.3028211e-08
               0.3524214                  -4.0720845e-08
               0.3543472                  -5.0150302e-08
                0.356273                  -6.1697776e-08
               0.3581988                  -7.5824495e-08
               0.3601246                  -9.3084964e-08
               0.3620504                  -1.1415448e-07
               0.3639762                  -1.3984582e-07
                0.365902                  -1.7114432e-07
               0.3678278                   -2.092374e-07
               0.3697536                  -2.5553402e-07
               0.3716794                  -3.1176177e-07
               0.3736052                  -3.8000243e-07
                0.375531                  -4.6264836e-07
               0.3774568                  -5.6267083e-07
               0.3793826                  -6.8363477e-07
               0.3813084                  -8.2973264e-07
               0.3832342                  -1.0060185e-06
                 0.38516                  -1.2184303e-06
               0.3870858                  -1.4740068e-06
               0.3890116                  -1.7815361e-06
               0.3909374                  -2.1509913e-06
               0.3928632                  -2.5941656e-06
                0.394789                  -3.1252835e-06
               0.3967148                   -3.761123e-06
               0.3986406                  -4.5216748e-06
               0.4005664                  -5.4302568e-06
               0.4024922                  -6.5143013e-06
                0.404418                   -7.806384e-06
               0.4063438                  -9.3446151e-06
               0.4082696                  -1.1174177e-05
               0.4101954                   -1.334656e-05
               0.4121212                  -1.5924821e-05
                0.414047                  -1.8980851e-05
               0.4159728                   -2.259798e-05
               0.4178986                  -2.6873631e-05
               0.4198244                  -3.1926083e-05
               0.4217502                  -3.7888247e-05
                0.423676                  -4.4909157e-05
               0.4256018                  -5.3171247e-05
               0.4275276                  -6.2885221e-05
               0.4294534                  -7.4299402e-05
               0.4313792                  -8.7683235e-05
                0.433305                  -0.00010335096
               0.4352308                  -0.00012168746
               0.4371566                  -0.00014312338
               0.4390824                  -0.00016813612
               0.4410082                  -0.00019729092
                0.442934                    -0.000231242
               0.4448598                  -0.00027071664
               0.4467856                  -0.00031659391
               0.4487114                  -0.00036978247
               0.4506372                  -0.00043138891
                0.452563                  -0.00050269801
               0.4544888                  -0.00058510574
               0.4564146                  -0.00068020669
               0.4583404                  -0.00078973919
               0.4602662                  -0.00091602223
                0.462192                   -0.0010610137
               0.4641178                   -0.0012276152
               0.4660436                   -0.0014185297
               0.4679694                   -0.0016370162
               0.4698952                   -0.0018868556
                0.471821                   -0.0021722661
               0.4737468                   -0.0024978481
               0.4756726                   -0.0028683201
               0.4775984                    -0.003289189
               0.4795242                    -0.003767238
                 0.48145                   -0.0043092887
               0.4833758                   -0.0049231458
               0.4853016                   -0.0056161704
               0.4872274                   -0.0063984292
               0.4891532                    -0.007279845
                0.491079                   -0.0082710981
               0.4930048                   -0.0093846601
               0.4949306                     -0.01063291
               0.4968564                    -0.012030099
               0.4987822                    -0.013589786
                0.500708                    -0.015328207
               0.5026338                    -0.017268967
               0.5045596                    -0.019418942
               0.5064854                    -0.021804146
               0.5084112                    -0.024446011
                0.510337                    -0.027366735
               0.5122628                    -0.030580945
               0.5141886                     -0.03411198
               0.5161144                    -0.037994709
               0.5180402                     -0.04224192
                0.519966                    -0.046863351
               0.5218918                    -0.051913202
               0.5238176                    -0.057398591
               0.5257434                    -0.063337885
               0.5276692                    -0.069730282
                0.529595                    -0.076609798
               0.5315208                    -0.084015168
               0.5334466                     -0.09189041
               0.5353724                     -0.10028268
               0.5372982                     -0.10916587
                0.539224                     -0.11852777
               0.5411498                     -0.12832078
               0.5430756                     -0.13852084
               0.5450014                     -0.14910345
               0.5469272                     -0.15990362
                0.548853                      -0.1709322
               0.5507788                     -0.18202423
               0.5527046                      -0.1930536
               0.5546304                     -0.20358683
               0.5565562                     -0.21386158
                0.558482                     -0.22337198
               0.5604078                     -0.23176324
               0.5623336                     -0.23880894
               0.5642594                      -0.2440483
               0.5661852                     -0.24686301
                0.568111                     -0.24681966
               0.5700368                     -0.24353927
               0.5719626                     -0.23567791
               0.5738884                     -0.22307976
               0.5758142                     -0.20434152
                 0.57774                     -0.17887872
               0.5796658                      -0.1446971
               0.5815916                     -0.10109979
               0.5835174                    -0.046680227
               0.5854432                     0.020578314
                0.587369                      0.10246778
               0.5892948                       0.2007287
               0.5912206                      0.31805217
               0.5931464                      0.45662203
               0.5950722                      0.61958528
                0.596998                      0.80861825
               0.5989238                        1.029495
               0.6008496                       1.2830119
               0.6027754                       1.5757716
               0.6047012                       1.9100218
                0.606627                       2.2898221
               0.6085528                       2.7216332
               0.6104786                       3.2122123
               0.6124044                       3.7653742
               0.6143302                       3.7653742
                0.616256                        4.385036
               0.6181818                       5.0818739
               0.6201076                       5.8630285
               0.6220334                       6.7350259
               0.6239592                       7.7001019
                0.625885                       8.7733345
               0.6278108                       9.9672117
               0.6297366                       11.286899
               0.6316624                        12.73807
               0.6335882                       14.336397
                0.635514                        16.09668
               0.6374398                       18.016661
               0.6393656                       20.123253
               0.6412914                       22.433989
               0.6432172                       24.938583
                0.645143                       27.665201
               0.6470688                       30.628689
               0.6489946                        33.84528
               0.6509204                       37.325665
               0.6528462                       41.085979
                0.654772                       45.141529
               0.6566978                       49.509277
               0.6586236                       54.198364
               0.6605494                       59.242916
               0.6624752                       64.638084
                0.664401                       70.412766
               0.6663268                       76.580818
               0.6682526                       83.163216
               0.6701784                       90.178246
               0.6721042                       97.620361
                 0.67403                       105.51669
               0.6759558                       113.89024
               0.6778816                       122.76098
               0.6798074                       132.12723
               0.6817332                       142.01018
                0.683659                       152.43695
               0.6855848                       163.37013
               0.6875106                       174.84138
               0.6894364                       186.89059
               0.6913622                       199.55759
                0.693288                       212.75568
               0.6952138                       226.49924
               0.6971396                       240.82443
               0.6990654                       255.76006
               0.7009912                        271.2699
                0.702917                       287.32526
               0.7048428                       304.01273
               0.7067686                       321.21695
               0.7086944                        339.0061
               0.7106202                       357.29468
                0.712546                       376.18253
               0.7144718                       395.55875
               0.7163976                       415.38715
               0.7183234                       435.72522
               0.7202492                       456.50888
                0.722175                       477.71591
               0.7241008                       499.36118
               0.7260266                       521.32947
               0.7279524                       543.59869
               0.7298782                       566.19177
                0.731804                        589.0365
               0.7337298                       612.15326
               0.7356556                       635.31366
               0.7375814                       658.60315
               0.7395072                       682.02893
                0.741433                       705.52728
               0.7433588                       728.82404
               0.7452846                       752.15625
               0.7472104                       775.23853
               0.7491362                       798.14075
                0.751062                       820.87036
               0.7529878                       843.19135
               0.7549136                       865.02405
               0.7568394                       886.52618
               0.7587652                        907.5047
                0.760691                       927.89465
               0.7626168                       947.66626
               0.7645426                       966.53522
               0.7664684                       984.77112
               0.7683942                        1002.088
                 0.77032                       1018.5005
               0.7722458                       1034.0811
               0.7741716                       1048.4548
               0.7760974                       1061.7515
               0.7780232                        1074.014
                0.779949                       1084.9858
               0.7818748                       1094.5782
               0.7838006                       1102.9358
               0.7857264                       1110.0437
               0.7876522                        1115.588
                0.789578                       1119.6525
               0.7915038                       1122.2668
               0.7934296                       1123.2729
               0.7953554                       1122.7994
               0.7972812                       1120.7476
                0.799207                       1116.9724
               0.8011328                       1111.6467
               0.8030586                       1104.5537
               0.8049844                        1095.767
               0.8069102                        1085.387
                0.808836                        1073.312
               0.8107618                       1059.4135
               0.8126876                       1043.9365
               0.8146134                       1026.8499
               0.8165392                       1008.0549
                0.818465                        987.5943
               0.8203908                       965.58325
               0.8223166                       941.97888
               0.8242424                       916.80762
               0.8261682                       890.15826
                0.828094                       862.14581
               0.8300198                       832.69635
               0.8319456                       801.93976
               0.8338714                       769.89899
               0.8357972                       736.57983
                0.837723                       702.29883
               0.8396488                       666.84796
               0.8415746                       630.42712
               0.8435004                       593.15198
               0.8454262                        554.9577
                0.847352                       516.03186
               0.8492778                       476.57401
               0.8512036                       436.66406
               0.8531294                       396.21561
               0.8550552                       355.31503
                0.856981                       314.23523
               0.8589068                       273.06088
               0.8608326                       231.87994
               0.8627584                       190.68584
               0.8646842                       149.64137
                 0.86661                       108.87643
               0.8685358                       68.470741
               0.8704616                       28.582979
               0.8723874                       -10.73835
               0.8743132                      -49.457077
                0.876239                      -87.475372
               0.8781648                      -124.62469
               0.8800906                      -160.73651
               0.8820164                       -195.8614
               0.8839422                      -229.93115
                0.885868                       -262.8158
               0.8877938                        -294.487
               0.8897196                      -324.79803
               0.8916454                      -353.61572
               0.8935712                       -381.0441
                0.895497                      -407.08633
               0.8974228                      -431.47781
               0.8993486                      -454.17862
               0.9012744                      -475.28867
               0.9032002                      -494.77094
                0.905126                      -512.51941
               0.9070518                      -528.51605
               0.9089776                      -542.79504
               0.9109034                       -555.3186
               0.9128292                       -566.0329
                0.914755                      -574.92914
               0.9166808                      -582.13635
               0.9186066                      -587.61688
               0.9205324                      -591.25409
               0.9224582                      -593.15356
                0.924384                      -593.40845
               0.9263098                      -592.02136
               0.9282356                      -588.95569
               0.9301614                      -584.22888
               0.9320872                      -577.93579
                0.934013                      -570.14972
               0.9359388                      -560.86279
               0.9378646                      -550.13513
               0.9397904                      -538.08063
               0.9417162                      -524.68219
                0.943642                      -509.98889
               0.9455678                      -494.11868
               0.9474936                      -477.13101
               0.9494194                      -459.02411
               0.9513452                        -439.854
                0.953271                      -419.72134
               0.9551968                      -398.72861
               0.9571226                      -376.94238
               0.9590484                      -354.41226
               0.9609742                      -331.17319
                  0.9629                      -307.23145
               0.9648258                      -282.70853
               0.9667516                      -257.76965
               0.9686774                      -232.42484
               0.9706032                      -206.66838
                0.972529                      -180.58182
               0.9744548                       -154.2086
               0.9763806                      -127.61919
               0.9783064                      -100.99615
               0.9802322                      -74.389313
                0.982158                      -47.701172
               0.9840838                      -20.970011
               0.9860096                       5.6381059
               0.9879354                       32.051807
               0.9898612                       58.278076
                0.991787                       84.263969
               0.9937128                       109.92546
               0.9956386                       135.23476
               0.9975644                       160.15648
               0.9994902                       184.62286
                1.001416                       208.60378
               1.0033418                       232.04713
               1.0052676                       254.89861
               1.0071934                       277.17404
               1.0091192                       298.80087
                1.011045                       319.65649
               1.0129708                       339.75415
               1.0148966                       359.13718
               1.0168224                       377.77734
               1.0187482                       395.55606
                1.020674                       412.35538
               1.0225998                        428.2616
               1.0245256                        428.2616
               1.0264514                       443.32513
               1.0283772                       457.36069
                1.030303                       470.33438
               1.0322288                       482.35287
               1.0341546                       493.33325
               1.0360804                        503.1745
               1.0380062                       511.89398
                1.039932                       519.47913
               1.0418578                       525.90375
               1.0437836                       531.19714
               1.0457094                       535.33624
               1.0476352                       538.18115
                1.049561                       539.71045
               1.0514868                       540.08588
               1.0534126                       539.32703
               1.0553384                       537.28363
               1.0572642                       533.84497
                 1.05919                       529.04462
               1.0611158                       523.10339
               1.0630416                       516.03442
               1.0649674                       507.54459
               1.0668932                       497.68991
                1.068819                       486.69034
               1.0707448                       474.39465
               1.0726706                       460.80569
               1.0745964                       446.14392
               1.0765222                       430.29211
                1.078448                       413.13043
               1.0803738                       394.80884
               1.0822996                       375.41321
               1.0842254                       354.97061
               1.0861512                       333.48264
                1.088077                       310.88739
               1.0900028                        287.3042
               1.0919286                       262.90421
               1.0938544                       237.62509
               1.0957802                       211.46797
                1.097706                        184.5844
               1.0996318                       156.97873
               1.1015576                       128.67731
               1.1034834                       99.829407
               1.1054092                       70.454453
                1.107335                       40.590069
               1.1092608                       10.417202
               1.1111866                       -19.98527
               1.1131124                      -50.628681
               1.1150382                      -81.452538
                1.116964                      -112.34756
               1.1188898                      -143.22453
               1.1208156                      -173.96083
               1.1227414                      -204.36636
               1.1246672                      -234.43558
                1.126593                      -264.27795
               1.1285188                      -293.68326
               1.1304446                       -322.3913
               1.1323704                      -350.42935
               1.1342962                      -377.76578
                1.136222                      -404.25174
               1.1381478                      -429.79657
               1.1400736                      -454.29697
               1.1419994                      -477.68863
               1.1439252                      -499.92606
                1.145851                      -520.86755
               1.1477768                      -540.41516
               1.1497026                      -558.57709
               1.1516284                      -575.27081
               1.1535542                      -590.30902
                 1.15548                      -603.67657
               1.1574058                      -615.46448
               1.1593316                      -625.53448
               1.1612574                      -633.72235
               1.1631832                      -640.05371
                1.165109                      -644.51526
               1.1670348                      -647.07452
               1.1689606                      -647.71606
               1.1708864                      -646.36285
               1.1728122                       -643.0589
                1.174738                      -637.84094
               1.1766638                      -630.55676
               1.1785896                      -621.23016
               1.1805154                      -610.04883
               1.1824412                      -596.98083
                1.184367                      -581.92975
               1.1862928                      -564.97156
               1.1882186                      -546.24792
               1.1901444                      -525.81934
               1.1920702                      -503.62689
                1.193996                      -479.68567
               1.1959218                      -454.17484
               1.1978476                      -427.19455
               1.1997734                      -398.78879
               1.2016992                      -369.10501
                1.203625                      -338.19223
               1.2055508                      -306.00977
               1.2074766                      -272.71396
               1.2094024                       -238.5752
               1.2113282                      -203.72028
                1.213254                      -168.11324
               1.2151798                      -131.76588
               1.2171056                      -94.912285
               1.2190314                      -57.810852
               1.2209572                      -20.526571
                1.222883                       16.912001
               1.2248088                       54.379623
               1.2267346                       91.700371
               1.2286604                       128.70238
               1.2305862                       165.31071
                1.232512                       201.49792
               1.2344378                       237.10922
               1.2363636                        271.9086
               1.2382894                       305.74731
               1.2402152                       338.59586
                1.242141                       370.44788
               1.2440668                        401.1929
               1.2459926                       430.62195
               1.2479184                       458.57639
               1.2498442                       485.03461
                 1.25177                       510.02188
               1.2536958                       533.44714
               1.2556216                       555.12427
               1.2575474                       574.92712
               1.2594732                       592.84131
                1.261399                       608.93683
               1.2633248                       623.22498
               1.2652506                       635.53589
               1.2671764                       645.72949
               1.2691022                       653.85052
                1.271028                       659.96747
               1.2729538                       664.06854
               1.2748796                       666.10522
               1.2768054                       666.07318
               1.2787312                       663.98718
                1.280657                       659.83441
               1.2825828                       653.68597
               1.2845086                       645.61261
               1.2864344                       635.57446
               1.2883602                       623.63336
                1.290286                       609.88348
               1.2922118                       594.30243
               1.2941376                       576.95996
               1.2960634                       557.99298
               1.2979892                       537.48242
                1.299915                       515.48328
               1.3018408                       491.98407
               1.3037666                       467.08057
               1.3056924                       441.02332
               1.3076182                        413.8746
                1.309544                       385.56775
               1.3114698                       356.23593
               1.3133956                        326.0932
               1.3153214                       295.20505
               1.3172472                       263.62283
                1.319173                       231.50349
               1.3210988                       198.93671
               1.3230246                       165.96553
               1.3249504                       132.75194
               1.3268762                       99.439903
                1.328802                       66.092636
               1.3307278                       32.798622
               1.3326536                     -0.35378706
               1.3345794                      -33.274025
               1.3365052                      -65.841064
                1.338431                      -97.900696
               1.3403568                      -129.35422
               1.3422826                      -160.26869
               1.3442084                      -190.57779
               1.3461342                      -219.98654
                 1.34806                      -248.44873
               1.3499858                       -276.0784
               1.3519116                      -302.75046
               1.3538374                      -328.30753
               1.3557632                      -352.70078
                1.357689                      -375.90094
               1.3596148                      -397.92081
               1.3615406                      -418.69778
               1.3634664                      -438.12341
               1.3653922                      -456.21066
                1.367318                      -472.93466
               1.3692438                      -488.19891
               1.3711696                      -502.03442
               1.3730954                       -514.4892
               1.3750212                      -525.48804
                1.376947                      -534.97845
               1.3788728                      -543.01459
               1.3807986                      -549.64508
               1.3827244                      -554.81439
               1.3846502                      -558.45947
                1.386576                       -560.6485
               1.3885018                      -561.48645
               1.3904276                      -560.96521
               1.3923534                      -559.01587
               1.3942792                      -555.65546
                1.396205                      -550.99554
               1.3981308                      -545.07294
               1.4000566                      -537.84802
               1.4019824                      -529.37872
               1.4039082                      -519.73944
                1.405834                      -508.91647
               1.4077598                      -496.94421
               1.4096856                      -483.90637
               1.4116114                      -469.83179
               1.4135372                      -454.72516
                1.415463                      -438.64105
               1.4173888                       -421.6853
               1.4193146                      -403.89276
               1.4212404                      -385.22427
               1.4231662                       -365.7272
                1.425092                      -345.50452
               1.4270178                      -324.62302
               1.4289436                      -303.10989
               1.4308694                      -280.94785
               1.4327952                      -258.18707
                1.434721                      -258.18707
               1.4366468                      -234.94067
               1.4385726                      -211.25125
               1.4404984                      -187.17245
               1.4424242                      -162.74213
                 1.44435                       -137.8925
               1.4462758                      -112.68048
               1.4482016                      -87.330627
               1.4501274                      -61.924732
               1.4520532                      -36.329884
                1.453979                      -10.499936
               1.4559048                       15.341279
               1.4578306                       41.031658
               1.4597564                       66.710266
               1.4616822                       92.421669
                1.463608                       117.93112
               1.4655338                       143.13216
               1.4674596                       168.14021
               1.4693854                       192.90697
               1.4713112                       217.22733
                1.473237                       241.12834
               1.4751628                        264.6954
               1.4770886                       287.73041
               1.4790144                       310.11499
               1.4809402                       331.94312
                1.482866                       353.11719
               1.4847918                        373.5083
               1.4867176                       393.19666
               1.4886434                       412.14969
               1.4905692                         430.185
                1.492495                       447.23425
               1.4944208                       463.32288
               1.4963466                       478.48523
               1.4982724                       492.68741
               1.5001982                       505.73361
                1.502124                       517.48737
               1.5040498                       528.08466
               1.5059756                       537.61761
               1.5079014                       545.91077
               1.5098272                       552.81458
                1.511753                       558.33337
               1.5136788                       562.49036
               1.5156046                       565.33942
               1.5175304                       566.87555
               1.5194562                       566.91974
                1.521382                        565.3725
               1.5233078                       562.38904
               1.5252336                       558.05725
               1.5271594                       552.20929
               1.5290852                       544.77393
                1.531011                       535.89728
               1.5329368                       525.59161
               1.5348626                       513.74756
               1.5367884                       500.42273
               1.5387142                       485.70987
                 1.54064                       469.53723
               1.5425658                       451.85779
               1.5444916                       432.81784
               1.5464174                       412.55542
               1.5483432                       391.00839
                1.550269                       368.10266
               1.5521948                       343.93835
               1.5541206                       318.66635
               1.5560464                       292.34268
               1.5579722                       264.95242
                1.559898                       236.53644
               1.5618238                        207.2319
               1.5637496                       177.13947
               1.5656754                       146.28506
               1.5676012                       114.74356
                1.569527                       82.631378
               1.5714528                       49.998783
               1.5733786                       16.921104
               1.5753044                      -16.396313
               1.5772302                       -49.87101
                1.579156                      -83.595352
               1.5810818                      -117.37855
               1.5830076                      -150.87952
               1.5849334                      -184.16528
               1.5868592                      -217.33424
                1.588785                      -250.08205
               1.5907108                      -282.18787
               1.5926366                      -313.69363
               1.5945624                       -344.5361
               1.5964882                      -374.53934
                1.598414                      -403.57159
               1.6003398                         -431.56
               1.6022656                      -458.44614
               1.6041914                       -484.1087
               1.6061172                      -508.42035
                1.608043                      -531.33386
               1.6099688                       -552.8009
               1.6118946                      -572.67822
               1.6138204                      -590.80963
               1.6157462                      -607.20319
                1.617672                      -621.91095
               1.6195978                      -634.78278
               1.6215236                      -645.66492
               1.6234494                       -654.5722
               1.6253752                      -661.49915
                1.627301                      -666.41638
               1.6292268                      -669.32947
               1.6311526                      -670.16467
               1.6330784                      -668.82788
               1.6350042                      -665.35553
                 1.63693                      -659.85693
               1.6388558                      -652.33704
               1.6407816                      -642.71619
               1.6427074                      -631.01282
               1.6446332                      -617.31152
                1.646559                      -601.65582
               1.6484848                      -584.08612
               1.6504106                      -564.64386
               1.6523364                       -543.3985
               1.6542622                      -520.43079
                1.656188                      -495.74899
               1.6581138                      -469.44592
               1.6600396                        -441.741
               1.6619654                      -412.70172
               1.6638912                      -382.27646
                1.665817                      -350.56296
               1.6677428                      -317.78189
               1.6696686                      -284.10083
               1.6715944                      -249.56453
               1.6735202                      -214.18987
                1.675446                      -178.11797
               1.6773718                      -141.57568
               1.6792976                      -104.72171
               1.6812234                       -67.61338
               1.6831492                       -30.28264
                1.685075                       7.1398106
               1.6870008                       44.422974
               1.6889266                       81.426712
               1.6908524                       118.10225
               1.6927782                       154.32074
                1.694704                       189.95651
               1.6966298                       224.94247
               1.6985556                       259.10474
               1.7004814                       292.25577
               1.7024072                       324.37967
                1.704333                       355.47177
               1.7062588                       385.39874
               1.7081846                        413.9931
               1.7101104                       441.11404
               1.7120362                       466.71564
                1.713962                       490.85812
               1.7158878                        513.4743
               1.7178136                       534.35706
               1.7197394                       553.45563
               1.7216652                       570.80566
                1.723591                       586.32715
               1.7255168                       599.98157
               1.7274426                       611.80328
               1.7293684                       621.71832
               1.7312942                       629.62573
                 1.73322                       635.59216
               1.7351458                       639.72229
               1.7370716                       641.91931
               1.7389974                        642.1106
               1.7409232                       640.44891
                1.742849                       636.92383
               1.7447748                       631.41711
               1.7467006                       624.13062
               1.7486264                       615.20746
               1.7505522                       604.48828
                1.752478                       591.98285
               1.7544038                       577.87683
               1.7563296                       562.24915
               1.7582554                       545.12006
               1.7601812                       526.51428
                1.762107                       506.51422
               1.7640328                       485.24591
               1.7659586                       462.75031
               1.7678844                        439.0657
               1.7698102                       414.34906
                1.771736                       388.74554
               1.7736618                        362.2533
               1.7755876                       334.85614
               1.7775134                       306.71289
               1.7794392                       278.04498
                1.781365                       248.91464
               1.7832908                       219.28983
               1.7852166                        189.2457
               1.7871424                        158.9489
               1.7890682                       128.50377
                1.790994                       97.983017
               1.7929198                       67.493256
               1.7948456                       37.077557
               1.7967714                       6.7750025
               1.7986972                      -23.284605
                1.800623                      -53.017506
               1.8025488                      -82.356186
               1.8044746                      -111.15975
               1.8064004                      -139.40324
               1.8083262                      -167.14897
                1.810252                      -194.25586
               1.8121778                      -220.50336
               1.8141036                      -245.92067
               1.8160294                      -270.60846
               1.8179552                      -294.45172
                1.819881                      -317.31766
               1.8218068                      -339.18076
               1.8237326                      -360.00064
               1.8256584                      -379.78696
               1.8275842                      -398.53696
                 1.82951                      -416.14093
               1.8314358                      -432.58899
               1.8333616                      -447.90073
               1.8352874                      -461.98834
               1.8372132                      -474.89212
                1.839139                      -486.66852
               1.8410648                      -497.15527
               1.8429906                      -497.15527
               1.8449164                      -506.31104
               1.8468422                      -514.33374
                1.848768                      -521.21838
               1.8506938                      -526.74536
               1.8526196                      -530.94476
               1.8545454                      -534.03979
               1.8564712                      -535.98163
                1.858397                      -536.56982
               1.8603228                      -535.88916
               1.8622486                      -534.12982
               1.8641744                      -531.22565
               1.8661002                       -527.0575
                1.868026                      -521.69373
               1.8699518                      -515.21057
               1.8718776                      -507.62091
               1.8738034                      -498.96909
               1.8757292                      -489.23083
                1.877655                      -478.32501
               1.8795808                      -466.32465
               1.8815066                      -453.40063
               1.8834324                      -439.56458
               1.8853582                      -424.67044
                1.887284                      -408.72116
               1.8892098                      -391.92249
               1.8911356                      -374.32306
               1.8930614                      -355.79959
               1.8949872                      -336.39078
                1.896913                      -316.23465
               1.8988388                      -295.33728
               1.9007646                      -273.65283
               1.9026904                      -251.25127
               1.9046162                      -228.25638
                1.906542                      -204.67387
               1.9084678                      -180.47943
               1.9103936                      -155.73936
               1.9123194                      -130.50275
               1.9142452                       -104.8408
                1.916171                      -78.850899
               1.9180968                      -52.494015
               1.9200226                      -25.780565
               1.9219484                       1.1128603
               1.9238742                       28.104231
                  1.9258                       55.212177
               1.9277258                       82.441315
               1.9296516                       109.75875
               1.9315774                       136.98021
               1.9335032                       163.94009
                1.935429                       190.70175
               1.9373548                       217.29416
               1.9392806                       243.57729
               1.9412064                       269.43213
               1.9431322                       294.78763
                1.945058                       319.59344
               1.9469838                       343.83136
               1.9489096                       367.43738
               1.9508354                       390.28708
               1.9527612                       412.28275
                1.954687                       433.38882
               1.9566128                       453.56555
               1.9585386                       472.73782
               1.9604644                       490.85645
               1.9623902                       507.84219
                1.964316                       523.56049
               1.9662418                       537.98389
               1.9681676                       551.13104
               1.9700934                       562.93329
               1.9720192                       573.35516
                1.973945                       582.32111
               1.9758708                       589.66205
               1.9777966                       595.38898
               1.9797224                       599.59882
               1.9816482                       602.21893
                1.983574                       603.18298
               1.9854998                       602.47382
               1.9874256                       600.03217
               1.9893514                       595.86487
               1.9912772                       589.97333
                1.993203                       582.32892
               1.9951288                       573.01331
               1.9970546                       562.04559
               1.9989804                       549.31244
               2.0009062                       534.83447
                2.002832                       518.74023
               2.0047578                       501.05835
               2.0066836                       481.76691
               2.0086094                       460.91415
               2.0105352                       438.56085
                2.012461                       414.72287
               2.0143868                        389.4855
               2.0163126                       362.97839
               2.0182384                       335.21771
               2.0201642                       306.21603
                 2.02209                       276.09732
               2.0240158                       244.98563
               2.0259416                       212.95625
               2.0278674                       180.07906
               2.0297932                       146.45496
                2.031719                       112.18307
               2.0336448                       77.338402
               2.0355706                       42.070206
               2.0374964                       6.5294647
               2.0394222                      -29.246809
                2.041348                      -65.159271
               2.0432738                      -101.01711
               2.0451996                       -136.7253
               2.0471254                      -172.24278
               2.0490512                      -207.43854
                2.050977                      -242.10342
               2.0529028                      -276.09467
               2.0548286                      -309.39371
               2.0567544                      -341.94531
               2.0586802                      -373.56549
                2.060606                      -404.07523
               2.0625318                      -433.42914
               2.0644576                      -461.60178
               2.0663834                      -488.40378
               2.0683092                      -513.66699
                2.070235                      -537.42377
               2.0721608                       -559.6416
               2.0740866                      -580.15607
               2.0760124                      -598.87329
               2.0779382                      -615.71106
                2.079864                      -630.59924
               2.0817898                      -643.58484
               2.0837156                      -654.65906
               2.0856414                       -663.6601
               2.0875672                      -670.48309
                2.089493                      -675.19696
               2.0914188                      -677.86993
               2.0933446                      -678.42151
               2.0952704                      -676.78235
               2.0971962                      -673.01294
                2.099122                      -667.14801
               2.1010478                      -659.17114
               2.1029736                      -649.12579
               2.1048994                      -637.06604
               2.1068252                      -623.01746
                2.108751                      -607.01581
               2.1106768                      -589.10553
               2.1126026                      -569.37323
               2.1145284                      -547.94049
               2.1164542                      -524.84656
                 2.11838                      -500.08316
               2.1203058                      -473.78275
               2.1222316                      -446.15558
               2.1241574                      -417.25061
               2.1260832                       -387.0419
                2.128009                      -355.67432
               2.1299348                      -323.36221
               2.1318606                      -290.18579
               2.1337864                      -256.19803
               2.1357122                      -221.56387
                2.137638                      -186.41588
               2.1395638                      -150.77974
               2.1414896                       -114.7898
               2.1434154                      -78.667343
               2.1453412                      -42.489037
                2.147267                      -6.3253827
               2.1491928                       29.656546
               2.1511186                       65.385025
               2.1530444                       100.77606
               2.1549702                       135.61147
                2.156896                       169.77673
               2.1588218                       203.28406
               2.1607476                       236.06384
               2.1626734                       267.94745
               2.1645992                       298.76886
                2.166525                       328.44879
               2.1684508                       356.97534
               2.1703766                       384.30801
               2.1723024                       410.35101
               2.1742282                       434.98108
                2.176154                        458.1152
               2.1780798                       479.74393
               2.1800056                       499.84729
               2.1819314                        518.3598
               2.1838572                       535.21838
                2.185783                       550.38086
               2.1877088                       563.82904
               2.1896346                       575.55945
               2.1915604                       585.57343
               2.1934862                       593.84113
                2.195412                          600.31
               2.1973378                       605.02094
               2.1992636                       608.02576
               2.2011894                       609.26294
               2.2031152                       608.75159
                2.205041                       606.59155
               2.2069668                       602.76434
               2.2088926                       597.26373
               2.2108184                        590.1488
               2.2127442                       581.45972
                 2.21467                       571.27802
               2.2165958                       559.63708
               2.2185216                       546.53351
               2.2204474                       532.08521
               2.2223732                       516.37341
                2.224299                       499.38016
               2.2262248                        481.1618
               2.2281506                       461.83252
               2.2300764                       441.48309
               2.2320022                       420.13962
                2.233928                       397.84744
               2.2358538                       374.75836
               2.2377796                       350.90784
               2.2397054                       326.25607
               2.2416312                        300.9968
                2.243557                       275.30286
               2.2454828                       249.08456
               2.2474086                       222.34578
               2.2493344                       195.30922
               2.2512602                       168.09628
                2.253186                       168.09628
               2.2551118                       140.66229
               2.2570376                        113.0209
               2.2589634                       85.290939
               2.2608892                       57.600319
                2.262815                       30.042168
               2.2647408                       2.6335261
               2.2666666                      -24.643612
               2.2685924                      -51.745903
               2.2705182                      -78.540955
                2.272444                      -104.86535
               2.2743698                       -130.7321
               2.2762956                      -156.27122
               2.2782214                      -181.34782
               2.2801472                      -205.72202
                2.282073                       -229.4391
               2.2839988                      -252.60785
               2.2859246                      -275.14014
               2.2878504                      -296.89703
               2.2897762                      -317.84644
                2.291702                      -338.01642
               2.2936278                      -357.36594
               2.2955536                      -375.83194
               2.2974794                      -393.41156
               2.2994052                      -410.08276
                2.301331                      -425.80087
               2.3032568                      -440.53568
               2.3051826                      -454.24438
               2.3071084                      -466.91272
               2.3090342                      -478.56412
                 2.31096                      -489.19714
               2.3128858                      -498.75436
               2.3148116                      -507.16583
               2.3167374                       -514.4425
               2.3186632                      -520.62323
                2.320589                      -525.66504
               2.3225148                      -529.51184
               2.3244406                      -532.17749
               2.3263664                      -533.71448
               2.3282922                      -534.11169
                2.330218                      -533.27386
               2.3321438                      -531.18781
               2.3340696                      -527.92603
               2.3359954                      -523.47662
               2.3379212                      -517.80762
                2.339847                      -510.94586
               2.3417728                      -502.89328
               2.3436986                      -493.62515
               2.3456244                      -483.14447
               2.3475502                      -471.49634
                2.349476                      -458.70303
               2.3514018                      -444.73029
               2.3533276                      -429.61981
               2.3552534                      -413.42975
               2.3571792                      -396.08582
                2.359105                      -377.61078
               2.3610308                      -358.18274
               2.3629566                      -337.79428
               2.3648824                      -316.31079
               2.3668082                      -293.82257
                2.368734                       -270.5376
               2.3706598                      -246.45804
               2.3725856                      -221.47728
               2.3745114                      -195.65918
               2.3764372                      -169.16718
                2.378363                      -142.08182
               2.3802888                      -114.40483
               2.3822146                       -86.12471
               2.3841404                      -57.328873
               2.3860662                      -28.183422
                2.387992                       1.2519562
               2.3899178                       30.966782
               2.3918436                       60.876072
               2.3937694                       90.895348
               2.3956952                       120.92854
                2.397621                       150.87384
               2.3995468                       180.71042
               2.4014726                       210.37184
               2.4033984                       239.68364
               2.4053242                       268.53036
                 2.40725                       296.89145
               2.4091758                        324.7395
               2.4111016                       351.94965
               2.4130274                       378.34232
               2.4149532                       403.87674
                2.416879                       428.55457
               2.4188048                       452.21249
               2.4207306                       474.73743
               2.4226564                       496.14581
               2.4245822                       516.33826
                2.426508                       535.15601
               2.4284338                       552.52698
               2.4303596                       568.45355
               2.4322854                       582.94385
               2.4342112                       595.85199
                2.436137                       607.01746
               2.4380628                       616.48584
               2.4399886                       624.28192
               2.4419144                        630.3175
               2.4438402                       634.52759
                2.445766                       636.85016
               2.4476918                         637.297
               2.4496176                       635.89722
               2.4515434                       632.55939
               2.4534692                       627.27802
                2.455395                       620.12915
               2.4573208                       611.06555
               2.4592466                       600.08899
               2.4611724                       587.29077
               2.4630982                       572.64319
                2.465024                       556.11346
               2.4669498                       537.80872
               2.4688756                       517.82556
               2.4708014                       496.17316
               2.4727272                        472.8692
                2.474653                       447.98178
               2.4765788                       421.61823
               2.4785046                       393.86377
               2.4804304                       364.74976
               2.4823562                       334.38882
                2.484282                       302.92862
               2.4862078                       270.36462
               2.4881336                        236.7589
               2.4900594                       202.36787
               2.4919852                       167.30255
                2.493911                       131.53386
               2.4958368                       95.202957
               2.4977626                       58.529804
               2.4996884                       21.584997
               2.5016142                      -15.601974
                 2.50354                        -52.8302
               2.5054658                       -89.88755
               2.5073916                       -126.7673
               2.5093174                      -163.40399
               2.5112432                      -199.55138
                2.513169                      -235.07701
               2.5150948                      -269.94321
               2.5170206                      -304.03311
               2.5189464                      -337.21207
               2.5208722                      -369.35168
                2.522798                      -400.32153
               2.5247238                      -430.02133
               2.5266496                      -458.40369
               2.5285754                      -485.42831
               2.5305012                       -510.9115
                2.532427                       -534.6571
               2.5343528                      -556.70618
               2.5362786                      -577.10919
               2.5382044                      -595.70111
               2.5401302                      -612.31097
                2.542056                      -626.92535
               2.5439818                      -639.59766
               2.5459076                      -650.30341
               2.5478334                      -658.95313
               2.5497592                      -665.48901
                2.551685                      -669.88068
               2.5536108                      -672.17035
               2.5555366                      -672.41785
               2.5574624                       -670.5495
               2.5593882                      -666.55133
                2.561314                       -660.5434
               2.5632398                      -652.50812
               2.5651656                      -642.40619
               2.5670914                      -630.35437
               2.5690172                      -616.43658
                2.570943                      -600.69586
               2.5728688                      -583.18268
               2.5747946                      -563.89795
               2.5767204                      -542.94043
               2.5786462                      -520.48627
                2.580572                      -496.58527
               2.5824978                      -471.25531
               2.5844236                      -444.59125
               2.5863494                      -416.71085
               2.5882752                      -387.74686
                2.590201                      -357.81992
               2.5921268                      -327.02432
               2.5940526                      -295.41727
               2.5959784                      -263.03543
               2.5979042                      -230.06676
                 2.59983                      -196.75699
               2.6017558                      -163.09636
               2.6036816                      -129.04503
               2.6056074                      -94.855682
               2.6075332                      -60.757565
                2.609459                      -26.731623
               2.6113848                       7.2001743
               2.6133106                       40.885658
               2.6152364                        74.18103
               2.6171622                       106.93689
                2.619088                       139.08875
               2.6210138                       170.67145
               2.6229396                       201.55566
               2.6248654                       231.55241
               2.6267912                       260.65271
                2.628717                       288.80261
               2.6306428                        315.8555
               2.6325686                       341.78473
               2.6344944                       366.58212
               2.6364202                       390.16391
                2.638346                       412.45383
               2.6402718                       433.39658
               2.6421976                         452.966
               2.6441234                       471.14847
               2.6460492                       487.89313
                2.647975                       503.14566
               2.6499008                       516.90674
               2.6518266                       529.20129
               2.6537524                       539.98029
               2.6556782                       549.17847
                2.657604                       556.84576
               2.6595298                       563.03467
               2.6614556                       563.03467
               2.6633814                          567.69
               2.6653072                       570.78625
                2.667233                       572.39209
               2.6691588                       572.54309
               2.6710846                        571.2077
               2.6730104                       568.40582
               2.6749362                       564.19287
                2.676862                       558.56903
               2.6787878                        551.5813
               2.6807136                       543.32068
               2.6826394                       533.77869
               2.6845652                       522.94885
                2.686491                       510.90332
               2.6884168                        497.6936
               2.6903426                       483.38553
               2.6922684                       468.06076
               2.6941942                       451.71725
                 2.69612                        434.3251
               2.6980458                       415.96759
               2.6999716                       396.81955
               2.7018974                       376.92114
               2.7038232                       356.17929
                2.705749                       334.67917
               2.7076748                       312.59247
               2.7096006                       289.89676
               2.7115264                       266.58951
               2.7134522                        242.8166
                2.715378                       218.64215
               2.7173038                        194.0468
               2.7192296                       169.06924
               2.7211554                       143.80452
               2.7230812                       118.33513
                2.725007                       92.697891
               2.7269328                       66.936661
               2.7288586                       41.100445
               2.7307844                       15.196253
               2.7327102                      -10.742308
                2.734636                       -36.58548
               2.7365618                       -62.20816
               2.7384876                       -87.66246
               2.7404134                      -113.02591
               2.7423392                      -138.13774
                2.744265                      -162.85587
               2.7461908                      -187.23715
               2.7481166                      -211.24916
               2.7500424                      -234.77933
               2.7519682                        -257.793
                2.753894                      -280.28925
               2.7558198                      -302.27213
               2.7577456                      -323.63232
               2.7596714                      -344.23352
               2.7615972                       -364.1268
                2.763523                        -383.328
               2.7654488                      -401.71237
               2.7673746                      -419.23221
               2.7693004                      -435.89667
               2.7712262                      -451.67029
                2.773152                      -466.47153
               2.7750778                      -480.24146
               2.7770036                      -492.99365
               2.7789294                      -504.69061
               2.7808552                      -515.25397
                2.782781                      -524.67957
               2.7847068                      -532.95044
               2.7866326                      -539.99377
               2.7885584                       -545.7619
               2.7904842                       -550.2804
                 2.79241                      -553.55884
               2.7943358                      -555.48126
               2.7962616                      -556.00568
               2.7981874                      -555.22467
               2.8001132                      -553.08398
                2.802039                       -549.5033
               2.8039648                         -544.56
               2.8058906                      -538.23151
               2.8078164                      -530.41486
               2.8097422                      -521.15704
                2.811668                      -510.52841
               2.8135938                      -498.51672
               2.8155196                       -485.0993
               2.8174454                      -470.27481
               2.8193712                      -454.08707
                2.821297                      -436.56689
               2.8232228                      -417.70486
               2.8251486                      -397.56296
               2.8270744                      -376.20474
               2.8290002                      -353.61292
                2.830926                       -329.8468
               2.8328518                      -305.01306
               2.8347776                      -279.12488
               2.8367034                      -252.20073
               2.8386292                      -224.33006
                2.840555                      -195.62569
               2.8424808                      -166.16096
               2.8444066                      -135.92851
               2.8463324                      -105.00288
               2.8482582                      -73.572258
                2.850184                      -41.689453
               2.8521098                      -9.3584862
               2.8540356                       23.241947
               2.8559614                       55.977634
               2.8578872                        88.87355
                2.859813                       121.83476
               2.8617388                       154.64075
               2.8636646                       187.19513
               2.8655904                        219.4845
               2.8675162                       251.41714
                2.869442                       282.83948
               2.8713678                       313.62054
               2.8732936                       343.69406
               2.8752194                       372.98816
               2.8771452                       401.36462
                2.879071                        428.7081
               2.8809968                       454.96085
               2.8829226                       480.05292
               2.8848484                       503.87152
               2.8867742                       526.28564
                  2.8887                       547.22992
               2.8906258                         566.685
               2.8925516                        584.5564
               2.8944774                       600.72742
               2.8964032                       615.12097
                2.898329                       627.68164
               2.9002548                       638.43463
               2.9021806                       647.37726
               2.9041064                       654.35486
               2.9060322                       659.27863
                2.907958                       662.20422
               2.9098838                       663.15009
               2.9118096                       662.08685
               2.9137354                       658.95404
               2.9156612                       653.71301
                2.917587                       646.47241
               2.9195128                       637.27094
               2.9214386                       625.97577
               2.9233644                        612.6449
               2.9252902                       597.47644
                2.927216                       580.44611
               2.9291418                       561.47516
               2.9310676                       540.67505
               2.9329934                       518.17828
               2.9349192                       494.02362
                2.936845                       468.27988
               2.9387708                       441.05374
               2.9406966                       412.36865
               2.9426224                       382.26627
               2.9445482                       350.95947
                2.946474                       318.64215
               2.9483998                       285.28851
               2.9503256                        250.8748
               2.9522514                         215.638
               2.9541772                       179.83633
                2.956103                       143.45891
               2.9580288                       106.50815
               2.9599546                       69.234955
               2.9618804                        31.85124
               2.9638062                      -5.6068101
                2.965732                      -43.085743
               2.9676578                       -80.41597
               2.9695836                      -117.41042
               2.9715094                      -153.99387
               2.9734352                      -190.09015
                2.975361                      -225.51068
               2.9772868                      -260.12344
               2.9792126                      -293.86569
               2.9811384                      -326.62476
               2.9830642                      -358.30502
                 2.98499                       -388.8075
               2.9869158                      -417.97141
               2.9888416                      -445.69699
               2.9907674                      -471.98422
               2.9926932                      -496.79382
                2.994619                      -519.97278
               2.9965448                      -541.37781
               2.9984706                      -561.00079

