        Time / ns                e-field (t=0..end(0.00192)) (pb)_Z_0D_69/real
----------------------------------------------------------------------
                       0                               0
               0.0019258                               0
               0.0038516                               0
               0.0057774                               0
               0.0077032                               0
                0.009629                               0
               0.0115548                               0
               0.0134806                               0
               0.0154064                               0
               0.0173322                               0
                0.019258                               0
               0.0211838                               0
               0.0231096                               0
               0.0250354                               0
               0.0269612                               0
                0.028887                               0
               0.0308128                               0
               0.0327386                               0
               0.0346644                               0
               0.0365902                               0
                0.038516                               0
               0.0404418                               0
               0.0423676                               0
               0.0442934                               0
               0.0462192                               0
                0.048145                               0
               0.0500708                               0
               0.0519966                               0
               0.0539224                               0
               0.0558482                               0
                0.057774                               0
               0.0596998                               0
               0.0616256                               0
               0.0635514                               0
               0.0654772                               0
                0.067403                               0
               0.0693288                               0
               0.0712546                               0
               0.0731804                               0
               0.0751062                               0
                0.077032                               0
               0.0789578                               0
               0.0808836                               0
               0.0828094                               0
               0.0847352                               0
                0.086661                               0
               0.0885868                               0
               0.0905126                               0
               0.0924384                               0
               0.0943642                               0
                 0.09629                               0
               0.0982158                               0
               0.1001416                               0
               0.1020674                               0
               0.1039932                               0
                0.105919                               0
               0.1078448                               0
               0.1097706                               0
               0.1116964                               0
               0.1136222                               0
                0.115548                               0
               0.1174738                               0
               0.1193996                               0
               0.1213254                               0
               0.1232512                               0
                0.125177                               0
               0.1271028                               0
               0.1290286                               0
               0.1309544                               0
               0.1328802                               0
                0.134806                               0
               0.1367318                               0
               0.1386576                               0
               0.1405834                               0
               0.1425092                               0
                0.144435                               0
               0.1463608                               0
               0.1482866                               0
               0.1502124                   -2.595721e-36
               0.1521382                  -4.9979931e-35
                0.154064                   -4.448168e-34
               0.1559898                   -7.427547e-34
               0.1579156                  -3.6793931e-34
               0.1598414                  -3.5992498e-33
               0.1617672                  -4.4381021e-33
                0.163693                  -1.7611065e-33
               0.1656188                  -1.2597439e-33
               0.1675446                  -4.2303121e-33
               0.1694704                  -9.9929504e-32
               0.1713962                  -1.6056388e-30
                0.173322                  -1.8317965e-29
               0.1752478                  -1.7230453e-28
               0.1771736                  -1.4012758e-27
               0.1790994                  -1.0086258e-26
               0.1810252                  -6.5664363e-26
                0.182951                  -3.9159469e-25
               0.1848768                  -2.1506589e-24
               0.1868026                  -1.0980592e-23
               0.1887284                  -5.2424338e-23
               0.1906542                  -2.3498836e-22
                 0.19258                  -9.9314968e-22
               0.1945058                  -3.9702084e-21
               0.1964316                  -1.5054361e-20
               0.1983574                  -5.4294597e-20
               0.2002832                  -1.8665775e-19
                0.202209                  -6.1293008e-19
               0.2041348                  -1.9258237e-18
               0.2060606                  -1.9258237e-18
               0.2079864                  -5.7984294e-18
               0.2099122                  -1.6755225e-17
                0.211838                  -4.6523496e-17
               0.2137638                   -1.242607e-16
               0.2156896                  -3.1957823e-16
               0.2176154                  -7.9211218e-16
               0.2195412                  -1.8936809e-15
                0.221467                  -4.3696308e-15
               0.2233928                  -9.7375772e-15
               0.2253186                  -2.0968301e-14
               0.2272444                  -4.3646283e-14
               0.2291702                  -8.7858709e-14
                0.231096                  -1.7108777e-13
               0.2330218                  -3.2235274e-13
               0.2349476                  -5.8776741e-13
               0.2368734                  -1.0372779e-12
               0.2387992                  -1.7717753e-12
                0.240725                  -2.9293939e-12
               0.2426508                  -4.6880572e-12
               0.2445766                  -7.2618331e-12
               0.2465024                  -1.0888077e-11
               0.2484282                  -1.5802408e-11
                0.250354                  -2.2205814e-11
               0.2522798                  -3.0226498e-11
               0.2542056                  -3.9890133e-11
               0.2561314                  -5.1117558e-11
               0.2580572                  -6.3766846e-11
                0.259983                  -7.7735068e-11
               0.2619088                  -9.3130559e-11
               0.2638346                   -1.104996e-10
               0.2657604                  -1.3105836e-10
               0.2676862                  -1.5689045e-10
                0.269612                    -1.91056e-10
               0.2715378                  -2.3755886e-10
               0.2734636                  -3.0115765e-10
               0.2753894                  -3.8711878e-10
               0.2773152                  -5.0098803e-10
                0.279241                  -6.4853767e-10
               0.2811668                  -8.3602536e-10
               0.2830926                  -1.0707819e-09
               0.2850184                  -1.3621888e-09
               0.2869442                   -1.722737e-09
                 0.28887                   -2.169358e-09
               0.2907958                  -2.7245659e-09
               0.2927216                  -3.4171626e-09
               0.2946474                  -4.2833941e-09
               0.2965732                  -5.3680624e-09
                0.298499                  -6.7256369e-09
               0.3004248                  -8.4225684e-09
               0.3023506                  -1.0540493e-08
               0.3042764                  -1.3179482e-08
               0.3062022                  -1.6463302e-08
                0.308128                  -2.0543425e-08
               0.3100538                   -2.560725e-08
               0.3119796                  -3.1886302e-08
               0.3139054                  -3.9665167e-08
               0.3158312                   -4.929079e-08
                0.317757                  -6.1192829e-08
               0.3196828                  -7.5895706e-08
               0.3216086                   -9.403999e-08
               0.3235344                  -1.1640603e-07
               0.3254602                   -1.439484e-07
                0.327386                  -1.7783614e-07
               0.3293118                  -2.1948216e-07
               0.3312376                  -2.7060852e-07
               0.3331634                  -3.3331776e-07
               0.3350892                  -4.1015034e-07
                0.337015                  -5.0419794e-07
               0.3389408                   -6.191774e-07
               0.3408666                   -7.596314e-07
               0.3427924                  -9.3100959e-07
               0.3447182                   -1.139882e-06
                0.346644                   -1.394283e-06
               0.3485698                  -1.7037165e-06
               0.3504956                   -2.079714e-06
               0.3524214                  -2.5361678e-06
               0.3543472                  -3.0897534e-06
                0.356273                  -3.7603299e-06
               0.3581988                  -4.5717834e-06
               0.3601246                  -5.5527339e-06
               0.3620504                   -6.737594e-06
               0.3639762                  -8.1668404e-06
                0.365902                  -9.8892897e-06
               0.3678278                  -1.1962782e-05
               0.3697536                  -1.4456669e-05
               0.3716794                  -1.7452339e-05
               0.3736052                   -2.104773e-05
                0.375531                  -2.5357371e-05
               0.3774568                  -3.0519026e-05
               0.3793826                  -3.6692974e-05
               0.3813084                  -4.4071981e-05
               0.3832342                  -5.2880714e-05
                 0.38516                  -6.3384708e-05
               0.3870858                  -7.5895601e-05
               0.3890116                  -9.0782247e-05
               0.3909374                  -0.00010848034
               0.3928632                  -0.00012949716
                0.394789                  -0.00015442169
               0.3967148                  -0.00018395041
               0.3986406                  -0.00021890129
               0.4005664                  -0.00026022474
               0.4024922                  -0.00030902293
                0.404418                  -0.00036659784
               0.4063438                  -0.00043443628
               0.4082696                  -0.00051428919
               0.4101954                  -0.00060818857
               0.4121212                  -0.00071847136
                0.414047                  -0.00084785232
               0.4159728                   -0.0009995061
               0.4178986                    -0.001177002
               0.4198244                   -0.0013845556
               0.4217502                   -0.0016269437
                0.423676                   -0.0019098299
               0.4256018                   -0.0022393982
               0.4275276                   -0.0026230551
               0.4294534                   -0.0030691768
               0.4313792                    -0.003587258
                0.433305                   -0.0041882908
               0.4352308                   -0.0048846151
               0.4371566                   -0.0056906277
               0.4390824                   -0.0066224914
               0.4410082                    -0.007698413
                0.442934                   -0.0089390585
               0.4448598                    -0.010368508
               0.4467856                    -0.012013247
               0.4487114                    -0.013903284
               0.4506372                    -0.016072262
                0.452563                    -0.018560033
               0.4544888                     -0.02140728
               0.4564146                    -0.024663895
               0.4583404                     -0.02838441
               0.4602662                    -0.032628536
                0.462192                    -0.037463721
               0.4641178                    -0.042964414
               0.4660436                    -0.049217634
               0.4679694                    -0.056316845
               0.4698952                    -0.064361893
                0.471821                    -0.073470011
               0.4737468                    -0.083769068
               0.4756726                    -0.095392816
               0.4775984                     -0.10850289
               0.4795242                     -0.12326372
                 0.48145                     -0.13986605
               0.4833758                      -0.1585055
               0.4853016                     -0.17940132
               0.4872274                       -0.202801
               0.4891532                     -0.22896497
                0.491079                     -0.25817934
               0.4930048                     -0.29074857
               0.4949306                     -0.32699299
               0.4968564                     -0.36727291
               0.4987822                     -0.41194558
                0.500708                     -0.46147043
               0.5026338                     -0.51623124
               0.5045596                       -0.576711
               0.5064854                     -0.64335942
               0.5084112                     -0.71667939
                0.510337                     -0.79722697
               0.5122628                      -0.8855471
               0.5141886                     -0.98216987
               0.5161144                      -1.0876889
               0.5180402                        -1.20277
                0.519966                      -1.3277912
               0.5218918                       -1.463527
               0.5238176                      -1.6106229
               0.5257434                      -1.7694588
               0.5276692                      -1.9404938
                0.529595                      -2.1244988
               0.5315208                      -2.3217063
               0.5334466                      -2.5324175
               0.5353724                      -2.7569392
               0.5372982                       -2.995538
                0.539224                      -3.2482471
               0.5411498                      -3.5144486
               0.5430756                       -3.794167
               0.5450014                      -4.0865545
               0.5469272                      -4.3908844
                0.548853                      -4.7062998
               0.5507788                      -5.0304928
               0.5527046                      -5.3616982
               0.5546304                      -5.6972208
               0.5565562                      -6.0351572
                0.558482                      -6.3702168
               0.5604078                      -6.6994963
               0.5623336                      -7.0177412
               0.5642594                      -7.3179121
               0.5661852                      -7.5938969
                0.568111                      -7.8387423
               0.5700368                      -8.0416222
               0.5719626                      -8.1939049
               0.5738884                      -8.2819986
               0.5758142                      -8.2958851
                 0.57774                      -8.2155743
               0.5796658                      -8.0285587
               0.5815916                       -7.716929
               0.5835174                      -7.2569098
               0.5854432                      -6.6296935
                0.587369                       -5.802783
               0.5892948                      -4.7563453
               0.5912206                      -3.4544888
               0.5931464                      -1.8675151
               0.5950722                      0.04429245
                0.596998                       2.3192148
               0.5989238                       5.0028772
               0.6008496                       8.1409082
               0.6027754                        11.78294
               0.6047012                       15.987602
                0.606627                       20.810179
               0.6085528                       26.317471
               0.6104786                       32.577087
               0.6124044                       39.656345
               0.6143302                       39.656345
                0.616256                       47.650917
               0.6181818                       56.618862
               0.6201076                        66.66449
               0.6220334                       77.880066
               0.6239592                       90.359634
                0.625885                       104.20472
               0.6278108                       119.52477
               0.6297366                       136.45143
               0.6316624                       155.09506
               0.6335882                       175.55316
                0.635514                       198.00446
               0.6374398                       222.55954
               0.6393656                       249.36494
               0.6412914                       278.55444
               0.6432172                       310.29736
                0.645143                       344.73584
               0.6470688                       382.03397
               0.6489946                       422.34778
               0.6509204                       465.86658
               0.6528462                       512.73383
                0.654772                       563.11395
               0.6566978                       617.18506
               0.6586236                       675.18384
               0.6605494                       737.19531
               0.6624752                       803.46069
                0.664401                        874.0686
               0.6663268                       949.23657
               0.6682526                       1029.2017
               0.6701784                         1114.05
               0.6721042                       1203.9374
                 0.67403                       1299.0542
               0.6759558                       1399.5288
               0.6778816                       1505.5303
               0.6798074                       1617.0944
               0.6817332                       1734.4514
                0.683659                       1857.7616
               0.6855848                       1986.9646
               0.6875106                       2122.1914
               0.6894364                       2263.6011
               0.6913622                       2411.1599
                0.693288                       2564.9922
               0.6952138                       2725.0408
               0.6971396                       2891.3208
               0.6990654                       3063.8743
               0.7009912                       3242.5996
                0.702917                       3427.4321
               0.7048428                       3618.3413
               0.7067686                       3815.2852
               0.7086944                        4018.009
               0.7106202                        4226.376
                0.712546                       4440.1426
               0.7144718                       4659.4038
               0.7163976                       4883.6621
               0.7183234                       5112.6367
               0.7202492                        5346.064
                0.722175                       5583.8623
               0.7241008                       5825.4966
               0.7260266                        6070.709
               0.7279524                       6318.7983
               0.7298782                       6569.6475
                0.731804                       6822.8281
               0.7337298                       7077.6807
               0.7356556                       7333.8164
               0.7375814                       7590.7705
               0.7395072                       7847.9111
                0.741433                       8104.5718
               0.7433588                       8360.3887
               0.7452846                       8614.6738
               0.7472104                       8866.8975
               0.7491362                       9116.1445
                0.751062                       9361.8809
               0.7529878                       9603.7568
               0.7549136                       9840.7783
               0.7568394                       10072.233
               0.7587652                       10297.549
                0.760691                       10516.195
               0.7626168                       10727.215
               0.7645426                       10929.891
               0.7664684                       11123.767
               0.7683942                       11308.201
                 0.77032                       11482.012
               0.7722458                        11645.09
               0.7741716                       11796.803
               0.7760974                       11936.204
               0.7780232                       12062.576
                0.779949                       12175.635
               0.7818748                         12274.8
               0.7838006                       12359.525
               0.7857264                       12429.154
               0.7876522                       12483.161
                0.789578                        12521.21
               0.7915038                        12543.08
               0.7934296                       12548.169
               0.7953554                       12536.122
               0.7972812                       12506.754
                0.799207                       12459.615
               0.8011328                       12394.703
               0.8030586                       12311.979
               0.8049844                       12211.178
               0.8069102                        12092.08
                0.808836                       11954.931
               0.8107618                       11799.666
               0.8126876                         11626.4
               0.8146134                       11435.281
               0.8165392                        11226.55
                0.818465                       11000.358
               0.8203908                       10757.253
               0.8223166                       10497.313
               0.8242424                       10221.034
               0.8261682                       9929.0547
                0.828094                       9621.7217
               0.8300198                       9299.6152
               0.8319456                        8963.416
               0.8338714                       8613.7305
               0.8357972                       8251.3877
                0.837723                       7877.0269
               0.8396488                       7491.4043
               0.8415746                       7095.4043
               0.8435004                       6689.9834
               0.8454262                       6275.9438
                0.847352                       5854.2295
               0.8492778                       5425.8447
               0.8512036                       4991.7646
               0.8531294                       4552.9155
               0.8550552                       4110.3164
                0.856981                       3665.1331
               0.8589068                       3218.4575
               0.8608326                       2771.2083
               0.8627584                        2324.374
               0.8646842                       1879.1877
                 0.86661                       1436.6863
               0.8685358                       997.87811
               0.8704616                       563.78021
               0.8723874                       135.47281
               0.8743132                      -286.08307
                0.876239                      -699.85938
               0.8781648                      -1104.8727
               0.8800906                      -1500.2466
               0.8820164                       -1885.152
               0.8839422                      -2258.5854
                0.885868                      -2619.7192
               0.8877938                      -2967.7986
               0.8897196                      -3302.0713
               0.8916454                      -3621.9297
               0.8935712                      -3926.6265
                0.895497                      -4215.4517
               0.8974228                      -4487.9639
               0.8993486                      -4743.7075
               0.9012744                      -4982.1138
               0.9032002                      -5202.7754
                0.905126                      -5405.4766
               0.9070518                      -5589.8809
               0.9089776                      -5755.6587
               0.9109034                      -5902.6475
               0.9128292                      -6030.8037
                0.914755                      -6140.0308
               0.9166808                      -6230.2979
               0.9186066                      -6301.6475
               0.9205324                      -6354.1216
               0.9224582                       -6387.875
                0.924384                      -6403.1313
               0.9263098                      -6400.1084
               0.9282356                      -6379.0854
               0.9301614                      -6340.3438
               0.9320872                      -6284.2417
                0.934013                      -6211.2622
               0.9359388                      -6121.8306
               0.9378646                      -6016.3711
               0.9397904                      -5895.4106
               0.9417162                      -5759.4453
                0.943642                      -5609.0659
               0.9455678                           -5445
               0.9474936                      -5267.8013
               0.9494194                      -5077.9355
               0.9513452                       -4876.064
                0.953271                      -4663.0259
               0.9551968                      -4439.5781
               0.9571226                      -4206.2119
               0.9590484                      -3963.5098
               0.9609742                      -3712.4001
                  0.9629                      -3453.6858
               0.9648258                      -3187.8975
               0.9667516                      -2915.7241
               0.9686774                      -2637.9907
               0.9706032                      -2355.3784
                0.972529                      -2068.5198
               0.9744548                      -1778.1985
               0.9763806                      -1485.2202
               0.9783064                      -1190.1921
               0.9802322                      -893.66217
                0.982158                      -596.32678
               0.9840838                       -298.9736
               0.9860096                      -2.3318782
               0.9879354                       293.06256
               0.9898612                       586.70947
                0.991787                       877.88373
               0.9937128                       1165.8937
               0.9956386                       1450.2319
               0.9975644                       1730.3037
               0.9994902                       2005.5269
                1.001416                       2275.4185
               1.0033418                       2539.3738
               1.0052676                       2796.8115
               1.0071934                       3047.3076
               1.0091192                       3290.3762
                1.011045                       3525.4968
               1.0129708                       3752.2222
               1.0148966                        3970.084
               1.0168224                       4178.6147
               1.0187482                       4377.4043
                1.020674                        4566.062
               1.0225998                       4744.2271
               1.0245256                       4744.2271
               1.0264514                       4911.5425
               1.0283772                       5067.5664
                1.030303                       5211.9087
               1.0322288                       5344.3496
               1.0341546                       5464.5845
               1.0360804                       5572.2456
               1.0380062                       5667.1406
                1.039932                       5749.0063
               1.0418578                       5817.4937
               1.0437836                       5872.5142
               1.0457094                       5913.9443
               1.0476352                       5941.4458
                1.049561                       5954.8965
               1.0514868                       5954.3184
               1.0534126                       5939.5669
               1.0553384                       5910.5103
               1.0572642                       5867.1206
                 1.05919                       5809.3887
               1.0611158                       5737.3887
               1.0630416                       5651.1699
               1.0649674                       5550.6885
               1.0668932                       5436.0786
                1.068819                       5307.6025
               1.0707448                       5165.3379
               1.0726706                       5009.4355
               1.0745964                       4840.2969
               1.0765222                       4658.1318
                1.078448                       4463.0469
               1.0803738                       4255.5068
               1.0822996                       4036.0793
               1.0842254                       3805.0564
               1.0861512                        3562.699
                1.088077                       3309.5864
               1.0900028                       3046.4092
               1.0919286                       2773.6165
               1.0938544                       2491.6885
               1.0957802                       2201.3384
                1.097706                        1903.198
               1.0996318                       1597.9185
               1.1015576                       1286.3206
               1.1034834                       969.11096
               1.1054092                       646.95697
                1.107335                       320.67722
               1.1092608                      -8.8236427
               1.1111866                      -340.60767
               1.1131124                      -673.87238
               1.1150382                       -1007.873
                1.116964                       -1341.623
               1.1188898                      -1674.0872
               1.1208156                      -2004.3679
               1.1227414                      -2331.5466
               1.1246672                      -2654.7046
                1.126593                      -2972.9194
               1.1285188                      -3285.1616
               1.1304446                      -3590.4087
               1.1323704                      -3887.7341
               1.1342962                      -4176.2461
                1.136222                       -4455.042
               1.1381478                      -4723.1782
               1.1400736                      -4979.7192
               1.1419994                      -5223.7813
               1.1439252                      -5454.5317
                1.145851                      -5671.2021
               1.1477768                      -5873.0088
               1.1497026                      -6059.1021
               1.1516284                      -6228.7471
               1.1535542                      -6381.3818
                 1.15548                      -6516.4204
               1.1574058                      -6633.2383
               1.1593316                      -6731.2734
               1.1612574                      -6810.0439
               1.1631832                       -6869.189
                1.165109                      -6908.3965
               1.1670348                      -6927.3633
               1.1689606                      -6925.8896
               1.1708864                      -6903.7573
               1.1728122                      -6860.7896
                1.174738                       -6797.105
               1.1766638                      -6712.8389
               1.1785896                      -6607.9814
               1.1805154                      -6482.7256
               1.1824412                      -6337.3921
                1.184367                      -6172.2554
               1.1862928                      -5987.7305
               1.1882186                      -5784.3359
               1.1901444                      -5562.6025
               1.1920702                      -5323.1504
                1.193996                      -5066.6328
               1.1959218                      -4793.7637
               1.1978476                      -4505.4077
               1.1997734                      -4202.4365
               1.2016992                      -3885.6582
                1.203625                      -3556.0156
               1.2055508                      -3214.6516
               1.2074766                      -2862.6953
               1.2094024                      -2501.1638
               1.2113282                      -2131.0994
                1.213254                      -1753.6787
               1.2151798                      -1370.1876
               1.2171056                      -981.89209
               1.2190314                      -590.00403
               1.2209572                       -195.7926
                1.222883                       199.47653
               1.2248088                       594.58252
               1.2267346                        988.1936
               1.2286604                       1378.9612
               1.2305862                       1765.6707
                1.232512                        2147.113
               1.2344378                       2522.0388
               1.2363636                       2889.1963
               1.2382894                       3247.3525
               1.2402152                       3595.4038
                1.242141                       3932.3066
               1.2440668                       4256.9141
               1.2459926                       4568.0972
               1.2479184                       4864.9126
               1.2498442                       5146.5215
                 1.25177                       5412.0186
               1.2536958                       5660.4756
               1.2556216                        5891.168
               1.2575474                       6103.4912
               1.2594732                       6296.7168
                1.261399                       6470.2051
               1.2633248                        6623.582
               1.2652506                       6756.4521
               1.2671764                       6868.3442
               1.2691022                       6958.9614
                1.271028                       7028.1865
               1.2729538                        7075.917
               1.2748796                       7101.9966
               1.2768054                       7106.3833
               1.2787312                       7089.2666
                1.280657                        7050.833
               1.2825828                       6991.1992
               1.2845086                       6910.6919
               1.2864344                       6809.7593
               1.2883602                         6688.73
                1.290286                       6548.0752
               1.2922118                       6388.4678
               1.2941376                       6210.5063
               1.2960634                       6014.8037
               1.2979892                       5802.0737
                1.299915                       5573.0391
               1.3018408                       5328.6113
               1.3037666                       5069.8013
               1.3056924                       4797.3711
               1.3076182                       4512.0713
                1.309544                       4214.9712
               1.3114698                       3907.2671
               1.3133956                       3589.9792
               1.3153214                       3263.9651
               1.3172472                       2930.2217
                1.319173                       2589.9678
               1.3210988                       2244.3643
               1.3230246                       1894.4305
               1.3249504                       1541.2096
               1.3268762                       1185.7898
                1.328802                       829.21747
               1.3307278                       472.58472
               1.3326536                       117.06439
               1.3345794                       -236.3317
               1.3365052                      -586.72394
                1.338431                      -933.10901
               1.3403568                      -1274.4557
               1.3422826                      -1609.8013
               1.3442084                      -1938.2457
               1.3461342                       -2259.012
                 1.34806                      -2571.2759
               1.3499858                      -2874.1377
               1.3519116                      -3166.8489
               1.3538374                      -3448.7368
               1.3557632                      -3719.1431
                1.357689                      -3977.4966
               1.3596148                      -4223.2041
               1.3615406                      -4455.6753
               1.3634664                       -4674.438
               1.3653922                      -4879.0757
                1.367318                       -5069.248
               1.3692438                      -5244.6548
               1.3711696                      -5404.9033
               1.3730954                      -5549.6943
               1.3750212                      -5678.9346
                1.376947                      -5792.5049
               1.3788728                      -5890.2568
               1.3807986                      -5972.1328
               1.3827244                      -6038.0981
               1.3846502                      -6088.1689
                1.386576                      -6122.4268
               1.3885018                      -6140.9521
               1.3904276                      -6143.8672
               1.3923534                      -6131.3174
               1.3942792                      -6103.5317
                1.396205                      -6060.8433
               1.3981308                      -6003.4438
               1.4000566                       -5931.498
               1.4019824                       -5845.418
               1.4039082                      -5745.6519
                1.405834                       -5632.481
               1.4077598                      -5506.2119
               1.4096856                      -5367.3193
               1.4116114                      -5216.2764
               1.4135372                      -5053.4688
                1.415463                      -4879.3301
               1.4173888                      -4694.3545
               1.4193146                      -4499.0498
               1.4212404                      -4293.9287
               1.4231662                      -4079.4546
                1.425092                      -3856.0945
               1.4270178                      -3624.4214
               1.4289436                      -3385.0181
               1.4308694                      -3138.4214
               1.4327952                      -2885.1147
                1.434721                      -2885.1147
               1.4366468                      -2625.5879
               1.4385726                      -2360.4763
               1.4404984                      -2090.4231
               1.4424242                      -1815.9238
                 1.44435                      -1537.5342
               1.4462758                      -1255.8815
               1.4482016                      -971.45654
               1.4501274                      -684.79285
               1.4520532                       -396.6214
                1.453979                       -107.5741
               1.4559048                       181.87778
               1.4578306                        471.1756
               1.4597564                       759.70496
               1.4616822                       1046.8267
                1.463608                        1331.873
               1.4655338                       1614.3383
               1.4674596                       1893.7092
               1.4693854                       2169.2527
               1.4713112                        2440.343
                1.473237                       2706.5247
               1.4751628                       2967.1965
               1.4770886                       3221.6836
               1.4790144                       3469.3867
               1.4809402                       3709.7515
                1.482866                       3942.2725
               1.4847918                       4166.3813
               1.4867176                       4381.4165
               1.4886434                       4586.8467
               1.4905692                       4782.2241
                1.492495                       4966.9731
               1.4944208                       5140.5557
               1.4963466                        5302.543
               1.4982724                       5452.3955
               1.5001982                       5589.5879
                1.502124                        5713.792
               1.5040498                       5824.6084
               1.5059756                       5921.5049
               1.5079014                       6004.1387
               1.5098272                       6072.2915
                1.511753                       6125.5894
               1.5136788                       6163.6592
               1.5156046                         6186.27
               1.5175304                       6193.1958
               1.5194562                       6184.2729
                1.521382                       6159.4258
               1.5233078                       6118.4878
               1.5252336                       6061.2939
               1.5271594                       5987.8501
               1.5290852                       5898.2231
                1.531011                       5792.4434
               1.5329368                       5670.5874
               1.5348626                       5532.8232
               1.5367884                       5379.3232
               1.5387142                       5210.2705
                 1.54064                       5025.9756
               1.5425658                        4826.814
               1.5444916                       4613.1328
               1.5464174                       4385.3506
               1.5483432                       4143.9395
                1.550269                       3889.3782
               1.5521948                       3622.2559
               1.5541206                       3343.2507
               1.5560464                       3052.9951
               1.5579722                       2752.1274
                1.559898                       2441.4014
               1.5618238                       2121.6321
               1.5637496                       1793.6304
               1.5656754                       1458.2671
               1.5676012                       1116.4857
                1.569527                       769.19281
               1.5714528                       417.30176
               1.5733786                       61.835163
               1.5753044                      -296.17838
               1.5772302                      -655.73944
                1.579156                      -1015.7593
               1.5810818                      -1375.1218
               1.5830076                      -1732.7626
               1.5849334                      -2087.5869
               1.5868592                      -2438.4976
                1.588785                      -2784.4409
               1.5907108                      -3124.2979
               1.5926366                       -3456.896
               1.5945624                      -3781.1638
               1.5964882                      -4096.0859
                1.598414                      -4400.5913
               1.6003398                      -4693.6543
               1.6022656                      -4974.3042
               1.6041914                      -5241.5137
               1.6061172                      -5494.3335
                1.608043                      -5731.9453
               1.6099688                      -5953.4785
               1.6118946                      -6158.0757
               1.6138204                      -6344.9946
               1.6157462                      -6513.5244
                1.617672                      -6663.0283
               1.6195978                      -6792.9707
               1.6215236                      -6902.8252
               1.6234494                      -6992.0913
               1.6253752                      -7060.3154
                1.627301                      -7107.1963
               1.6292268                      -7132.6006
               1.6311526                      -7136.3213
               1.6330784                      -7118.1289
               1.6350042                      -7078.0654
                 1.63693                      -7016.3052
               1.6388558                      -6932.8564
               1.6407816                      -6827.7793
               1.6427074                      -6701.4785
               1.6446332                      -6554.4565
                1.646559                      -6387.0488
               1.6484848                      -6199.6001
               1.6504106                      -5992.7075
               1.6523364                       -5767.167
               1.6542622                      -5523.6699
                1.656188                      -5262.8042
               1.6581138                      -4985.4531
               1.6600396                      -4692.6704
               1.6619654                      -4385.3164
               1.6638912                       -4064.311
                1.665817                        -3730.75
               1.6677428                      -3385.6965
               1.6696686                      -3030.2744
               1.6715944                      -2665.6929
               1.6735202                      -2293.1396
                1.675446                      -1913.8014
               1.6773718                      -1528.8693
               1.6792976                       -1139.644
               1.6812234                      -747.48676
               1.6831492                      -353.60144
                1.685075                       40.808716
               1.6870008                       434.41174
               1.6889266                       825.92188
               1.6908524                       1214.1252
               1.6927782                        1597.785
                1.694704                       1975.5916
               1.6966298                       2346.3264
               1.6985556                       2709.0007
               1.7004814                       3062.5149
               1.7024072                       3405.5898
                1.704333                       3737.1675
               1.7062588                        4056.364
               1.7081846                       4362.2373
               1.7101104                       4653.8291
               1.7120362                       4930.2534
                1.713962                       5190.7568
               1.7158878                       5434.6284
               1.7178136                       5661.1704
               1.7197394                       5869.7993
               1.7216652                       6059.9526
                1.723591                       6231.1021
               1.7255168                       6382.8838
               1.7274426                       6514.9844
               1.7293684                       6627.0942
               1.7312942                       6718.9707
                 1.73322                       6790.4805
               1.7351458                       6841.6235
               1.7370716                       6872.3936
               1.7389974                       6882.7695
               1.7409232                       6872.8896
                1.742849                       6842.9854
               1.7447748                       6793.3066
               1.7467006                       6724.1777
               1.7486264                       6635.9541
               1.7505522                       6529.0391
                1.752478                       6403.9482
               1.7544038                       6261.2241
               1.7563296                       6101.3999
               1.7582554                       5925.1182
               1.7601812                       5733.1211
                1.762107                        5526.127
               1.7640328                       5304.8232
               1.7659586                       5069.9492
               1.7678844                       4822.3574
               1.7698102                       4562.9478
                1.771736                       4292.5576
               1.7736618                       4012.0657
               1.7755876                       3722.4268
               1.7775134                       3424.5203
               1.7794392                       3119.2166
                1.781365                       2807.4888
               1.7832908                       2490.3408
               1.7852166                       2168.7368
               1.7871424                       1843.5548
               1.7890682                       1515.6576
                1.790994                       1186.0297
               1.7929198                        855.6806
               1.7948456                       525.47479
               1.7967714                        196.2029
               1.7986972                      -131.22556
                1.800623                      -455.86273
               1.8025488                      -776.95569
               1.8044746                      -1093.7858
               1.8064004                      -1405.4711
               1.8083262                      -1711.2012
                1.810252                      -2010.3469
               1.8121778                        -2302.29
               1.8141036                      -2586.3364
               1.8160294                      -2861.7524
               1.8179552                      -3127.9607
                1.819881                      -3384.5583
               1.8218068                      -3630.9927
               1.8237326                      -3866.6333
               1.8256584                      -4091.1006
               1.8275842                       -4304.042
                 1.82951                      -4504.9883
               1.8314358                      -4693.6421
               1.8333616                      -4869.7412
               1.8352874                      -5032.8569
               1.8372132                      -5182.7705
                1.839139                      -5319.4434
               1.8410648                      -5442.6035
               1.8429906                      -5442.6035
               1.8449164                      -5551.9634
               1.8468422                      -5647.4873
                1.848768                       -5729.144
               1.8506938                      -5796.8071
               1.8526196                      -5850.4316
               1.8545454                      -5890.0596
               1.8564712                      -5915.6997
                1.858397                      -5927.3379
               1.8603228                        -5925.02
               1.8622486                      -5908.8511
               1.8641744                      -5878.9883
               1.8661002                      -5835.5801
                1.868026                      -5778.7104
               1.8699518                        -5708.52
               1.8718776                      -5625.2305
               1.8738034                      -5529.0552
               1.8757292                      -5420.2397
                1.877655                      -5299.0376
               1.8795808                       -5165.646
               1.8815066                      -5020.3423
               1.8834324                       -4863.501
               1.8853582                      -4695.4204
                1.887284                      -4516.3667
               1.8892098                      -4326.7134
               1.8911356                      -4126.8916
               1.8930614                      -3917.2551
               1.8949872                       -3698.145
                1.896913                      -3470.0208
               1.8988388                      -3233.3455
               1.9007646                      -2988.5078
               1.9026904                       -2736.002
               1.9046162                      -2476.3743
                1.906542                      -2210.0796
               1.9084678                      -1937.6318
               1.9103936                      -1659.6201
               1.9123194                      -1376.5638
               1.9142452                       -1089.015
                1.916171                      -797.63525
               1.9180968                       -503.0354
               1.9200226                      -205.77522
               1.9219484                       93.486549
               1.9238742                       394.05304
                  1.9258                        695.2356
               1.9277258                       996.33295
               1.9296516                        1296.751
               1.9315774                       1595.8274
               1.9335032                       1892.6704
                1.935429                       2186.5491
               1.9373548                       2476.8845
               1.9392806                       2762.8774
               1.9412064                       3043.6975
               1.9431322                       3318.6514
                1.945058                       3587.0608
               1.9469838                       3848.1877
               1.9489096                        4101.166
               1.9508354                       4345.2251
               1.9527612                       4579.8228
                1.954687                       4804.2651
               1.9566128                       5017.6846
               1.9585386                       5219.3789
               1.9604644                       5408.8154
               1.9623902                       5585.4043
                1.964316                       5748.4082
               1.9662418                       5897.1729
               1.9681676                       6031.2529
               1.9700934                       6150.1274
               1.9720192                       6253.1646
                1.973945                       6339.9614
               1.9758708                       6410.2349
               1.9777966                       6463.5186
               1.9797224                       6499.3394
               1.9816482                       6517.4863
                1.983574                       6517.7871
               1.9854998                       6499.9619
               1.9874256                       6463.8755
               1.9893514                       6409.5444
               1.9912772                       6336.8608
                1.993203                       6245.6899
               1.9951288                       6136.2061
               1.9970546                       6008.7383
               1.9989804                       5863.3589
               2.0009062                       5700.1196
                2.002832                       5519.4561
               2.0047578                       5321.8799
               2.0066836                       5107.7031
               2.0086094                       4877.3271
               2.0105352                       4631.3608
                2.012461                       4370.4399
               2.0143868                       4095.1895
               2.0163126                       3806.3132
               2.0182384                       3504.6016
               2.0201642                       3190.8535
                 2.02209                       2865.8613
               2.0240158                        2530.561
               2.0259416                       2186.0066
               2.0278674                        1833.146
               2.0297932                       1472.9063
                2.031719                       1106.3899
               2.0336448                       734.74963
               2.0355706                       359.10495
               2.0374964                      -19.381737
               2.0394222                       -399.5658
                2.041348                       -780.3363
               2.0432738                      -1160.4894
               2.0451996                       -1538.729
               2.0471254                       -1913.816
               2.0490512                      -2284.6035
                2.050977                      -2649.9336
               2.0529028                      -3008.6006
               2.0548286                      -3359.3945
               2.0567544                      -3701.1348
               2.0586802                      -4032.7073
                2.060606                      -4353.0259
               2.0625318                      -4661.0034
               2.0644576                      -4955.5933
               2.0663834                      -5235.7783
               2.0683092                      -5500.6074
                2.070235                      -5749.2163
               2.0721608                      -5980.7163
               2.0740866                      -6194.2837
               2.0760124                      -6389.2485
               2.0779382                      -6564.8984
                2.079864                      -6720.5732
               2.0817898                      -6855.8008
               2.0837156                      -6970.0918
               2.0856414                      -7062.9766
               2.0875672                      -7134.1826
                2.089493                      -7183.4619
               2.0914188                       -7210.604
               2.0933446                      -7215.5498
               2.0952704                      -7198.2588
               2.0971962                       -7158.709
                2.099122                      -7097.0566
               2.1010478                       -7013.583
               2.1029736                      -6908.5811
               2.1048994                      -6782.3755
               2.1068252                      -6635.3545
                2.108751                      -6468.0078
               2.1106768                      -6280.9258
               2.1126026                      -6074.7778
               2.1145284                      -5850.3037
               2.1164542                        -5608.27
                 2.11838                      -5349.4648
               2.1203058                      -5074.6948
               2.1222316                      -4784.8911
               2.1241574                      -4481.1577
               2.1260832                      -4164.5479
                2.128009                       -3835.998
               2.1299348                      -3496.5955
               2.1318606                      -3147.5454
               2.1337864                      -2789.9885
               2.1357122                      -2425.0984
                2.137638                      -2054.1069
               2.1395638                      -1678.1947
               2.1414896                      -1298.5358
               2.1434154                      -916.35297
               2.1453412                      -532.93372
                2.147267                      -149.56976
               2.1491928                       232.60774
               2.1511186                       612.53241
               2.1530444                       988.98041
               2.1549702                       1360.6896
                2.156896                       1726.4996
               2.1588218                       2085.3508
               2.1607476                       2436.3054
               2.1626734                       2778.3472
               2.1645992                       3110.3164
                2.166525                       3431.2485
               2.1684508                       3740.3635
               2.1703766                       4036.8191
               2.1723024                       4319.7852
               2.1742282                       4588.4922
                2.176154                       4842.2461
               2.1780798                       5080.4331
               2.1800056                       5302.4346
               2.1819314                       5507.7495
               2.1838572                       5695.9883
                2.185783                       5866.6455
               2.1877088                       6019.3398
               2.1896346                       6153.9243
               2.1915604                       6270.1538
               2.1934862                       6367.7813
                2.195412                        6446.748
               2.1973378                       6507.0332
               2.1992636                       6548.6406
               2.2011894                       6571.6064
               2.2031152                       6576.0371
                2.205041                       6562.2285
               2.2069668                       6530.4199
               2.2088926                       6480.7339
               2.2108184                       6413.5347
               2.2127442                       6329.2959
                 2.21467                       6228.3716
               2.2165958                       6111.2554
               2.2185216                       5978.5342
               2.2204474                       5830.6255
               2.2223732                       5667.9912
                2.224299                       5491.3672
               2.2262248                       5301.5293
               2.2281506                       5099.0283
               2.2300764                       4884.3999
               2.2320022                       4658.4067
                2.233928                       4421.8628
               2.2358538                         4175.52
               2.2377796                       3920.0957
               2.2397054                       3656.2783
               2.2416312                       3384.8376
                2.243557                       3106.5798
               2.2454828                        2822.303
               2.2474086                       2532.8655
               2.2493344                       2238.9507
               2.2512602                       1941.1831
                2.253186                       1941.1831
               2.2551118                       1640.4883
               2.2570376                       1337.7119
               2.2589634                       1033.4535
               2.2608892                       728.47449
                2.262815                       423.57028
               2.2647408                       119.38604
               2.2666666                      -183.39272
               2.2685924                      -484.04102
               2.2705182                        -781.854
                2.272444                      -1076.1946
               2.2743698                       -1366.533
               2.2762956                      -1652.2468
               2.2782214                      -1932.5911
               2.2801472                      -2206.9978
                2.282073                      -2475.0942
               2.2839988                      -2736.3687
               2.2859246                      -2990.1433
               2.2878504                      -3235.8828
               2.2897762                      -3473.2112
                2.291702                        -3701.72
               2.2936278                      -3920.9739
               2.2955536                      -4130.5283
               2.2974794                      -4329.9766
               2.2994052                      -4518.9751
                2.301331                      -4697.1538
               2.3032568                      -4864.1934
               2.3051826                      -5019.8071
               2.3071084                       -5163.627
               2.3090342                      -5295.4258
                 2.31096                      -5415.0684
               2.3128858                      -5522.1758
               2.3148116                      -5616.3979
               2.3167374                      -5697.7354
               2.3186632                      -5766.1689
                2.320589                      -5821.3584
               2.3225148                      -5862.9565
               2.3244406                      -5890.9658
               2.3263664                      -5905.5166
               2.3282922                      -5906.4932
                2.330218                      -5893.6475
               2.3321438                      -5866.8911
               2.3340696                      -5826.3418
               2.3359954                      -5772.0947
               2.3379212                      -5704.1025
                2.339847                      -5622.3799
               2.3417728                      -5527.0342
               2.3436986                      -5418.1333
               2.3456244                      -5295.8179
               2.3475502                       -5160.334
                2.349476                      -5011.8691
               2.3514018                      -4850.5542
               2.3533276                      -4676.6099
               2.3552534                       -4490.394
               2.3571792                      -4292.2485
                2.359105                       -4082.439
               2.3610308                      -3861.3269
               2.3629566                      -3629.3481
               2.3648824                      -3386.9146
               2.3668082                      -3134.4998
                2.368734                      -2872.6384
               2.3706598                      -2601.8398
               2.3725856                      -2322.6279
               2.3745114                      -2035.5975
               2.3764372                      -1741.3992
                2.378363                      -1440.7123
               2.3802888                      -1134.2523
               2.3822146                      -822.71539
               2.3841404                      -506.73706
               2.3860662                      -187.07483
                2.387992                       135.33752
               2.3899178                       459.66321
               2.3918436                       785.19141
               2.3937694                       1111.0618
               2.3956952                       1436.2996
                2.397621                       1760.0643
               2.3995468                        2081.561
               2.4014726                       2399.8247
               2.4033984                       2713.8406
               2.4053242                       3022.7422
                 2.40725                        3325.689
               2.4091758                       3621.7207
               2.4111016                       3909.8894
               2.4130274                       4189.3223
               2.4149532                        4459.127
                2.416879                       4718.4214
               2.4188048                       4966.3643
               2.4207306                       5202.0908
               2.4226564                       5424.7783
               2.4245822                       5633.6963
                2.426508                       5828.0928
               2.4284338                       6007.1963
               2.4303596                       6170.3496
               2.4322854                       6316.9604
               2.4342112                       6446.3818
                2.436137                       6558.0215
               2.4380628                       6651.4492
               2.4399886                       6726.2588
               2.4419144                       6781.9751
               2.4438402                       6818.2344
                2.445766                       6834.8623
               2.4476918                       6831.6611
               2.4496176                       6808.3477
               2.4515434                       6764.8154
               2.4534692                       6701.1387
                2.455395                        6617.355
               2.4573208                       6513.5205
               2.4592466                       6389.8516
               2.4611724                       6246.5869
               2.4630982                       6083.9517
                2.465024                       5902.3398
               2.4669498                       5702.2783
               2.4688756                       5484.2339
               2.4708014                       5248.7002
               2.4727272                       4996.3496
                2.474653                       4727.9473
               2.4765788                       4444.2188
               2.4785046                       4145.8809
               2.4804304                       3833.8293
               2.4823562                       3509.0691
                2.484282                       3172.5122
               2.4862078                       2825.1338
               2.4881336                       2468.0679
               2.4900594                       2102.4111
               2.4919852                       1729.2144
                2.493911                       1349.6045
               2.4958368                       964.85034
               2.4977626                       576.26782
               2.4996884                       185.02914
               2.5016142                      -207.71342
                 2.50354                       -600.6734
               2.5054658                      -992.54626
               2.5073916                      -1382.0325
               2.5093174                      -1767.8677
               2.5112432                      -2148.8572
                2.513169                      -2523.7505
               2.5150948                      -2891.2935
               2.5170206                      -3250.3103
               2.5189464                       -3599.613
               2.5208722                      -3938.0359
                2.522798                      -4264.4741
               2.5247238                      -4577.8574
               2.5266496                      -4877.2017
               2.5285754                      -5161.5591
               2.5305012                      -5429.9609
                2.532427                      -5681.5088
               2.5343528                      -5915.4019
               2.5362786                      -6130.8916
               2.5382044                      -6327.3423
               2.5401302                      -6504.1846
                2.542056                      -6660.7856
               2.5439818                      -6796.6152
               2.5459076                      -6911.3706
               2.5478334                      -7004.7515
               2.5497592                      -7076.4448
                2.551685                      -7126.2817
               2.5536108                      -7154.1509
               2.5555366                      -7160.0293
               2.5574624                       -7144.041
               2.5593882                       -7106.291
                2.561314                      -7046.9082
               2.5632398                       -6966.208
               2.5651656                       -6864.564
               2.5670914                      -6742.3438
               2.5690172                      -6600.0771
                2.570943                      -6438.3809
               2.5728688                      -6257.8066
               2.5747946                      -6058.9561
               2.5767204                      -5842.5869
               2.5786462                      -5609.5513
                2.580572                      -5360.7544
               2.5824978                       -5097.001
               2.5844236                      -4819.0625
               2.5863494                      -4528.0405
               2.5882752                      -4225.0972
                2.590201                      -3911.0662
               2.5921268                      -3586.9304
               2.5940526                      -3253.9565
               2.5959784                      -2913.1875
               2.5979042                      -2565.6226
                 2.59983                        -2212.51
               2.6017558                       -1855.025
               2.6036816                      -1494.2029
               2.6056074                       -1131.125
               2.6075332                      -766.92456
                2.609459                      -402.78448
               2.6113848                      -39.824383
               2.6133106                       320.95349
               2.6152364                       678.50671
               2.6171622                       1031.7654
                2.619088                       1379.7241
               2.6210138                       1721.4277
               2.6229396                       2055.9551
               2.6248654                       2382.3848
               2.6267912                       2699.8203
                2.628717                       3007.4399
               2.6306428                       3304.4824
               2.6325686                        3590.251
               2.6344944                       3864.0266
               2.6364202                       4125.0981
                2.638346                       4372.9336
               2.6402718                       4607.0078
               2.6421976                       4826.7192
               2.6441234                       5031.6616
               2.6460492                       5221.5327
                2.647975                       5395.8906
               2.6499008                        5554.377
               2.6518266                       5696.8193
               2.6537524                       5823.0508
               2.6556782                       5932.8843
                2.657604                       6026.1797
               2.6595298                       6102.8677
               2.6614556                       6102.8677
               2.6633814                       6162.9829
               2.6653072                       6206.6016
                2.667233                        6233.749
               2.6691588                       6244.4736
               2.6710846                       6238.9639
               2.6730104                         6217.48
               2.6749362                       6180.2563
                2.676862                       6127.5234
               2.6787878                       6059.5313
               2.6807136                       5976.6353
               2.6826394                       5879.2852
               2.6845652                       5767.8433
                2.686491                       5642.6392
               2.6884168                       5504.1357
               2.6903426                       5352.8574
               2.6922684                       5189.3228
               2.6941942                            5014
                 2.69612                       4827.2949
               2.6980458                       4629.7773
               2.6999716                       4422.1465
               2.7018974                       4204.9111
               2.7038232                       3978.5378
                2.705749                       3743.6733
               2.7076748                       3500.9434
               2.7096006                       3250.8838
               2.7115264                       2994.1025
               2.7134522                       2731.2637
                2.715378                         2462.98
               2.7173038                         2189.79
               2.7192296                       1912.2927
               2.7211554                       1631.1892
               2.7230812                       1347.0795
                2.725007                       1060.5215
               2.7269328                       772.19287
               2.7288586                       482.67792
               2.7307844                       192.45416
               2.7327102                      -97.797699
                2.734636                      -387.29868
               2.7365618                      -675.52972
               2.7384876                      -962.12701
               2.7404134                      -1246.4696
               2.7423392                      -1527.7388
                2.744265                       -1805.374
               2.7461908                      -2079.0115
               2.7481166                      -2348.0725
               2.7500424                      -2611.8618
               2.7519682                      -2869.8521
                2.753894                       -3121.585
               2.7558198                      -3366.4995
               2.7577456                      -3604.0229
               2.7596714                      -3833.6643
               2.7615972                      -4054.9346
                2.763523                      -4267.2925
               2.7654488                      -4470.2412
               2.7673746                      -4663.3545
               2.7693004                      -4846.1655
               2.7712262                      -5018.1719
                2.773152                      -5178.9473
               2.7750778                      -5328.0625
               2.7770036                      -5465.0693
               2.7789294                      -5589.5962
               2.7808552                      -5701.3081
                2.782781                       -5799.835
               2.7847068                      -5884.7944
               2.7866326                       -5955.855
               2.7885584                      -6012.7627
               2.7904842                      -6055.2529
                 2.79241                      -6083.0576
               2.7943358                      -6095.9688
               2.7962616                      -6093.7998
               2.7981874                      -6076.4121
               2.8001132                      -6043.6802
                2.802039                      -5995.4453
               2.8039648                      -5931.6748
               2.8058906                      -5852.4458
               2.8078164                      -5757.7305
               2.8097422                      -5647.5225
                2.811668                      -5521.9517
               2.8135938                      -5381.1836
               2.8155196                      -5225.4033
               2.8174454                       -5054.812
               2.8193712                       -4869.667
                2.821297                      -4670.3506
               2.8232228                      -4457.1963
               2.8251486                      -4230.5029
               2.8270744                      -3990.8064
               2.8290002                       -3738.689
                2.830926                       -3474.571
               2.8328518                      -3199.0439
               2.8347776                      -2912.8477
               2.8367034                      -2616.5444
               2.8386292                      -2310.7698
                2.840555                      -1996.4036
               2.8424808                      -1674.2744
               2.8444066                      -1345.1498
               2.8463324                      -1009.8851
               2.8482582                      -669.35669
                2.850184                      -324.48804
               2.8521098                        23.71501
               2.8540356                       374.27203
               2.8559614                       726.21167
               2.8578872                       1078.5197
                2.859813                       1430.1636
               2.8617388                       1780.0688
               2.8636646                       2127.1697
               2.8655904                       2470.4302
               2.8675162                       2808.7354
                2.869442                       3141.0417
               2.8713678                       3466.4126
               2.8732936                       3783.6958
               2.8752194                       4091.7207
               2.8771452                       4389.6187
                2.879071                       4676.4565
               2.8809968                       4951.1567
               2.8829226                       5212.7954
               2.8848484                       5460.4824
               2.8867742                        5693.291
                  2.8887                       5910.4131
               2.8906258                        6111.104
               2.8925516                       6294.6143
               2.8944774                       6460.2021
               2.8964032                        6607.209
                2.898329                       6735.1187
               2.9002548                       6843.4395
               2.9021806                       6931.6318
               2.9041064                       6999.2598
               2.9060322                       7046.0488
                2.907958                       7071.7778
               2.9098838                       7076.2095
               2.9118096                       7059.2075
               2.9137354                       7020.7397
               2.9156612                       6960.8013
                2.917587                       6879.5088
               2.9195128                       6777.0244
               2.9214386                       6653.5244
               2.9233644                       6509.3994
               2.9252902                       6345.0811
                2.927216                       6160.8857
               2.9291418                       5957.3311
               2.9310676                       5735.1348
               2.9329934                       5494.9604
               2.9349192                       5237.4575
                2.936845                        4963.377
               2.9387708                       4673.6221
               2.9406966                       4369.1406
               2.9426224                       4050.7947
               2.9445482                        3719.575
                2.946474                       3376.6704
               2.9483998                       3023.1372
               2.9503256                       2659.9622
               2.9522514                       2288.3918
               2.9541772                       1909.7438
                2.956103                       1525.1521
               2.9580288                       1135.7899
               2.9599546                       743.00336
               2.9618804                       348.06076
               2.9638062                      -47.832497
                2.965732                      -443.29462
               2.9676578                      -836.97028
               2.9695836                      -1227.7334
               2.9715094                      -1614.3918
               2.9734352                      -1995.5771
                2.975361                      -2369.9971
               2.9772868                      -2736.5078
               2.9792126                      -3094.0222
               2.9811384                      -3441.4067
               2.9830642                      -3777.4861
                 2.98499                       -4101.208
               2.9869158                      -4411.6396
               2.9888416                      -4707.8052
               2.9907674                      -4988.7422
               2.9926932                      -5253.6489
                2.994619                      -5501.8096
               2.9965448                      -5732.4424
               2.9984706                      -5944.8394

